"DG.34_2","DG.38_4","DG.32_2","DG.40_2","DG.36_2","DG.36_0","DG.32_0","DG.36_4","DG.35_0","DG.42_2","DG.34_0","DG.40_6","DG.40_4","DG.38_2","DG.38_6","DG.38_0","DG.40_0","DG.39_4","DG.44_2","DG.37_0","DG.41_0","DG.42_4","DG.42_0","DG.33_0","DG.44_6","DG.30_2","DG.39_2","DG.35_2","DG.37_4","DG.39_0","lysoPC.16_0","lysoPC.18_2","lysoPC.17_0","lysoPC.20_4","lysoPC.22_6","lysoPC.18_0","lysoPC.22_0","lysoPC.20_0","lysoPC.14_0","lysoPC.20_2","lysoPC.25_0","lysoPC.23_0","lysoPC.19_0","lysoPC.15_0","lysoPC.26_0","lysoPC.24_0","lysoPE.22_6","lysoPE.20_4","lysoPE.22_4","lysoPE.18_2","lysoPE.16_0","lysoPE.18_0","lysoPE.24_4","lysoPE.20_2","lysoPE.14_0","MG.20_0","MG.16_0","MG.17_0","MG.18_0","MG.22_0","MG.20_4","MG.18_2","MG.19_0","MG.21_0","MG.23_0","PC.31_0","PC.36_2","PC.44_2","PC.32_2","PC.40_2","PC.29_0","PC.38_4","PC.43_2","PC.42_2","PC.35_0","PC.28_0","PC.37_4","PC.40_6","PC.48_4","PC.33_2","PC.37_0","PC.38_6","PC.33_0","PC.32_0","PC.39_6","PC.38_2","PC.40_8","PC.35_4","PC.15_0","PC.35_2","PC.46_6","PC.41_2","PC.44_4","PC.44_12","PC.34_4","PC.40_4","PC.39_8","PC.38_8","PC.39_4","PC.34_2","PC.37_2","PC.42_4","PC.43_4","PC.46_4","PC.32_4","PC.45_4","plasmenyl.PC.18_0","plasmenyl.PC.22_0","plasmenyl.PC.24_0","PE.36_2","PE.38_4","PE.40_6","PE.36_4","PE.38_2","PE.42_2","PE.34_2","PE.21_4","PE.40_2","PE.40_4","PE.19_2","PE.23_4","PE.35_2","PE.17_0","PE.38_6","PE.32_2","plasmenyl.PE.38_4","plasmenyl.PE.18_0","plasmenyl.PE.34_2","plasmenyl.PE.20_0","plasmenyl.PE.40_6","plasmenyl.PE.36_2","plasmenyl.PE.38_6","plasmenyl.PE.22_0","plasmenyl.PE.38_2","plasmenyl.PE.40_4","plasmenyl.PE.42_4","plasmenyl.PE.40_2","SM.38_2","SM.41_2","SM.34_2","SM.40_2","SM.42_4","SM.36_2","SM.44_2","SM.40_4","SM.42_2","SM.43_2","SM.36_0","SM.35_2","SM.32_0","SM.33_2","SM.37_2","TG.52_4","TG.51_4","TG.46_2","TG.50_2","TG.56_8","TG.55_2","TG.53_6","TG.52_6","TG.58_4","TG.54_6","TG.54_2","TG.56_2","TG.53_2","TG.56_4","TG.56_6","TG.44_2","TG.60_4","TG.48_2","TG.51_2","TG.42_0","TG.49_2","TG.54_8","TG.50_4","TG.54_4","TG.49_4","TG.50_0","TG.42_2","TG.52_2","TG.58_2","TG.53_4","TG.60_2","TG.48_0","TG.55_4","TG.58_6","TG.53_0","TG.58_8","TG.59_2","TG.46_0","TG.62_4","TG.57_2","TG.57_4","TG.51_6","TG.55_6","TG.40_0","CL.74_4","CL.72_4","CL.68_2","CL.78_4","CL.78_0","CL.78_12","CL.76_2","CL.66_2","CL.78_2","CL.70_4","PA.38_2","PA.40_4","PA.43_6","PA.36_2","PA.39_2","PA.20_2","PA.35_2","PA.42_4","PA.39_4","PA.38_4","PA.37_2","PA.39_0","PA.40_6","PA.34_2","PG.36_0","PG.36_4","PG.38_6","PG.32_0","PG.40_8","PG.36_2","PI.36_4","PI.38_6","PI.36_2","PI.34_2","PI.37_4","PI.40_6","PI.39_4","PI.40_4","PS.38_4","PS.36_2","PS.40_2","PS.44_10","PS.34_2","PS.42_2","PS.42_8","PS.35_2","PS.40_4","PS.44_2","PS.38_6","PS.44_12","PS.42_4","PS.38_2","PS.36_4","PS.39_4","PS.37_4"
1,-0.692273497581482,0.952654778957367,-0.440147399902344,0.0906020998954773,0.0487081632018089,0.200819209218025,0.310734361410141,0.229556992650032,-0.66587096452713,0.0708015486598015,-0.041762039065361,-0.73361748456955,-0.283817678689957,-0.0437437295913696,0.0443935059010983,-0.399500578641891,0.0457979366183281,-0.722974002361298,0.162975117564201,0.312727451324463,-0.419740974903107,-0.728910684585571,0.321373701095581,0.239050015807152,0.841121017932892,-0.168079778552055,0.652911484241486,-0.389648228883743,0.267868608236313,-0.336445182561874,-0.314176380634308,-0.448792785406113,0.096361979842186,0.0110657084733248,-0.382571130990982,-0.544823586940765,-0.591032743453979,-0.273894101381302,-0.520713567733765,-0.710258364677429,-0.713840007781982,0.487636148929596,-0.408977806568146,-0.689955234527588,-0.557197332382202,-0.284689992666245,-0.329747140407562,-0.524060189723969,-0.490115195512772,-0.440346866846085,0.0427850149571896,-0.593819141387939,-0.345545053482056,-0.366302490234375,-0.409904837608337,-0.570241987705231,-0.0447423346340656,-0.113327696919441,-0.532965064048767,-0.722446620464325,-0.576445519924164,0.0462810024619102,-0.587934851646423,-0.480939984321594,-0.767268478870392,-0.634049892425537,-0.734623849391937,-0.453172296285629,-0.789670646190643,-0.659269034862518,-0.347138613462448,-0.731717526912689,-0.73829048871994,-0.781189620494843,-0.447444826364517,-0.371131122112274,0.506244480609894,-0.593811333179474,-0.825459897518158,-0.618891000747681,-0.131683498620987,-0.810648858547211,-0.527833163738251,-0.106166400015354,-0.408824115991592,0.308553427457809,0.224109917879105,-0.0192040093243122,-0.636062324047089,-0.457257032394409,-0.794842004776001,-0.580204546451569,-0.0780215263366699,-0.420206040143967,-0.566368162631989,0.0230260975658894,0.183892428874969,0.279105365276337,0.053498137742281,-0.380199491977692,-0.689221262931824,0.30146712064743,-0.351509541273117,0.0777191966772079,-0.388910621404648,-0.425160944461823,-0.151434883475304,-0.133894979953766,-0.741284608840942,-0.677045881748199,-0.117851614952087,-0.810933113098145,-0.59632819890976,-0.776438534259796,-0.505667746067047,-0.4084292948246,-0.695296943187714,-0.687206745147705,-0.399005085229874,-0.413337588310242,-0.573978841304779,-0.628549098968506,-0.132453784346581,-0.505976736545563,-0.698654532432556,-0.308754920959473,-0.460119009017944,-0.618398070335388,-0.880989670753479,-0.336556673049927,-0.866828918457031,-0.629045784473419,-0.699042856693268,-0.733671963214874,-0.869098484516144,-0.481717079877853,-0.666381537914276,-0.711420178413391,-0.468389838933945,-0.379096508026123,-0.702761828899384,-0.79633891582489,-0.62497091293335,-0.518279433250427,-0.421307474374771,-0.712106645107269,0.0159641895443201,-0.809835076332092,-0.314127027988434,-0.478411763906479,-0.673279345035553,0.505499005317688,0.633441507816315,0.960577130317688,0.367551475763321,-0.0222309287637472,0.816443026065826,-0.0567250773310661,0.704080820083618,0.837710559368134,0.0307262577116489,0.0444851890206337,0.846163630485535,0.506794989109039,0.597612380981445,-0.207472234964371,0.970769882202148,0.819108843803406,0.773375153541565,0.43185093998909,0.922976136207581,0.460757821798325,0.587290227413177,0.721055328845978,-0.211703509092331,0.883049488067627,0.353208601474762,0.934783637523651,-0.159695938229561,0.788628935813904,0.0588799528777599,0.629396080970764,0.51040905714035,0.485235512256622,0.0480232425034046,0.5074263215065,-0.406989276409149,0.852699816226959,0.794744908809662,0.677012741565704,0.730780124664307,0.281568765640259,-0.0907760113477707,0.493631571531296,0.85862410068512,-0.682630956172943,-0.515341699123383,0.222337797284126,-0.4068563580513,-0.431453615427017,0.0676698163151741,0.187514081597328,-0.475887089967728,0.109986297786236,-0.287343263626099,-0.265863209962845,0.0431659109890461,0.243587672710419,0.17908576130867,0.229431003332138,0.0513369217514992,-0.0336371436715126,-0.172538697719574,0.492018043994904,0.282658666372299,0.38254451751709,0.47468438744545,0.00184615608304739,0.315477460622787,-0.528937697410583,0.594816505908966,-0.190714403986931,-0.462971806526184,-0.249801084399223,0.572530508041382,0.495641618967056,0.335631608963013,0.368228226900101,0.246430560946465,0.724050760269165,0.524783968925476,0.70624577999115,0.322498500347137,0.436511337757111,-0.0147581351920962,0.405193269252777,0.330900698900223,0.387496113777161,0.819512546062469,0.387799859046936,-0.318121701478958,-0.306608885526657,-0.106254234910011,0.73286759853363,0.294460594654083,0.40420264005661,0.0297430958598852,-0.202430576086044,-0.210122317075729,0.716126203536987
-0.692273497581482,1,-0.713374853134155,0.746310174465179,-0.391039937734604,-0.147705629467964,-0.600917160511017,0.260048031806946,-0.653731346130371,0.920877277851105,-0.478203564882278,0.0079741207882762,0.851095795631409,0.450175315141678,0.55752170085907,-0.36148390173912,0.0796026885509491,0.424269437789917,0.852395594120026,-0.676661908626556,-0.478685587644577,0.562194049358368,0.725565433502197,-0.755273997783661,-0.281040132045746,-0.715240299701691,-0.214825198054314,-0.579838395118713,0.0941457897424698,-0.44964000582695,0.736016511917114,0.724450826644897,0.199558734893799,0.411006093025208,0.427409797906876,0.775580048561096,0.877449572086334,0.845382809638977,0.694305658340454,0.792032420635223,0.920147657394409,0.901820600032806,-0.290382444858551,0.51400887966156,0.617585599422455,0.858695149421692,0.711316049098969,0.787030339241028,0.875688076019287,0.831821441650391,0.848039150238037,0.087451234459877,0.815116226673126,0.762302041053772,0.649303078651428,0.00184773735236377,0.220929861068726,-0.159215688705444,-0.143116667866707,0.73451691865921,0.82764083147049,0.411805361509323,-0.347986847162247,0.131941229104996,0.230649098753929,0.705715417861938,0.660097122192383,0.896483659744263,0.79993337392807,0.774639546871185,0.860833406448364,0.198568642139435,0.799657225608826,0.603989362716675,0.851834297180176,0.736979067325592,0.102167390286922,-0.750477135181427,0.783139705657959,0.768666863441467,0.525026857852936,-0.424915164709091,0.805810511112213,0.427636027336121,-0.162636980414391,0.334833055734634,-0.549542188644409,-0.533524513244629,-0.270199745893478,0.319341033697128,0.440413177013397,0.601172626018524,0.404158532619476,0.605560600757599,0.725807905197144,0.0959782600402832,0.257496654987335,-0.729479014873505,-0.203319951891899,-0.591489732265472,0.162594377994537,0.554241597652435,-0.54993724822998,0.67472517490387,0.0127313863486052,0.85514634847641,0.777782678604126,0.536783039569855,0.543387949466705,0.792484939098358,0.676617920398712,-0.292755335569382,0.712577760219574,0.816351115703583,0.693683505058289,0.657889485359192,0.277405709028244,0.851003527641296,0.159547343850136,0.635396063327789,0.146966323256493,0.11218474060297,0.439062714576721,-0.238308638334274,0.603430390357971,0.682537734508514,0.722280144691467,0.326849520206451,0.877574682235718,0.656342327594757,0.635072350502014,0.585919141769409,0.702280044555664,0.418052434921265,0.90743499994278,0.81929737329483,0.77057808637619,0.200283274054527,0.897069990634918,0.214545875787735,0.417413949966431,0.478107124567032,0.82478803396225,0.643366813659668,0.285575181245804,0.771387815475464,0.897939383983612,-0.0251344311982393,0.86936891078949,0.598477244377136,0.429580241441727,0.72300398349762,-0.61711859703064,-0.722963273525238,-0.768961489200592,-0.53561931848526,-0.536042034626007,-0.867607295513153,-0.381072551012039,-0.726035058498383,-0.787388801574707,-0.137056961655617,-0.0358765237033367,-0.842727541923523,-0.79062020778656,-0.857698261737823,-0.416623562574387,-0.748521208763123,-0.704479217529297,-0.730739057064056,-0.64735472202301,-0.844457805156708,-0.561878442764282,-0.705870926380157,-0.408417850732803,-0.204064086079597,-0.868969023227692,-0.650339126586914,-0.782860577106476,-0.0562496408820152,-0.721168041229248,-0.515804886817932,-0.523305535316467,-0.573959410190582,-0.652167320251465,-0.66709840297699,-0.630353808403015,-0.0309003107249737,-0.898766756057739,-0.767378151416779,-0.69286447763443,-0.71363639831543,-0.418948650360107,-0.408314347267151,-0.694607615470886,-0.700036525726318,0.705689072608948,0.368902534246445,-0.587634384632111,0.560953319072723,0.16341695189476,-0.270919531583786,-0.748809337615967,0.624294459819794,0.0736926347017288,0.374249190092087,-0.191144809126854,-0.492413491010666,-0.459557294845581,-0.240707904100418,-0.0974914133548737,-0.557440042495728,0.359874606132507,-0.161982804536819,-0.435678452253342,-0.328705281019211,-0.10814805328846,-0.519390404224396,0.126979693770409,0.00142980413511395,0.156732961535454,-0.369330585002899,0.53501957654953,0.668282091617584,0.53407484292984,-0.520556449890137,-0.21689273416996,-0.0914699211716652,-0.396167814731598,-0.194804951548576,-0.71969211101532,-0.462590336799622,-0.548473358154297,-0.0915661528706551,-0.183330193161964,0.188264638185501,-0.397071003913879,-0.193309172987938,-0.238793611526489,-0.750897228717804,-0.203990459442139,-0.112311437726021,0.44937190413475,-0.200248226523399,-0.867356061935425,-0.563010573387146,-0.47105085849762,0.0488136559724808,0.221081331372261,0.626827299594879,-0.629621386528015
0.952654778957367,-0.713374853134155,1,-0.352071821689606,0.125042289495468,0.233143374323845,0.306012809276581,0.387450128793716,0.285701125860214,-0.609714567661285,0.197633683681488,0.0558866895735264,-0.61474871635437,-0.170819967985153,-0.0635410249233246,0.169963121414185,-0.260759204626083,0.0871158912777901,-0.622363150119781,0.271487325429916,0.372397601604462,-0.303044110536575,-0.761259257793427,0.350522041320801,0.141012698411942,0.934778451919556,-0.0733330026268959,0.748132765293121,-0.243045568466187,0.370393663644791,-0.35137003660202,-0.343232721090317,-0.29587984085083,0.114526435732841,0.0675808116793633,-0.424526244401932,-0.558885991573334,-0.568617165088654,-0.33552211523056,-0.602625370025635,-0.662968039512634,-0.632216989994049,0.625928640365601,-0.321749031543732,-0.634627163410187,-0.577388763427734,-0.272477000951767,-0.339692264795303,-0.51870322227478,-0.536690711975098,-0.458634912967682,0.080992192029953,-0.568120896816254,-0.302022159099579,-0.402284055948257,-0.213669687509537,-0.41274106502533,0.119021743535995,0.0146567020565271,-0.406097829341888,-0.663370728492737,-0.583519279956818,0.0913774818181992,-0.438681304454803,-0.393962353467941,-0.654767572879791,-0.587794423103333,-0.652165710926056,-0.445828348398209,-0.725814044475555,-0.605721354484558,-0.217995017766953,-0.645954012870789,-0.609802186489105,-0.70702052116394,-0.429646700620651,-0.328627288341522,0.622882902622223,-0.659718871116638,-0.865187287330627,-0.496899843215942,-0.107565641403198,-0.701764285564423,-0.404685378074646,0.0793821662664413,-0.271703392267227,0.262328565120697,0.154309526085854,0.180763155221939,-0.528699457645416,-0.386234909296036,-0.658398866653442,-0.432849287986755,-0.222345814108849,-0.585620939731598,-0.392342120409012,0.199930593371391,0.228486403822899,0.120566740632057,0.048997551202774,-0.142879351973534,-0.642599701881409,0.243387266993523,-0.475176334381104,0.246286794543266,-0.436026304960251,-0.477421939373016,-0.319356322288513,-0.196870371699333,-0.641965568065643,-0.550994575023651,0.0463405549526215,-0.738089978694916,-0.624740779399872,-0.741228520870209,-0.364911407232285,-0.381962060928345,-0.601873934268951,-0.595882952213287,-0.321358442306519,-0.291596472263336,-0.488859206438065,-0.522896528244019,-0.0405759029090405,-0.324424028396606,-0.604562401771545,-0.309341043233871,-0.246015504002571,-0.592132091522217,-0.739101469516754,-0.210336625576019,-0.776890993118286,-0.539957284927368,-0.644010126590729,-0.677713930606842,-0.773641109466553,-0.460357636213303,-0.507105052471161,-0.604035496711731,-0.298549860715866,-0.169676318764687,-0.580844759941101,-0.794246673583984,-0.558642029762268,-0.546870410442352,-0.416050642728806,-0.639002799987793,0.0217226352542639,-0.774613082408905,-0.389462530612946,-0.37683442234993,-0.657661080360413,0.435051172971725,0.464793920516968,0.957191288471222,0.345690280199051,-0.110082745552063,0.733027696609497,-0.170615777373314,0.565916121006012,0.719870269298553,-0.177329242229462,-0.16183078289032,0.813787877559662,0.388584971427917,0.523403823375702,-0.270694643259048,0.968984842300415,0.780772686004639,0.773139894008636,0.348846733570099,0.950927376747131,0.402144342660904,0.448021292686462,0.675320327281952,-0.238618701696396,0.816637635231018,0.341319501399994,0.968179404735565,-0.0802945345640182,0.7435422539711,-0.0852952376008034,0.536578238010406,0.443530917167664,0.406528413295746,0.00459664827212691,0.335816115140915,-0.473243713378906,0.796103298664093,0.758470714092255,0.604963660240173,0.684764683246613,0.260201960802078,-0.148697704076767,0.345814198255539,0.912014961242676,-0.665469229221344,-0.436245411634445,0.216417297720909,-0.264498889446259,-0.256738364696503,0.337523758411407,0.260944306850433,-0.304894030094147,-0.0540540665388107,-0.0659229829907417,-0.320238351821899,-0.00533910933881998,0.263704359531403,0.11010979861021,0.258455008268356,0.0808531194925308,-0.0493596121668816,-0.0767862349748611,0.56446772813797,0.155629262328148,0.343808323144913,0.523555755615234,-0.127675533294678,0.158755004405975,-0.423659652471542,0.561158716678619,-0.131337270140648,-0.482106000185013,-0.364336520433426,0.351989597082138,0.433687597513199,0.275205940008163,0.383569896221161,0.195198059082031,0.695689260959625,0.476629078388214,0.696795880794525,0.281202137470245,0.417925924062729,-0.0902751162648201,0.444982767105103,0.290442764759064,0.419121623039246,0.838143169879913,0.350845634937286,-0.415944814682007,-0.352034211158752,-0.0758880823850632,0.684324026107788,0.337966293096542,0.333895325660706,0.0477822236716747,-0.217005625367165,-0.297973215579987,0.674402713775635
-0.440147399902344,0.746310174465179,-0.352071821689606,1,-0.475753366947174,-0.186551570892334,-0.598764955997467,0.329627424478531,-0.756951510906219,0.683897972106934,-0.549545228481293,-0.223779395222664,0.633825421333313,0.248184099793434,0.341092258691788,-0.460887223482132,-0.123732656240463,0.34990331530571,0.862562417984009,-0.6010901927948,-0.575367867946625,0.490212798118591,0.173614293336868,-0.777128517627716,-0.722813606262207,-0.321430444717407,-0.335880756378174,-0.380696266889572,-0.063265323638916,-0.484496265649796,0.623235762119293,0.705880522727966,-0.109468720853329,0.444821774959564,0.52677184343338,0.585243284702301,0.699414610862732,0.694929182529449,0.634441196918488,0.713144063949585,0.638691127300262,0.736082673072815,-0.184352248907089,0.482801556587219,0.419201195240021,0.651443064212799,0.774948418140411,0.751094996929169,0.832555592060089,0.72980272769928,0.896619617938995,0.49984484910965,0.813087522983551,0.821257472038269,0.594742655754089,-0.0224791932851076,0.0154731944203377,-0.231685638427734,-0.287345290184021,0.761134088039398,0.689470946788788,-0.062248982489109,-0.479202479124069,-0.122923508286476,-0.00783740542829037,0.492579728364944,0.299127370119095,0.793907761573792,0.944778800010681,0.388859868049622,0.752399444580078,0.00956360995769501,0.543029069900513,0.360371828079224,0.610004127025604,0.740130126476288,-0.24911005795002,-0.522497594356537,0.595085024833679,0.343025088310242,0.44924458861351,-0.588463962078094,0.731149852275848,0.163403898477554,-0.0625244677066803,0.240785747766495,-0.61915111541748,-0.390870481729507,-0.207828387618065,0.0600153580307961,-0.00423896731808782,0.352941244840622,0.172566786408424,0.551393091678619,0.569227278232574,0.115205869078636,0.600820779800415,-0.686458230018616,-0.325513899326324,-0.648417949676514,0.303110629320145,0.0703633576631546,-0.662891626358032,0.286374539136887,0.480211138725281,0.853358447551727,0.691301345825195,0.497480899095535,0.435485571622849,0.536817729473114,0.417789578437805,-0.261969447135925,0.402387946844101,0.80753231048584,0.361999213695526,0.921791970729828,-0.0878578349947929,0.630436956882477,-0.180724591016769,0.300843477249146,-0.0911460891366005,-0.14536714553833,0.0783569812774658,-0.371537685394287,0.900938093662262,0.31708174943924,0.800002336502075,0.39859876036644,0.86495304107666,0.449166029691696,0.563275218009949,0.265041202306747,0.770495235919952,0.239019155502319,0.636216998100281,0.598293840885162,0.880898177623749,0.159370735287666,0.81612354516983,0.179810762405396,0.702782511711121,0.454274594783783,0.486290067434311,0.486622422933578,-0.249323785305023,0.730039536952972,0.689248144626617,-0.0320543274283409,0.589272677898407,0.509546220302582,0.468345671892166,0.735084533691406,-0.187470078468323,-0.613995909690857,-0.498626440763474,-0.174568444490433,-0.652188658714294,-0.739629030227661,-0.461716443300247,-0.656238913536072,-0.616121232509613,-0.316350966691971,-0.212022006511688,-0.633768439292908,-0.728592038154602,-0.77856832742691,-0.640590727329254,-0.511184394359589,-0.624401390552521,-0.318557858467102,-0.498273521661758,-0.587426364421844,-0.337152242660522,-0.724234223365784,-0.0811915248632431,-0.21373325586319,-0.585843503475189,-0.576710343360901,-0.532450556755066,0.0425560064613819,-0.618125975131989,-0.575025320053101,-0.475379526615143,-0.453936040401459,-0.491994291543961,-0.76255989074707,-0.822403967380524,-0.415849924087524,-0.788555800914764,-0.544171988964081,-0.720654129981995,-0.683948636054993,-0.527407109737396,-0.428526103496552,-0.699169814586639,-0.4824338555336,0.617831945419312,0.520172357559204,-0.486807137727737,0.939646542072296,0.562027215957642,0.329405307769775,-0.549628674983978,0.925663888454437,0.0285117272287607,0.704065978527069,-0.334472119808197,-0.590431690216064,-0.667746424674988,-0.264128088951111,-0.0216717831790447,-0.535939514636993,0.768772721290588,-0.260430604219437,0.0163574069738388,-0.530858099460602,0.349043369293213,-0.343343675136566,-0.209427252411842,-0.0695256888866425,0.280974626541138,-0.23690989613533,0.791992604732513,0.331298321485519,0.496075391769409,-0.630774199962616,-0.307507932186127,-0.261916846036911,-0.652689576148987,-0.409001976251602,-0.799067199230194,-0.63884699344635,-0.651257395744324,-0.275430500507355,-0.383758246898651,-0.277025669813156,-0.504446983337402,-0.455051809549332,-0.179803162813187,-0.697245419025421,-0.360087931156158,-0.463770419359207,0.181074663996696,-0.624970197677612,-0.571594297885895,-0.579367697238922,-0.322861939668655,0.0776247382164001,-0.114551976323128,0.375473976135254,-0.643602430820465
0.0906020998954773,-0.391039937734604,0.125042289495468,-0.475753366947174,1,0.701729297637939,0.738307416439056,0.097578652203083,0.675556361675262,-0.303928047418594,0.75828891992569,0.615661025047302,-0.177150279283524,-0.018198162317276,0.143585056066513,0.74986058473587,0.542338132858276,-0.0732757821679115,-0.324990123510361,0.684354484081268,0.730135977268219,0.235323965549469,-0.031702533364296,0.694389462471008,0.135385558009148,0.389029532670975,0.385513603687286,0.668043494224548,0.027835076674819,0.484860688447952,-0.652442872524261,-0.1402827501297,0.524428009986877,-0.268675923347473,-0.0549748763442039,-0.329828649759293,-0.458164006471634,-0.422715395689011,-0.652227938175201,-0.33717280626297,-0.185581147670746,-0.31386798620224,0.52498060464859,-0.440772593021393,0.00950878113508224,-0.481835663318634,-0.483351647853851,-0.495109856128693,-0.506999731063843,-0.34090518951416,-0.543401420116425,-0.632119178771973,-0.534917950630188,-0.624818563461304,-0.61649489402771,0.580860316753387,0.553705453872681,0.689967095851898,0.533658564090729,-0.113019421696663,-0.416685461997986,0.558206737041473,0.59098494052887,0.461946159601212,0.575721681118011,0.0566159375011921,0.224401831626892,-0.398596704006195,-0.45710289478302,-0.0185078550130129,-0.305663079023361,0.617166578769684,-0.0130038261413574,-0.0894050970673561,-0.473120391368866,-0.64063549041748,0.497284978628159,0.672544300556183,-0.0664695054292679,-0.0616713017225266,-0.0487749651074409,0.542009711265564,-0.181356236338615,0.272127687931061,0.171283841133118,0.292682021856308,0.77825391292572,-0.255052655935287,0.73862212896347,0.323300749063492,0.0341544225811958,0.187144443392754,0.530766367912292,-0.795743346214294,-0.635893225669861,0.226988330483437,0.0271324459463358,0.314926952123642,-0.0715252831578255,0.464180499315262,0.0104180639609694,0.164325967431068,0.316237837076187,0.174458876252174,-0.288515537977219,-0.438594430685043,-0.466830015182495,-0.767476797103882,-0.506000816822052,0.026857852935791,0.0706491619348526,0.548136413097382,0.186138719320297,-0.504758358001709,-0.186144545674324,-0.338380336761475,0.648431956768036,0.0253603886812925,0.289309233427048,-0.214694201946259,0.447119474411011,0.70153421163559,0.3372403383255,0.680694043636322,-0.488845586776733,0.116116397082806,-0.471895754337311,0.17268793284893,-0.476079940795898,-0.0359217077493668,0.0152939213439822,0.212176769971848,-0.481756687164307,-0.227444738149643,-0.249352648854256,-0.0945266038179398,-0.733820021152496,0.273894399404526,-0.365197569131851,0.574901342391968,-0.486627966165543,0.146259143948555,-0.167184457182884,-0.451393723487854,0.446781665086746,-0.386397033929825,-0.4625284075737,0.0236428342759609,-0.037356860935688,-0.560003221035004,0.256773352622986,-0.137145355343819,-0.230070665478706,0.0561303459107876,0.0195452738553286,-0.31570041179657,0.454592704772949,0.326449066400528,0.423764169216156,0.279116362333298,-0.0258742794394493,0.441985815763474,0.206643760204315,0.456180065870285,0.324060618877411,0.313615292310715,0.566386461257935,0.072118803858757,0.294112682342529,-0.258512794971466,-0.120236895978451,0.302110701799393,-0.311268121004105,0.451771587133408,-0.490068763494492,0.59229701757431,0.101889252662659,0.678893983364105,0.315017729997635,-0.370543926954269,0.325579553842545,0.353478819131851,0.369741350412369,-0.187240391969681,-0.101157240569592,0.506039440631866,0.280291229486465,0.603686332702637,0.416796684265137,-0.012728113681078,0.542396724224091,0.550868690013885,0.0223383381962776,-0.170647352933884,0.186698958277702,0.424022525548935,0.210366681218147,0.068719282746315,0.12296923995018,-0.537384212017059,0.182926565408707,-0.0171377677470446,0.550770998001099,-0.356577426195145,0.159500971436501,0.13053959608078,0.28023761510849,0.217769905924797,-0.0442711487412453,-0.178141191601753,0.747292220592499,0.62680321931839,-0.642637073993683,0.643500685691833,0.556930482387543,-0.174140751361847,0.0489892363548279,0.856041312217712,-0.601764023303986,-0.781465172767639,0.432743489742279,-0.47671103477478,-0.830514490604401,0.351666212081909,-0.0961353927850723,0.203962236642838,-0.373744159936905,-0.409359216690063,0.118033803999424,-0.175417527556419,0.24406586587429,-0.128397777676582,0.120743729174137,-0.291610300540924,-0.190524443984032,-0.219471901655197,0.0859796702861786,-0.018055772408843,-0.467818439006805,0.216840133070946,-0.171099543571472,0.269554853439331,-0.701989114284515,0.629072964191437,-0.0155468704178929,0.156060799956322,0.218863666057587,-0.411931693553925,0.0279074069112539,-0.773173630237579,0.025408448651433
0.0487081632018089,-0.147705629467964,0.233143374323845,-0.186551570892334,0.701729297637939,1,0.722049534320831,0.472182065248489,0.607527077198029,0.114030241966248,0.815957069396973,0.873219013214111,0.293651729822159,0.369950592517853,0.414411544799805,0.865541577339172,0.771871745586395,0.329238057136536,0.00974411889910698,0.597832500934601,0.779318153858185,0.470308184623718,0.101731449365616,0.48724228143692,0.183043539524078,0.449350416660309,0.543378710746765,0.745758533477783,0.453949868679047,0.710333824157715,-0.37392657995224,-0.136772021651268,0.828653991222382,-0.0379054732620716,0.125329732894897,-0.216872066259384,-0.256510853767395,-0.195420518517494,-0.526299238204956,-0.452592581510544,0.152931824326515,0.0446254573762417,0.784779071807861,-0.149752095341682,0.240665301680565,-0.288744509220123,-0.294158548116684,-0.286248296499252,-0.301612466573715,-0.313181400299072,-0.397706985473633,-0.576932013034821,-0.359884828329086,-0.286037862300873,-0.51975804567337,0.762306272983551,0.755544722080231,0.919165372848511,0.788085341453552,0.219040617346764,-0.164383545517921,0.527514457702637,0.555192112922668,0.611194491386414,0.676550090312958,0.364307343959808,0.462271004915237,-0.0489842742681503,-0.331266790628433,0.310005068778992,-0.0551721900701523,0.845308661460876,0.335846185684204,0.283579111099243,-0.0676436051726341,-0.416755139827728,0.610493540763855,0.667030811309814,-0.206341296434402,0.000422332464950159,0.323470264673233,0.382093906402588,0.107027135789394,0.641262292861938,0.560232400894165,0.650027811527252,0.405472427606583,-0.490814507007599,0.917341351509094,0.543759405612946,0.473732262849808,0.498200505971909,0.76562774181366,-0.724997997283936,-0.710081875324249,0.442622929811478,0.402785658836365,0.195871815085411,-0.212738454341888,0.215094730257988,0.527345657348633,0.414091914892197,0.189786329865456,0.102118521928787,0.112536139786243,-0.325519472360611,-0.420735090970993,-0.798273801803589,-0.403731852769852,0.375350564718246,0.491643935441971,0.722930550575256,0.349698483943939,-0.482059419155121,0.0848255008459091,-0.0712495818734169,0.682174563407898,0.359366834163666,0.404106199741364,0.363834887742996,0.713893711566925,0.630951762199402,0.62081253528595,0.724601924419403,-0.030313404276967,0.489895820617676,-0.337758183479309,0.616293787956238,-0.285872429609299,0.26213014125824,0.403391361236572,0.381812125444412,-0.256096661090851,-0.0633259415626526,0.102049447596073,0.173492074012756,-0.498207867145538,0.408048838376999,0.0814898461103439,0.760105431079865,0.0756926015019417,0.278669357299805,-0.0375688076019287,-0.13767671585083,0.380310416221619,-0.239048093557358,0.0143050886690617,0.192738860845566,0.165423512458801,-0.571713984012604,0.318761110305786,-0.202161759138107,-0.582854747772217,-0.411768615245819,0.0773998349905014,-0.429880976676941,-0.0981653407216072,-0.0216237604618073,-0.199266508221626,-0.184215873479843,-0.277391701936722,-0.267303377389908,-0.418398797512054,0.179474845528603,-0.173516198992729,-0.00320379459299147,0.0837124884128571,0.13707534968853,0.274142116308212,-0.257623970508575,-0.335107088088989,0.313321769237518,-0.392427355051041,-0.0634709522128105,-0.453151613473892,0.209366232156754,-0.129626244306564,0.395735144615173,0.358023077249527,-0.0750197395682335,0.0959025993943214,-0.287999093532562,-0.00832347944378853,-0.234158113598824,-0.289551645517349,0.0764948278665543,-0.0756702050566673,0.269747018814087,0.144734442234039,-0.0411092825233936,0.206350520253181,0.280193686485291,0.14652019739151,-0.498848140239716,-0.223502963781357,0.476395398378372,0.150993183255196,0.0757426097989082,-0.0555797107517719,-0.218547537922859,0.193307280540466,0.289948999881744,0.279032677412033,0.061080202460289,-0.164278924465179,0.476063191890717,-0.0207941625267267,-0.00809418596327305,0.08137396723032,-0.148391902446747,0.55816239118576,0.32178008556366,-0.634381353855133,0.694236695766449,0.408577084541321,-0.208437159657478,-0.162059754133224,0.617444396018982,-0.503914356231689,-0.695695877075195,0.336575120687485,-0.343429207801819,-0.486095994710922,0.434173434972763,-0.390985161066055,-0.265559703111649,-0.254283666610718,-0.269333183765411,0.287460893392563,-0.165581703186035,0.237781330943108,-0.041600190103054,0.254823237657547,-0.146996155381203,0.0511380024254322,-0.0523698255419731,0.210001900792122,0.0536691546440125,-0.212934121489525,0.301665931940079,-0.082012765109539,-0.176817074418068,-0.418163567781448,0.665736198425293,-0.265624821186066,0.0975727364420891,-0.0202926062047482,-0.333899617195129,0.0709421634674072,-0.51153165102005,0.0837789326906204
0.200819209218025,-0.600917160511017,0.306012809276581,-0.598764955997467,0.738307416439056,0.722049534320831,1,-0.154877230525017,0.967983067035675,-0.443412780761719,0.974990725517273,0.73628032207489,-0.239819422364235,-0.159832358360291,-0.0980325862765312,0.946820497512817,0.68777471780777,-0.253317207098007,-0.457845628261566,0.971368014812469,0.889755368232727,-0.196836948394775,-0.284545332193375,0.941702246665955,0.486994743347168,0.440667986869812,0.753508567810059,0.702858150005341,0.434781402349472,0.846700072288513,-0.810229063034058,-0.679064333438873,0.549325406551361,-0.545279145240784,-0.458735466003418,-0.764918744564056,-0.800357818603516,-0.741280138492584,-0.879647970199585,-0.799306988716125,-0.421560525894165,-0.533404171466827,0.427762895822525,-0.515978932380676,0.03426294028759,-0.80392849445343,-0.815216600894928,-0.837325692176819,-0.820877969264984,-0.815645396709442,-0.834567129611969,-0.714246153831482,-0.823821008205414,-0.824086427688599,-0.85502552986145,0.721639454364777,0.594950497150421,0.836638987064362,0.784022152423859,-0.276449054479599,-0.611718535423279,0.313496351242065,0.871367156505585,0.53228485584259,0.626715958118439,-0.101511023938656,0.0413235053420067,-0.592498421669006,-0.746947169303894,-0.111445754766464,-0.644259095191956,0.617826521396637,-0.160940408706665,-0.16727901995182,-0.497302651405334,-0.856217682361603,0.649336755275726,0.915736138820648,-0.639660000801086,-0.24833881855011,0.122605435550213,0.841155827045441,-0.356425762176514,0.305652260780334,0.589830338954926,0.447505950927734,0.774517476558685,0.206016883254051,0.841951608657837,0.460438281297684,0.124675989151001,0.14303457736969,0.390636444091797,-0.943727910518646,-0.774687767028809,0.515403985977173,-0.153941825032234,0.710361897945404,0.187789395451546,0.810155093669891,0.393643587827682,0.0802814513444901,0.691745042800903,-0.276124686002731,0.166686952114105,-0.711261928081512,-0.874980807304382,-0.799046099185944,-0.735921263694763,-0.155563682317734,0.00279365363530815,0.876285433769226,-0.110104978084564,-0.850317537784576,-0.188256591558456,-0.562975108623505,0.527992486953735,-0.204661354422569,0.470653146505356,-0.00419627083465457,0.676996231079102,0.609647154808044,0.298715740442276,0.865745067596436,-0.379311800003052,0.0423282086849213,-0.840018153190613,0.301898628473282,-0.781749129295349,-0.137154385447502,-0.306241691112518,0.126341134309769,-0.71700257062912,-0.183872133493423,-0.465943515300751,-0.307929188013077,-0.863309860229492,0.289038956165314,-0.437826603651047,0.525789797306061,-0.247030839323997,-0.0375353433191776,-0.501483619213104,-0.579666614532471,0.167160242795944,-0.796857535839081,-0.446556508541107,0.466501593589783,-0.280226320028305,-0.875896275043488,-0.145482674241066,-0.471960961818695,-0.0395367480814457,0.216562509536743,0.283770203590393,0.16158951818943,0.505344748497009,0.372172951698303,0.321689039468765,0.248744934797287,0.231881141662598,0.00983260665088892,-0.275049388408661,0.449339777231216,0.479996383190155,0.6313716173172,0.612235963344574,0.290618747472763,0.481455862522125,0.138754174113274,0.306178718805313,0.511073112487793,0.142122700810432,0.39428848028183,-0.256741553544998,0.568654298782349,0.336163610219955,0.837140023708344,0.45829364657402,0.163489058613777,0.207943886518478,0.372873425483704,-0.018034715205431,0.23415119946003,0.281186312437057,0.692764639854431,0.4284787774086,0.585517346858978,0.469310194253922,0.377318859100342,0.364877820014954,0.425669342279434,0.594946265220642,0.0745920762419701,0.456474423408508,0.426738768815994,-0.109381996095181,0.150371104478836,0.580352663993835,-0.519066274166107,0.0535690300166607,0.220537379384041,0.80610603094101,-0.317767262458801,0.137770935893059,-0.0385181531310081,0.545009791851044,0.650586128234863,0.283742994070053,0.344797044992447,0.228177919983864,0.810568630695343,-0.70999413728714,0.868279278278351,0.450111925601959,0.327304363250732,-0.0903667807579041,0.580348789691925,-0.319309800863266,-0.448269605636597,0.434984236955643,-0.343443602323532,-0.815625309944153,0.0260826721787453,-0.72276771068573,0.265560299158096,-0.374621003866196,-0.420675545930862,0.190427333116531,-0.296329528093338,0.355675131082535,-0.00568728847429156,0.211419388651848,-0.362664580345154,-0.170166224241257,-0.336850374937057,0.0611083470284939,-0.161516547203064,-0.346446394920349,0.381358236074448,-0.287672877311707,-0.0618909671902657,-0.626291215419769,0.629911959171295,0.190432697534561,0.303962498903275,0.531065881252289,-0.596753358840942,-0.345078259706497,-0.843223690986633,0.217557549476624
0.310734361410141,0.260048031806946,0.387450128793716,0.329627424478531,0.097578652203083,0.472182065248489,-0.154877230525017,1,-0.275918483734131,0.379535138607025,-0.0809324532747269,0.306264936923981,0.33894544839859,0.543250381946564,0.724004924297333,0.0253450609743595,-0.0105966543778777,0.745480954647064,0.234468758106232,-0.325818032026291,0.107494473457336,0.639964282512665,0.0951893478631973,-0.34112074971199,-0.223280608654022,0.448833703994751,-0.301947981119156,0.472015351057053,-0.183523535728455,0.0229443088173866,0.342516213655472,0.557000815868378,0.193174466490746,0.701789379119873,0.774601101875305,0.481273412704468,0.376800984144211,0.354138940572739,0.276167571544647,0.179999798536301,0.383403718471527,0.369277477264404,0.760457336902618,0.217480540275574,-0.0383210331201553,0.323475778102875,0.496140480041504,0.508059203624725,0.3717160820961,0.372013330459595,0.334939897060394,0.0451390072703362,0.234860956668854,0.464408785104752,0.181634813547134,-0.0373173393309116,0.015846798196435,0.221619307994843,0.0224789641797543,0.449923574924469,0.180783838033676,0.0635211765766144,-0.22586427628994,-0.132628083229065,-0.0278965178877115,0.211553573608398,0.265977263450623,0.290452122688293,0.305429577827454,0.15592922270298,0.373773574829102,0.238862961530685,0.291340589523315,0.136688187718391,0.115469180047512,0.267496585845947,-0.142174780368805,0.0260100718587637,0.258868783712387,-0.0973240286111832,-0.0120528610423207,-0.586238384246826,0.16995944082737,0.204834029078484,-0.0788372457027435,0.158783495426178,-0.172451093792915,-0.794355511665344,0.204389005899429,-0.147996678948402,0.195161074399948,0.0913273692131042,0.278176158666611,0.173584640026093,-0.146540999412537,-0.334630310535431,0.717845380306244,-0.600831627845764,-0.344273447990417,-0.673087418079376,0.0123714497312903,0.0742803737521172,-0.444848507642746,0.368950098752975,0.0560664162039757,0.356638342142105,0.325597018003464,-0.121186815202236,0.334913551807404,0.328368812799454,0.304684966802597,-0.167408645153046,0.190589427947998,0.131089106202126,-0.0736199766397476,0.355024784803391,0.123036339879036,0.439244240522385,-0.419156193733215,0.337516099214554,-0.0486948490142822,-0.173397690057755,0.126929432153702,-0.148322209715843,0.186258763074875,0.253339976072311,0.459439396858215,0.211799368262291,0.290548712015152,0.0364180989563465,0.754885673522949,-0.0812349393963814,0.182151719927788,-0.30161190032959,0.339241057634354,0.16496154665947,0.165030002593994,-0.206639736890793,0.312765777111053,0.158648982644081,0.169153392314911,0.0291258934885263,0.13812755048275,0.116180203855038,-0.0101326368749142,0.463621973991394,0.219708159565926,-0.227750271558762,0.190309658646584,0.161016583442688,0.328677207231522,0.066134549677372,-0.481180101633072,-0.48685023188591,0.191809698939323,-0.589660942554474,-0.747061789035797,-0.0942798107862473,-0.634683549404144,-0.176287770271301,-0.24513541162014,-0.275198310613632,-0.149557247757912,0.110949374735355,-0.544855952262878,-0.47708997130394,-0.736584424972534,0.274774879217148,0.146300971508026,-0.173655062913895,-0.632752299308777,0.213721126317978,-0.510554134845734,-0.238723829388618,0.0693619102239609,-0.470108658075333,-0.15810614824295,-0.283842802047729,0.347949475049973,-0.437454372644424,0.222614318132401,-0.780396521091461,0.27967780828476,-0.398872673511505,-0.531531631946564,-0.749505460262299,-0.393517553806305,-0.495162457227707,0.00748059106990695,-0.158933386206627,0.149867087602615,0.212216153740883,-0.388514310121536,-0.849117398262024,-0.584293007850647,0.492357939481735,0.119719631969929,-0.201446190476418,-0.630134224891663,0.177616104483604,-0.0214043091982603,0.106119200587273,-0.51647812128067,0.274180710315704,-0.156791105866432,0.552228093147278,-0.748528361320496,-0.758705079555511,-0.21089118719101,-0.491387039422989,0.617669820785522,-0.486430406570435,0.072917602956295,-0.159092932939529,0.307453334331512,-0.510908603668213,0.178585484623909,0.382091194391251,-0.287049561738968,-0.231233432888985,-0.266484200954437,0.130481958389282,0.243590071797371,0.409783184528351,0.286316275596619,-0.324932962656021,0.262665003538132,0.221846893429756,0.198024436831474,0.129925176501274,0.133620634675026,0.080034576356411,0.34084165096283,0.306155890226364,0.38874688744545,0.228387042880058,0.288937151432037,0.320879966020584,0.195953145623207,0.254135817289352,0.315591126680374,-0.417225807905197,-0.0494634546339512,-0.00749175157397985,-0.30635479092598,-0.15650600194931,-0.360478699207306,0.178695738315582,0.289985299110413,0.211263328790665,0.0894512087106705
0.229556992650032,-0.653731346130371,0.285701125860214,-0.756951510906219,0.675556361675262,0.607527077198029,0.967983067035675,-0.275918483734131,1,-0.502193868160248,0.941024005413055,0.659380257129669,-0.329423636198044,-0.228544890880585,-0.170640677213669,0.896456837654114,0.631514489650726,-0.294267177581787,-0.570939540863037,0.951602697372437,0.878911435604095,-0.320657223463058,-0.231687933206558,0.966665983200073,0.638109564781189,0.37316769361496,0.766766607761383,0.615470886230469,0.453350275754929,0.846563994884491,-0.827269017696381,-0.789424300193787,0.493037402629852,-0.627560198307037,-0.594204843044281,-0.803201079368591,-0.836356699466705,-0.791658043861389,-0.896277964115143,-0.856626331806183,-0.48295584321022,-0.617906272411346,0.318428725004196,-0.567266941070557,-0.0126200309023261,-0.822575688362122,-0.904561579227448,-0.903506517410278,-0.89416915178299,-0.875471532344818,-0.924440085887909,-0.72892826795578,-0.887127161026001,-0.899331033229828,-0.866902470588684,0.592478215694427,0.50012081861496,0.725897789001465,0.753426909446716,-0.453406274318695,-0.674310922622681,0.299588114023209,0.84044361114502,0.477689206600189,0.537433981895447,-0.174487933516502,-0.00429208157584071,-0.669494807720184,-0.861797392368317,-0.138377785682678,-0.715492784976959,0.513613820075989,-0.233612343668938,-0.185238853096962,-0.520355761051178,-0.899268746376038,0.65285861492157,0.851735711097717,-0.699695825576782,-0.224787384271622,0.0504743941128254,0.887725174427032,-0.450805008411407,0.254819005727768,0.550590574741364,0.344232350587845,0.756589889526367,0.311400592327118,0.70681232213974,0.422193795442581,0.168092429637909,0.0658525452017784,0.274018943309784,-0.891912758350372,-0.727941989898682,0.446435183286667,-0.324211686849594,0.802861273288727,0.308016687631607,0.869724273681641,0.287569254636765,0.105067327618599,0.79328852891922,-0.288173675537109,0.0168554466217756,-0.814511656761169,-0.914486229419708,-0.730925679206848,-0.744836926460266,-0.237288996577263,-0.0670707523822784,0.811223328113556,-0.171853616833687,-0.907155215740204,-0.167222857475281,-0.726763665676117,0.473873138427734,-0.328023254871368,0.500187337398529,-0.0361188761889935,0.622054696083069,0.552610754966736,0.26846045255661,0.833409011363983,-0.529703497886658,-0.00389887229539454,-0.930438816547394,0.172038346529007,-0.865015625953674,-0.195229694247246,-0.439822614192963,0.0836665630340576,-0.786783635616302,-0.131330236792564,-0.515588581562042,-0.378226071596146,-0.922155976295471,0.236928358674049,-0.538666188716888,0.388135015964508,-0.351368457078934,-0.120095081627369,-0.5025834441185,-0.556996941566467,0.236376643180847,-0.871047556400299,-0.489591300487518,0.456447929143906,-0.344838410615921,-0.86681866645813,-0.253580749034882,-0.602206408977509,0.00262310192920268,0.336644202470779,0.332095831632614,0.212594777345657,0.584758520126343,0.444555878639221,0.362690567970276,0.321960538625717,0.341103553771973,0.049771249294281,-0.220182955265045,0.458894371986389,0.568274915218353,0.723307967185974,0.688675165176392,0.330333262681961,0.551416516304016,0.193357676267624,0.428673416376114,0.529856145381927,0.255248993635178,0.463251739740372,-0.220156937837601,0.542219042778015,0.401568055152893,0.832990884780884,0.461158722639084,0.215222537517548,0.254794150590897,0.462631821632385,0.0256013087928295,0.364786714315414,0.404339909553528,0.788369476795197,0.597400844097137,0.617782294750214,0.539401888847351,0.463835567235947,0.412704825401306,0.448800384998322,0.694964110851288,0.200618922710419,0.577047884464264,0.409859985113144,-0.258945375680923,-0.0110405422747135,0.616667449474335,-0.678264200687408,-0.121612198650837,0.0570294894278049,0.783730566501617,-0.494086056947708,0.107190005481243,-0.25656521320343,0.577219307422638,0.738715589046478,0.420625150203705,0.430705100297928,0.0981718823313713,0.787534534931183,-0.802595198154449,0.796974122524261,0.289887517690659,0.479973644018173,-0.20754399895668,0.471646428108215,-0.15259163081646,-0.287780821323395,0.290486186742783,-0.216401055455208,-0.872400283813477,-0.0584257170557976,-0.770737111568451,0.380162179470062,-0.241592928767204,-0.28371798992157,0.324525326490402,-0.148658707737923,0.48538613319397,0.167242661118507,0.315514028072357,-0.243993982672691,-0.0519419275224209,-0.177821576595306,0.141964867711067,-0.0375713966786861,-0.245312228798866,0.461123079061508,-0.167141497135162,0.0747843086719513,-0.485154896974564,0.705586731433868,0.293900460004807,0.361934572458267,0.520984947681427,-0.537444710731506,-0.258585214614868,-0.750713348388672,0.358575105667114
-0.66587096452713,0.920877277851105,-0.609714567661285,0.683897972106934,-0.303928047418594,0.114030241966248,-0.443412780761719,0.379535138607025,-0.502193868160248,1,-0.26811870932579,0.157268792390823,0.950662910938263,0.493946760892868,0.649673938751221,-0.147991478443146,0.315336585044861,0.646548986434937,0.906306803226471,-0.522339522838593,-0.257329761981964,0.725474536418915,0.778349280357361,-0.679207384586334,-0.262449592351913,-0.551828384399414,0.0151071920990944,-0.3930344581604,0.37595146894455,-0.180270582437515,0.609540164470673,0.590064764022827,0.426180005073547,0.312354445457458,0.3676578104496,0.66029304265976,0.801584124565125,0.783929944038391,0.493567109107971,0.573211789131165,0.984330058097839,0.915570259094238,-0.108814142644405,0.433423459529877,0.743560910224915,0.777894914150238,0.588103592395782,0.679813206195831,0.776126742362976,0.701565444469452,0.695914924144745,0.078065387904644,0.728595077991486,0.703956127166748,0.465873211622238,0.13485112786293,0.388006150722504,0.00755328359082341,0.132352247834206,0.676292300224304,0.752364337444305,0.503497004508972,-0.345526665449142,0.232868045568466,0.317021280527115,0.877555072307587,0.815726697444916,0.931468605995178,0.699736773967743,0.901451647281647,0.897944033145905,0.396935135126114,0.938022077083588,0.818590819835663,0.877612709999084,0.62896865606308,0.26915118098259,-0.589019358158112,0.640628755092621,0.80173397064209,0.700318038463593,-0.334198772907257,0.900726616382599,0.68181037902832,0.147442474961281,0.537451982498169,-0.628890812397003,-0.673596739768982,-0.0880827084183693,0.502663493156433,0.690455734729767,0.771025657653809,0.568051993846893,0.440079867839813,0.524821579456329,0.282759159803391,0.469337731599808,-0.560801208019257,-0.206084743142128,-0.55854469537735,0.417331725358963,0.735221028327942,-0.455711156129837,0.647507905960083,0.0381010361015797,0.654221177101135,0.616365849971771,0.357649683952332,0.335676550865173,0.930991351604462,0.878716766834259,-0.0678867176175117,0.825979471206665,0.658021748065948,0.831956624984741,0.653200924396515,0.383997231721878,0.89205276966095,0.316150188446045,0.717162311077118,0.325006604194641,0.228359594941139,0.664061546325684,-0.036992508918047,0.660538375377655,0.85473108291626,0.587889671325684,0.593061983585358,0.797465443611145,0.78883558511734,0.72094988822937,0.712277591228485,0.700861275196075,0.593012630939484,0.978983640670776,0.903719305992126,0.67225706577301,0.432578593492508,0.96045184135437,0.420285701751709,0.604697942733765,0.660416781902313,0.868717968463898,0.779747724533081,0.433615118265152,0.674768388271332,0.964752554893494,0.0324648693203926,0.923935651779175,0.393064230680466,0.602015376091003,0.512706995010376,-0.770580589771271,-0.871012270450592,-0.675158023834229,-0.59430456161499,-0.685312628746033,-0.929443597793579,-0.623197853565216,-0.898163795471191,-0.857354819774628,-0.415998697280884,-0.33304288983345,-0.86850780248642,-0.93508917093277,-0.889250457286835,-0.485029458999634,-0.66361927986145,-0.539190471172333,-0.699079990386963,-0.658545017242432,-0.708363652229309,-0.537723183631897,-0.873544156551361,-0.533822774887085,-0.202202722430229,-0.891950249671936,-0.589943170547485,-0.644974768161774,0.118295356631279,-0.731858134269714,-0.707194268703461,-0.562196791172028,-0.485462486743927,-0.615479171276093,-0.673612594604492,-0.621858775615692,-0.100832737982273,-0.875295102596283,-0.676156759262085,-0.728951930999756,-0.735099136829376,-0.323535650968552,-0.562105000019073,-0.804472327232361,-0.521044373512268,0.588277995586395,0.217558115720749,-0.702096998691559,0.511198282241821,0.253985852003098,-0.109727956354618,-0.746654033660889,0.679479718208313,-0.182723104953766,0.534227967262268,-0.329384237527847,-0.543926060199738,-0.392933398485184,-0.240691736340523,-0.0492597632110119,-0.61978554725647,0.147739812731743,-0.0529565773904324,-0.400292426347733,-0.381936639547348,-0.206947848200798,-0.462004244327545,-0.023268623277545,-0.110301315784454,0.161163493990898,-0.26555660367012,0.474022179841995,0.69385290145874,0.325375884771347,-0.714296340942383,-0.184375733137131,-0.0773110762238503,-0.190447866916656,-0.134249523282051,-0.541652798652649,-0.333632469177246,-0.400549650192261,-0.0549932047724724,-0.0691380351781845,0.286523640155792,-0.272517472505569,-0.102831706404686,-0.135060399770737,-0.581591367721558,-0.127594277262688,-0.140120536088943,0.534739911556244,0.0455259829759598,-0.831386744976044,-0.58321213722229,-0.619333982467651,0.0592212788760662,0.356948912143707,0.564583957195282,-0.427012860774994
0.0708015486598015,-0.478203564882278,0.197633683681488,-0.549545228481293,0.75828891992569,0.815957069396973,0.974990725517273,-0.0809324532747269,0.941024005413055,-0.26811870932579,1,0.800505757331848,-0.0635444894433022,-0.0431404933333397,0.0136614553630352,0.985966086387634,0.808054864406586,-0.110477186739445,-0.317275375127792,0.933430850505829,0.907096326351166,-0.0138760851696134,-0.0947993919253349,0.867198705673218,0.45963928103447,0.369464248418808,0.805947005748749,0.672114014625549,0.555172204971313,0.868610203266144,-0.74737423658371,-0.607803285121918,0.707280516624451,-0.52195155620575,-0.410453647375107,-0.665749728679657,-0.677577197551727,-0.614048838615417,-0.855569958686829,-0.749372363090515,-0.237659946084023,-0.374821275472641,0.45957887172699,-0.454705119132996,0.174469977617264,-0.681992471218109,-0.757937073707581,-0.757371604442596,-0.724237084388733,-0.721358001232147,-0.780723392963409,-0.726670801639557,-0.725526928901672,-0.742691993713379,-0.818134963512421,0.78627747297287,0.721193969249725,0.884108006954193,0.87202525138855,-0.194324061274529,-0.495504289865494,0.464260458946228,0.818442821502686,0.636299252510071,0.708607256412506,0.0976587682962418,0.230008482933044,-0.433362126350403,-0.687545716762543,0.0842298269271851,-0.47894948720932,0.739071547985077,0.0308532398194075,0.0445836149156094,-0.343137681484222,-0.783657133579254,0.747328639030457,0.847714066505432,-0.537705659866333,-0.085070826113224,0.252337753772736,0.826426923274994,-0.18611703813076,0.485860407352448,0.660386741161346,0.561557292938232,0.674285709857941,0.0384501218795776,0.881043314933777,0.595634698867798,0.318036317825317,0.326715111732483,0.550696551799774,-0.940037369728088,-0.760319769382477,0.597550749778748,-0.0569806694984436,0.668822526931763,0.121011838316917,0.735405504703522,0.486706733703613,0.282593846321106,0.629705011844635,-0.157985180616379,0.0928817540407181,-0.683052062988281,-0.804228365421295,-0.822627007961273,-0.727541208267212,0.0415883846580982,0.203619405627251,0.911398828029633,0.0883680507540703,-0.781145930290222,-0.00973070412874222,-0.477404952049255,0.641426861286163,-0.0427489876747131,0.595136761665344,0.113774158060551,0.774101912975311,0.717592000961304,0.490042418241501,0.917359828948975,-0.307878345251083,0.240795478224754,-0.785158574581146,0.441777467727661,-0.675955176353455,0.05184655636549,-0.156241074204445,0.302549570798874,-0.597723305225372,-0.0287336204200983,-0.278351873159409,-0.119477644562721,-0.805143773555756,0.436831057071686,-0.285079658031464,0.651333272457123,-0.152222365140915,0.128213047981262,-0.313379228115082,-0.401350110769272,0.344130903482437,-0.701399087905884,-0.288957387208939,0.428626358509064,-0.105059027671814,-0.846636235713959,0.0154585782438517,-0.43437248468399,-0.233641028404236,0.0306989699602127,0.165574535727501,-0.00319361640140414,0.401400089263916,0.219367101788521,0.20373871922493,0.0767195671796799,0.053675502538681,-0.0764953643083572,-0.347882807254791,0.309198826551437,0.303230881690979,0.473871320486069,0.567276954650879,0.178013473749161,0.417053639888763,-0.0157569907605648,0.166761353611946,0.409691333770752,0.0169767569750547,0.238313123583794,-0.418107390403748,0.544915795326233,0.161446139216423,0.751954615116119,0.369646668434143,0.180131360888481,0.113629505038261,0.240871727466583,-0.0739739015698433,0.141366422176361,0.160946607589722,0.61769163608551,0.34272301197052,0.594452261924744,0.347435653209686,0.251543343067169,0.279147058725357,0.331550091505051,0.532724440097809,-0.0283897798508406,0.291857987642288,0.382483124732971,-0.0408673621714115,0.115777723491192,0.421450883150101,-0.497809916734695,0.102376893162727,0.202591136097908,0.694413959980011,-0.24640454351902,0.0131004108116031,0.0633140876889229,0.461066961288452,0.546098589897156,0.266931772232056,0.255089104175568,0.261897951364517,0.712095022201538,-0.79267954826355,0.883389472961426,0.362673878669739,0.22521835565567,-0.202625140547752,0.54053658246994,-0.358995974063873,-0.534079134464264,0.452698022127151,-0.371102064847946,-0.795798420906067,0.156863778829575,-0.693623125553131,0.101338647305965,-0.379048824310303,-0.404713064432144,0.254108637571335,-0.251397848129272,0.335354119539261,0.000709476938936859,0.202887192368507,-0.329691290855408,-0.128040492534637,-0.217722803354263,0.0914213061332703,-0.104997679591179,-0.335447400808334,0.336590051651001,-0.250165820121765,0.000112148212792818,-0.512121140956879,0.752934634685516,0.055230014026165,0.241540938615799,0.352810621261597,-0.550838768482208,-0.184849932789803,-0.768407106399536,0.198199450969696
-0.041762039065361,0.0079741207882762,0.0558866895735264,-0.223779395222664,0.615661025047302,0.873219013214111,0.73628032207489,0.306264936923981,0.659380257129669,0.157268792390823,0.800505757331848,1,0.331314533948898,0.313439130783081,0.48506635427475,0.878486692905426,0.808525264263153,0.18853871524334,-0.0232613496482372,0.573862969875336,0.784734487533569,0.241827979683876,0.189286440610886,0.540948092937469,0.488936990499496,0.179369136691093,0.622414112091064,0.592995285987854,0.479876309633255,0.71791011095047,-0.332339435815811,-0.193598821759224,0.819981396198273,-0.111927650868893,-0.0306041017174721,-0.231883078813553,-0.266522645950317,-0.235450088977814,-0.465973287820816,-0.405830770730972,0.182773679494858,0.02821871265769,0.568682849407196,-0.196209892630577,0.349244147539139,-0.289732187986374,-0.366740971803665,-0.325482249259949,-0.320501536130905,-0.33923327922821,-0.373664379119873,-0.858671605587006,-0.426821351051331,-0.359331160783768,-0.512276351451874,0.772420287132263,0.790049254894257,0.942282557487488,0.809662282466888,0.239740446209908,-0.156432077288628,0.645126044750214,0.776694715023041,0.65091472864151,0.845361828804016,0.313663840293884,0.517292141914368,-0.0958723500370979,-0.358684867620468,0.388773828744888,-0.158436208963394,0.882803618907928,0.355283617973328,0.16911593079567,-0.0159364975988865,-0.46741595864296,0.783574104309082,0.579444825649261,-0.209443867206573,0.142791673541069,0.388717412948608,0.529028296470642,0.0418193116784096,0.648178696632385,0.48802387714386,0.724464654922485,0.548469483852386,-0.310163736343384,0.832955420017242,0.644680082798004,0.517087161540985,0.509520947933197,0.749033451080322,-0.624992549419403,-0.482056438922882,0.454690754413605,0.0816645175218582,0.161560535430908,0.035033468157053,0.367764264345169,0.471322000026703,0.469552546739578,0.36438575387001,0.234513789415359,0.151385337114334,-0.191715613007545,-0.434845119714737,-0.612163007259369,-0.338974148035049,0.367910414934158,0.477725803852081,0.72909551858902,0.319286018610001,-0.489563405513763,0.157460555434227,-0.254901468753815,0.827913522720337,0.402823895215988,0.495797246694565,0.575148046016693,0.855835139751434,0.673193633556366,0.635507702827454,0.782331943511963,-0.122793793678284,0.540779232978821,-0.412987232208252,0.511155903339386,-0.32670584321022,0.192174181342125,0.253265351057053,0.432610511779785,-0.424896538257599,-0.124348945915699,0.106159366667271,0.139797151088715,-0.52468878030777,0.268578559160233,0.0919895768165588,0.695434272289276,-0.0875624790787697,0.124933615326881,-0.0578945241868496,-0.286751270294189,0.383953630924225,-0.322760760784149,0.0943845137953758,0.46373525261879,0.226964086294174,-0.567053437232971,0.0615321882069111,-0.136829942464828,-0.612156629562378,-0.296153366565704,-0.0388919860124588,-0.354810744524002,0.0442125834524632,-0.0702792033553123,-0.0421459712088108,-0.137414321303368,-0.225433424115181,-0.123984776437283,-0.335265070199966,0.0749277472496033,-0.0530220083892345,0.102146312594414,0.232305333018303,0.0204568821936846,0.210600391030312,-0.344478875398636,-0.230301290750504,0.165265619754791,-0.341918110847473,0.0244887862354517,-0.468937933444977,0.310048520565033,-0.163247019052505,0.462030678987503,0.187503322958946,-0.0291513353586197,-0.0734605938196182,-0.117537930607796,-0.224497526884079,-0.189958289265633,-0.240321964025497,0.161028489470482,0.0656677335500717,0.538105845451355,0.0483356118202209,-0.0561238266527653,0.115910552442074,0.188878163695335,0.382681220769882,-0.404289603233337,-0.0194544922560453,0.230388596653938,0.282253503799438,0.270483523607254,0.154073119163513,-0.310534685850143,-0.0411955080926418,-0.0258875824511051,0.273184061050415,-0.0189856309443712,0.201971769332886,0.213245555758476,0.300507038831711,0.255728095769882,0.0956471115350723,0.14174684882164,0.349349230527878,0.444938957691193,-0.643605172634125,0.842419743537903,0.254038482904434,0.136434465646744,-0.206335470080376,0.435608476400375,-0.220364779233932,-0.481416672468185,0.396632969379425,-0.546312987804413,-0.580528855323792,0.5746990442276,-0.445956081151962,-0.00865916162729263,-0.382058382034302,-0.361948132514954,0.134210765361786,-0.338355988264084,0.0898956432938576,-0.159666463732719,0.121447540819645,-0.273637473583221,-0.0709694921970367,-0.0860668942332268,-0.00544677721336484,-0.101779371500015,-0.435263782739639,0.130053803324699,-0.270786494016647,-0.259017825126648,-0.422082871198654,0.645678579807281,-0.416422069072723,0.0271054022014141,0.247140660881996,-0.596812546253204,-0.14844685792923,-0.443512588739395,-0.0504587776958942
-0.73361748456955,0.851095795631409,-0.61474871635437,0.633825421333313,-0.177150279283524,0.293651729822159,-0.239819422364235,0.33894544839859,-0.329423636198044,0.950662910938263,-0.0635444894433022,0.331314533948898,1,0.625806093215942,0.544340431690216,0.0440596044063568,0.467890292406082,0.498194307088852,0.869368374347687,-0.32765719294548,-0.160475596785545,0.718332707881927,0.755251109600067,-0.508704662322998,-0.203266352415085,-0.529440820217133,0.122765973210335,-0.317535102367401,0.470530360937119,-0.0802677795290947,0.552964329719543,0.499090582132339,0.6134073138237,0.300131171941757,0.368809908628464,0.578590571880341,0.714153349399567,0.740898370742798,0.40245395898819,0.465105086565018,0.948512315750122,0.922704637050629,0.00492811482399702,0.523299694061279,0.72596949338913,0.696431338787079,0.515079140663147,0.583015322685242,0.689613163471222,0.58402156829834,0.584262251853943,-0.0614708326756954,0.657664060592651,0.62618499994278,0.406991183757782,0.401294231414795,0.592487454414368,0.246204510331154,0.257518857717514,0.782381772994995,0.783455908298492,0.554454922676086,-0.120861083269119,0.494341939687729,0.485577285289764,0.894589364528656,0.810341656208038,0.900350034236908,0.571809053421021,0.924137949943542,0.823866844177246,0.53564989566803,0.935999155044556,0.846562504768372,0.899599492549896,0.566976845264435,0.368665724992752,-0.432542532682419,0.551493287086487,0.738907039165497,0.726832866668701,-0.185238614678383,0.888738453388214,0.741599023342133,0.242003157734871,0.623499274253845,-0.485525697469711,-0.638117432594299,0.164694860577583,0.614920556545258,0.716933608055115,0.870353698730469,0.727363348007202,0.204556316137314,0.315594673156738,0.435565114021301,0.425661742687225,-0.47566893696785,-0.359674096107483,-0.427087187767029,0.558223128318787,0.769067227840424,-0.445356220006943,0.498265266418457,0.133784115314484,0.559681713581085,0.509508311748505,0.113113552331924,0.293764173984528,0.950066268444061,0.921420514583588,0.117871783673763,0.85491406917572,0.55723512172699,0.790609419345856,0.651523292064667,0.474065870046616,0.948557019233704,0.471113651990891,0.802243113517761,0.495159387588501,0.392785400152206,0.747647345066071,0.102396816015244,0.68780791759491,0.907938003540039,0.495739609003067,0.684346199035645,0.721729159355164,0.879555821418762,0.764639973640442,0.797292828559875,0.664764225482941,0.541557788848877,0.945627093315125,0.92862343788147,0.569605112075806,0.517999410629272,0.952228486537933,0.55534154176712,0.619528293609619,0.65731805562973,0.803940057754517,0.703257918357849,0.435875505208969,0.600268959999084,0.943491041660309,0.0450133197009563,0.894962847232819,0.306694179773331,0.551657974720001,0.5511714220047,-0.829865992069244,-0.943025290966034,-0.71404755115509,-0.619299232959747,-0.56216436624527,-0.911284744739532,-0.519514441490173,-0.89262330532074,-0.920056581497192,-0.452712833881378,-0.391838788986206,-0.823018074035645,-0.888641178607941,-0.841823518276215,-0.353956788778305,-0.685364603996277,-0.611501812934875,-0.750755131244659,-0.714268326759338,-0.697947204113007,-0.631078720092773,-0.834760308265686,-0.588435888290405,-0.166926115751266,-0.928548872470856,-0.52253919839859,-0.638020753860474,0.103096432983875,-0.717542231082916,-0.67016476392746,-0.625392913818359,-0.594265699386597,-0.704110741615295,-0.560057520866394,-0.70679098367691,0.0274007134139538,-0.860195100307465,-0.738777637481689,-0.685159981250763,-0.673760771751404,-0.285015344619751,-0.473267793655396,-0.819257438182831,-0.51629626750946,0.627346634864807,0.36114028096199,-0.538369655609131,0.523344755172729,0.306055754423141,0.0378576926887035,-0.540358364582062,0.693293929100037,-0.228728994727135,0.593572378158569,-0.195177510380745,-0.430388599634171,-0.260974198579788,-0.275945484638214,-0.0352461412549019,-0.399821013212204,0.0388337522745132,0.13727380335331,-0.371635258197784,-0.398831695318222,-0.336532294750214,-0.37419319152832,-0.0431396067142487,-0.278826057910919,0.29220575094223,-0.414487063884735,0.38792285323143,0.672672629356384,0.186518788337708,-0.782564282417297,-0.27516958117485,-0.146528139710426,-0.165722101926804,-0.185189723968506,-0.565196752548218,-0.382760852575302,-0.400801658630371,-0.102630294859409,-0.105264164507389,0.201709523797035,-0.212525218725204,-0.133052438497543,-0.179471552371979,-0.565735876560211,-0.185712829232216,-0.143620401620865,0.384483397006989,0.130605801939964,-0.899217665195465,-0.402034223079681,-0.562591791152954,0.0134283052757382,0.289527148008347,0.409374892711639,-0.531703293323517
-0.283817678689957,0.450175315141678,-0.170819967985153,0.248184099793434,-0.018198162317276,0.369950592517853,-0.159832358360291,0.543250381946564,-0.228544890880585,0.493946760892868,-0.0431404933333397,0.313439130783081,0.625806093215942,1,0.248033866286278,0.00406949175521731,0.0875463336706161,0.212286069989204,0.294960916042328,-0.306160598993301,-0.200685173273087,0.546876907348633,0.519168317317963,-0.311472624540329,-0.01777408644557,-0.164046928286552,-0.313944697380066,-0.0847392678260803,-0.0133502762764692,-0.24066686630249,0.664255678653717,0.499127149581909,0.506290555000305,0.753545165061951,0.730333149433136,0.677406370639801,0.610983312129974,0.685863614082336,0.519882678985596,0.329754233360291,0.552118003368378,0.699247300624847,0.484079599380493,0.817129492759705,-0.0435204803943634,0.624552011489868,0.590101838111877,0.597336292266846,0.528370201587677,0.461280822753906,0.357932418584824,-0.109442941844463,0.487602949142456,0.57288920879364,0.560874879360199,0.290043085813522,0.325679272413254,0.314975142478943,-0.0686878338456154,0.726070165634155,0.707124710083008,0.223416045308113,-0.00770897651091218,0.51887035369873,0.146237403154373,0.359147191047668,0.292624443769455,0.537006735801697,0.161300674080849,0.448841601610184,0.500404596328735,0.214589476585388,0.399764835834503,0.459860533475876,0.626685738563538,0.568314909934998,-0.0578711181879044,-0.268557161092758,0.399677723646164,0.133554250001907,-0.0162663031369448,-0.393688291311264,0.33023938536644,0.235005870461464,-0.219992727041245,0.0486945509910583,-0.192400723695755,-0.598073363304138,0.278270661830902,0.0572852082550526,0.399555027484894,0.38738602399826,0.50243866443634,0.0412608459591866,-0.170411258935928,-0.124100394546986,0.198218330740929,-0.576263606548309,-0.787825882434845,-0.541382074356079,0.0723702311515808,0.386040061712265,-0.664716362953186,0.118951953947544,-0.121792681515217,0.337769091129303,0.511467695236206,-0.300913274288177,0.650381088256836,0.490574657917023,0.451360255479813,-0.170699074864388,0.448540836572647,0.333140283823013,0.139317452907562,0.423299342393875,0.146913886070251,0.668063521385193,0.107609555125237,0.640727400779724,0.129339709877968,0.106198452413082,0.335311383008957,-0.206434726715088,0.251354694366455,0.486156463623047,0.511257529258728,0.133917704224586,0.465482950210571,0.530972182750702,0.850753724575043,0.292789816856384,0.471940606832504,-0.0857937708497047,0.570935368537903,0.507601082324982,0.294881224632263,-0.0302529558539391,0.478994637727737,0.130508780479431,0.152647227048874,0.0337669253349304,0.431746870279312,0.373867332935333,0.225385949015617,0.621881544589996,0.474647581577301,-0.498814016580582,0.338307827711105,0.501488327980042,0.114440284669399,0.415940374135971,-0.698147237300873,-0.732469379901886,-0.315057277679443,-0.772603988647461,-0.351290315389633,-0.292555242776871,-0.258766263723373,-0.285724490880966,-0.583679020404816,-0.218724548816681,0.0142471753060818,-0.195712089538574,-0.553837954998016,-0.619385540485382,-0.335976004600525,-0.195041432976723,-0.490650504827499,-0.571496307849884,-0.852531909942627,-0.302957534790039,-0.818428575992584,-0.280239999294281,-0.115651071071625,-0.629524767398834,-0.587084412574768,-0.622438490390778,-0.190973207354546,-0.482596844434738,0.0422769337892532,-0.600716590881348,0.0187596324831247,-0.793811976909637,-0.874704778194427,-0.509924471378326,-0.673072814941406,-0.1291833370924,-0.288470387458801,-0.660361111164093,0.0391837172210217,0.0477041192352772,-0.477127522230148,-0.235242798924446,-0.728284537792206,-0.0600038729608059,0.221447095274925,0.0239346381276846,-0.353513568639755,0.242848575115204,-0.159064590930939,0.0359290018677711,-0.347288966178894,0.197057008743286,-0.42819544672966,0.323226779699326,-0.390984982252121,-0.523784399032593,0.303271412849426,-0.680182993412018,0.199280202388763,-0.2113087028265,-0.0930970087647438,-0.105349369347095,-0.354920536279678,-0.488417506217957,-0.581418633460999,-0.00858530215919018,0.212995544075966,-0.300872057676315,-0.213723197579384,-0.126945599913597,0.299320667982101,0.286183625459671,0.240204006433487,-0.559145271778107,0.291881442070007,0.412785977125168,0.332403600215912,0.372308760881424,-0.0985026061534882,0.118375889956951,0.214140728116035,0.501678347587585,0.463217675685883,0.473130196332932,0.499265283346176,0.477084130048752,0.302160173654556,-0.00654981005936861,0.415658056735992,0.0602022558450699,0.155563965439796,0.118236064910889,-0.6422278881073,0.349137991666794,-0.573608756065369,0.467029094696045,0.497886121273041,0.409348696470261,-0.333641797304153
-0.0437437295913696,0.55752170085907,-0.0635410249233246,0.341092258691788,0.143585056066513,0.414411544799805,-0.0980325862765312,0.724004924297333,-0.170640677213669,0.649673938751221,0.0136614553630352,0.48506635427475,0.544340431690216,0.248033866286278,1,0.170448124408722,0.345320403575897,0.838276088237762,0.464729100465775,-0.268255740404129,0.276299625635147,0.636201798915863,0.426588445901871,-0.304077565670013,-0.0163692887872458,0.0265824776142836,0.0977204889059067,0.278437495231628,0.143675521016121,0.199036121368408,0.177486538887024,0.481556564569473,0.361547768115997,0.271633386611938,0.370249629020691,0.383152216672897,0.37855476140976,0.296692878007889,0.120735347270966,0.250340610742569,0.643845319747925,0.428051203489304,0.344891548156738,-0.122540026903152,0.529407322406769,0.317734062671661,0.270884722471237,0.369823068380356,0.352302223443985,0.391532242298126,0.353416740894318,-0.275293290615082,0.184573814272881,0.289738655090332,-0.0198972839862108,0.0603845827281475,0.282175004482269,0.249450713396072,0.33110898733139,0.370501548051834,0.143361032009125,0.544049441814423,-0.0811628326773643,-0.0472037605941296,0.380639851093292,0.540199756622314,0.721915006637573,0.400879561901093,0.404625624418259,0.552155792713165,0.463933438062668,0.554238021373749,0.653565287590027,0.328444838523865,0.243603423237801,0.0963736400008202,0.376068979501724,-0.0936836525797844,0.389216423034668,0.464841455221176,0.451435714960098,-0.229876264929771,0.426587015390396,0.594393670558929,0.133878633379936,0.570437490940094,-0.121872842311859,-0.761655151844025,0.119038082659245,0.338752418756485,0.510555028915405,0.437797039747238,0.489971429109573,0.237716153264046,0.249954208731651,0.00799822155386209,0.544610559940338,-0.477284967899323,0.145801112055779,-0.400586158037186,0.170377254486084,0.478456199169159,-0.0859633088111877,0.827740669250488,-0.0176802203059196,0.456165611743927,0.247669145464897,0.164076834917068,0.0647168979048729,0.628828883171082,0.61288595199585,0.0562729127705097,0.506873726844788,0.171011179685593,0.417098253965378,0.206393226981163,0.583446085453033,0.624514162540436,-0.024995356798172,0.522934854030609,0.337546855211258,0.188128054141998,0.504749059677124,0.205851018428802,0.16800557076931,0.607539594173431,0.27623462677002,0.437436282634735,0.315596610307693,0.211300149559975,0.562924146652222,0.34508740901947,0.0765353739261627,0.0807290971279144,0.560573279857635,0.404787659645081,0.140206098556519,0.0947716310620308,0.506204783916473,0.435982465744019,0.146719306707382,0.34601154923439,0.413494408130646,0.197141975164413,0.364746481180191,0.31822869181633,0.476735264062881,0.249378442764282,0.605459690093994,-0.0305244904011488,0.482498377561569,0.113380715250969,-0.677106499671936,-0.492542594671249,-0.166155323386192,-0.568569421768188,-0.646287143230438,-0.437149554491043,-0.577305972576141,-0.447117567062378,-0.415233910083771,-0.154826432466507,-0.213961720466614,-0.290722697973251,-0.591353356838226,-0.477458983659744,-0.469651818275452,-0.130013018846512,0.108411617577076,-0.453713953495026,-0.483404725790024,-0.11487140506506,-0.419236093759537,-0.403683990240097,-0.394317090511322,0.00705105066299438,-0.397497713565826,-0.0644505172967911,-0.0286983754485846,-0.134138986468315,-0.283858954906464,-0.584671318531036,-0.134538874030113,-0.249233260750771,-0.38606858253479,-0.572850286960602,-0.149272099137306,-0.0346912741661072,-0.314418882131577,-0.231806129217148,-0.217397168278694,-0.181067004799843,-0.0950162708759308,-0.927630245685577,-0.428541123867035,0.0922879949212074,0.457069396972656,0.0176067724823952,-0.639363586902618,0.0407976321876049,0.0299750287085772,-0.298279404640198,-0.603038430213928,0.321179687976837,0.221170336008072,0.430719941854477,-0.357098907232285,-0.468938171863556,-0.507330596446991,-0.0792784467339516,0.45219025015831,-0.447029501199722,-0.0811119750142097,0.163272947072983,0.169863522052765,-0.205194354057312,0.209715440869331,0.143630608916283,-0.288780599832535,-0.166578948497772,0.0816056877374649,-0.22600468993187,0.00195610243827105,0.844992935657501,0.239808976650238,-0.188543289899826,-0.16762039065361,-0.176661819219589,-0.0888761952519417,-0.243720769882202,-0.129700124263763,-0.226648464798927,-0.0500284247100353,-0.12278600782156,-0.00065596291096881,0.157794922590256,-0.227692738175392,-0.0518661849200726,-0.308669835329056,-0.146106272935867,-0.121001109480858,-0.378076642751694,0.0730149447917938,0.219583541154861,-0.558878719806671,-0.643540859222412,-0.202722653746605,-0.312104880809784,0.162773460149765,0.192866787314415,-0.040738683193922
0.0443935059010983,-0.36148390173912,0.169963121414185,-0.460887223482132,0.74986058473587,0.865541577339172,0.946820497512817,0.0253450609743595,0.896456837654114,-0.147991478443146,0.985966086387634,0.878486692905426,0.0440596044063568,0.00406949175521731,0.170448124408722,1,0.85849392414093,0.00685799634084105,-0.22078064084053,0.87698632478714,0.927138328552246,0.0730327218770981,-0.0307343229651451,0.802826166152954,0.455347687005997,0.346662849187851,0.816598951816559,0.69152307510376,0.580526292324066,0.88531768321991,-0.693660140037537,-0.522427260875702,0.757528007030487,-0.467602640390396,-0.346887409687042,-0.595507740974426,-0.602611601352692,-0.551189541816711,-0.810260891914368,-0.690826416015625,-0.123066656291485,-0.286768525838852,0.493010342121124,-0.45009571313858,0.271132230758667,-0.616953670978546,-0.695316016674042,-0.681115090847015,-0.646251142024994,-0.647582471370697,-0.696121156215668,-0.769927561283112,-0.676055610179901,-0.673933804035187,-0.79874986410141,0.805256962776184,0.769182145595551,0.923399984836578,0.914132297039032,-0.102245964109898,-0.446917414665222,0.53973001241684,0.815325140953064,0.634249269962311,0.779090762138367,0.185951858758926,0.342416018247604,-0.350741267204285,-0.598774194717407,0.180449724197388,-0.397593170404434,0.824257731437683,0.143294855952263,0.093274287879467,-0.279633074998856,-0.745569288730621,0.803971171379089,0.816910624504089,-0.47115433216095,-0.00553810875862837,0.341447621583939,0.783858120441437,-0.10493778437376,0.576942265033722,0.679606676101685,0.662771284580231,0.646053850650787,-0.0656609758734703,0.894656896591187,0.654808282852173,0.392063826322556,0.403615653514862,0.6276695728302,-0.883922576904297,-0.694774210453033,0.61020815372467,0.021992327645421,0.573369979858398,0.142404139041901,0.667675495147705,0.530644774436951,0.3515744805336,0.605040907859802,-0.0332190059125423,0.131003156304359,-0.575666427612305,-0.749409377574921,-0.773413181304932,-0.695798635482788,0.148655101656914,0.305324673652649,0.918339729309082,0.166917413473129,-0.731973886489868,0.0630490705370903,-0.423256635665894,0.729097127914429,0.0747842192649841,0.591608762741089,0.225073531270027,0.835696756839752,0.739687502384186,0.563612520694733,0.939145684242249,-0.246775835752487,0.341901153326035,-0.722709000110626,0.517468392848969,-0.603951811790466,0.0931629836559296,-0.0635216757655144,0.362320750951767,-0.571916818618774,-0.0202954839915037,-0.177571937441826,-0.0448574349284172,-0.753355264663696,0.443472653627396,-0.178611800074577,0.717734813690186,-0.107384890317917,0.177134320139885,-0.247847601771355,-0.372122436761856,0.373108834028244,-0.638209342956543,-0.186965420842171,0.490396171808243,0.00237277406267822,-0.835521757602692,0.0734887719154358,-0.385244727134705,-0.337575107812881,-0.0573428459465504,0.119929954409599,-0.0783994644880295,0.292270183563232,0.125555962324142,0.11200687289238,-0.00971488654613495,-0.0236073210835457,-0.112522467970848,-0.392636001110077,0.238365530967712,0.200110524892807,0.386669218540192,0.482392817735672,0.137392103672028,0.402941435575485,-0.0920434147119522,0.0873891785740852,0.365189492702484,-0.050103947520256,0.157506763935089,-0.469918787479401,0.539576470851898,0.0828440934419632,0.726195633411407,0.337725937366486,0.171377435326576,0.0361607670783997,0.14240488409996,-0.136581584811211,0.0912623777985573,0.089603379368782,0.510715961456299,0.292411774396896,0.589643120765686,0.265107750892639,0.20008111000061,0.211121991276741,0.272895485162735,0.523593723773956,-0.168619126081467,0.218286737799644,0.361424684524536,0.0557744652032852,0.162862777709961,0.338780581951141,-0.453697293996811,0.111858814954758,0.163997605443001,0.594785392284393,-0.162835583090782,0.0727686807513237,0.137811899185181,0.424722135066986,0.48103329539299,0.176621153950691,0.26006492972374,0.304079324007034,0.643874824047089,-0.771747231483459,0.915026724338531,0.379953771829605,0.205141976475716,-0.163599535822868,0.534068763256073,-0.384044885635376,-0.543954312801361,0.482862591743469,-0.429776519536972,-0.767005443572998,0.294311851263046,-0.657067477703094,0.0652422532439232,-0.426457434892654,-0.448963731527328,0.203047513961792,-0.321366280317307,0.272692680358887,-0.0678113251924515,0.161920219659805,-0.369537472724915,-0.152534306049347,-0.217145085334778,0.024503281340003,-0.146757543087006,-0.400901317596436,0.279203534126282,-0.299826890230179,-0.0935909226536751,-0.501861751079559,0.752987146377563,-0.0588653609156609,0.129957094788551,0.339477092027664,-0.615467667579651,-0.195421919226646,-0.725842893123627,0.153997614979744
-0.399500578641891,0.0796026885509491,-0.260759204626083,-0.123732656240463,0.542338132858276,0.771871745586395,0.68777471780777,-0.0105966543778777,0.631514489650726,0.315336585044861,0.808054864406586,0.808525264263153,0.467890292406082,0.0875463336706161,0.345320403575897,0.85849392414093,1,0.217661574482918,0.259069740772247,0.635603427886963,0.721988320350647,0.352196335792542,0.358277022838593,0.460914731025696,0.267979681491852,-0.0498346276581287,0.872799873352051,0.344820827245712,0.812322080135345,0.745142459869385,-0.450588762760162,-0.303080320358276,0.891446232795715,-0.484776556491852,-0.331230670213699,-0.341558784246445,-0.23516272008419,-0.192520543932915,-0.603011071681976,-0.386103540658951,0.329561144113541,0.129123136401176,0.215425416827202,-0.290619432926178,0.702605783939362,-0.253670334815979,-0.468860030174255,-0.41001084446907,-0.281913071870804,-0.315164148807526,-0.360922306776047,-0.642553925514221,-0.293271034955978,-0.374215811491013,-0.578666687011719,0.835751116275787,0.934538900852203,0.801558494567871,0.947526395320892,0.134224265813828,-0.0814172700047493,0.773739099502563,0.587173998355865,0.728554487228394,0.904964625835419,0.635897219181061,0.72306215763092,0.116259045898914,-0.229698106646538,0.624449908733368,0.0481443293392658,0.94739431142807,0.594415426254272,0.527769029140472,0.163626492023468,-0.441852152347565,0.940704762935638,0.458649277687073,-0.147901892662048,0.469852298498154,0.738093912601471,0.701003313064575,0.38702717423439,0.889831900596619,0.781190991401672,0.899864435195923,0.281209588050842,-0.261974185705185,0.745417714118958,0.94282853603363,0.693182408809662,0.794540047645569,0.839640140533447,-0.64798104763031,-0.336661547422409,0.843082308769226,0.169791981577873,0.40968906879425,0.116608716547489,0.487071573734283,0.750399053096771,0.718038260936737,0.435381263494492,0.245464816689491,0.126871854066849,-0.293264240026474,-0.462199360132217,-0.504465997219086,-0.615548312664032,0.583842694759369,0.709398806095123,0.890046656131744,0.584951758384705,-0.357368856668472,0.552952945232391,-0.0989064648747444,0.867745578289032,0.438946455717087,0.832540988922119,0.458620995283127,0.968178510665894,0.881046116352081,0.877694725990295,0.922214150428772,0.105469919741154,0.728238463401794,-0.47693595290184,0.80535888671875,-0.198079466819763,0.523161351680756,0.143464162945747,0.76577889919281,-0.178753346204758,0.428866267204285,0.286897242069244,0.426812291145325,-0.379081428050995,0.767426431179047,0.285118103027344,0.907853007316589,0.225680530071259,0.592676162719727,0.224243432283401,0.0764411464333534,0.608787775039673,-0.352121263742447,0.286591351032257,0.531677603721619,0.477629631757736,-0.644381940364838,0.4009869992733,-0.112933225929737,-0.603933751583099,-0.416722387075424,-0.300908714532852,-0.243299663066864,0.0632528141140938,-0.381821155548096,-0.105841457843781,-0.48685547709465,-0.443442463874817,-0.278316646814346,-0.539493322372437,-0.284280210733414,-0.208753064274788,-0.0164151769131422,0.361544549465179,-0.307340294122696,0.0736214220523834,-0.412707507610321,-0.109592869877815,-0.083073228597641,-0.194821164011955,-0.301841348409653,-0.786686062812805,0.559354424476624,-0.366485595703125,0.456579983234406,-0.109106823801994,0.362536638975143,-0.432780027389526,-0.0668319836258888,-0.491315066814423,-0.0564410351216793,-0.0940687879920006,0.300257235765457,0.0345801338553429,0.59759533405304,-0.233191981911659,-0.126811742782593,-0.255520939826965,-0.217474490404129,0.386870592832565,-0.290955424308777,-0.106613375246525,-0.0417423956096172,0.349375069141388,0.304376602172852,0.0429178327322006,-0.176779240369797,0.331380248069763,0.113208994269371,0.279882162809372,0.181348025798798,-0.0229672882705927,0.341820895671844,0.370659857988358,0.312969535589218,-0.0586672388017178,0.220694050192833,0.146731570363045,0.363205045461655,-0.656974673271179,0.866803586483002,0.115154005587101,0.0596117153763771,-0.25756311416626,0.185021415352821,-0.394888669252396,-0.557738661766052,0.642748594284058,-0.567858159542084,-0.525143563747406,0.558914840221405,-0.497800320386887,-0.282841771841049,-0.596423089504242,-0.560340225696564,0.020136957988143,-0.426860719919205,-0.0701050311326981,-0.28594508767128,-0.174446672201157,-0.491457551717758,-0.312852084636688,-0.133143439888954,-0.223298579454422,-0.299803465604782,-0.513062536716461,-0.123240455985069,-0.450012415647507,-0.0508580654859543,-0.169805467128754,0.74406498670578,-0.40317314863205,-0.212019294500351,0.04122593998909,-0.593915164470673,-0.0437968112528324,-0.462931334972382,-0.0883656814694405
0.0457979366183281,0.424269437789917,0.0871158912777901,0.34990331530571,-0.0732757821679115,0.329238057136536,-0.253317207098007,0.745480954647064,-0.294267177581787,0.646548986434937,-0.110477186739445,0.18853871524334,0.498194307088852,0.212286069989204,0.838276088237762,0.00685799634084105,0.217661574482918,1,0.503711223602295,-0.354571282863617,0.15746097266674,0.697724580764771,0.378782629966736,-0.463784754276276,-0.200696796178818,0.172807455062866,0.0526161789894104,0.233432590961456,0.25325545668602,0.182514280080795,0.21587610244751,0.388170748949051,0.248783797025681,0.255940645933151,0.343011051416397,0.358858555555344,0.410887986421585,0.341268628835678,0.119696848094463,0.143545180559158,0.607274174690247,0.429659277200699,0.342974334955215,-0.0658761635422707,0.448567003011703,0.360266536474228,0.3101766705513,0.4024937748909,0.376568526029587,0.37088480591774,0.326498061418533,0.138507381081581,0.278996080160141,0.408822357654572,0.0283515714108944,-0.147737920284271,0.0881048440933228,0.0145168881863356,0.260032385587692,0.193095415830612,0.139656290411949,0.290560722351074,-0.443830072879791,-0.219681307673454,0.0409777127206326,0.559514403343201,0.611440718173981,0.47611677646637,0.412084937095642,0.48968368768692,0.562417030334473,0.340101957321167,0.611992180347443,0.500130951404572,0.291781485080719,0.208859920501709,0.161693915724754,-0.16191303730011,0.270892739295959,0.372568070888519,0.43091669678688,-0.398482471704483,0.482871502637863,0.560443103313446,0.269543796777725,0.428552001714706,-0.492299437522888,-0.769397675991058,-0.0419443212449551,0.210891857743263,0.56619256734848,0.369395285844803,0.309757798910141,0.323413848876953,0.179348990321159,-0.0130530558526516,0.753650963306427,-0.348916918039322,0.0717746764421463,-0.555744409561157,0.254389345645905,0.447662532329559,-0.172225892543793,0.607264578342438,-0.0450082570314407,0.274622827768326,0.254726827144623,0.197744011878967,0.0151266762986779,0.58869332075119,0.605054378509521,-0.0331383123993874,0.450315773487091,0.18817450106144,0.465596139431,0.316988348960876,0.263933777809143,0.461846679449081,-0.0903783440589905,0.371197074651718,0.12271948158741,-0.0370646603405476,0.445157080888748,0.041833508759737,0.294318437576294,0.533492624759674,0.312821567058563,0.49102258682251,0.357583791017532,0.270628541707993,0.566522896289825,0.249069064855576,0.280857861042023,0.314785957336426,0.576954543590546,0.413067072629929,0.266532212495804,0.208125829696655,0.52099221944809,0.310612559318542,0.425286173820496,0.449631243944168,0.459743678569794,0.498794823884964,0.322801530361176,0.358308881521225,0.501787066459656,0.0559296198189259,0.508763551712036,0.0106571782380342,0.606798768043518,-0.104579545557499,-0.566537201404572,-0.537002265453339,0.0158115904778242,-0.47018626332283,-0.860129714012146,-0.441172301769257,-0.869839370250702,-0.565623462200165,-0.368358194828033,-0.481318354606628,-0.43374028801918,-0.320987939834595,-0.737968444824219,-0.556652188301086,-0.6923708319664,0.0195815619081259,0.214306086301804,-0.2137171626091,-0.397141247987747,0.0115883043035865,-0.229350909590721,-0.606687903404236,-0.258516371250153,-0.22290126979351,-0.323507487773895,-0.250408500432968,0.0930945947766304,0.0795237720012665,-0.206335932016373,-0.795888483524323,-0.0506740435957909,-0.0578509084880352,-0.240775778889656,-0.672845304012299,-0.192928656935692,-0.425009548664093,-0.272975862026215,-0.07780372351408,-0.278881907463074,-0.255699634552002,-0.159085735678673,-0.891425848007202,-0.566570460796356,0.239548921585083,0.112414285540581,-0.332444429397583,-0.828311502933502,0.131123766303062,0.111558564007282,-0.0524314455688,-0.720873415470123,0.378304302692413,-0.249846905469894,0.509237766265869,-0.703163325786591,-0.664452612400055,-0.383305013179779,-0.173221468925476,0.319282591342926,-0.735962212085724,-0.0404250957071781,-0.135064959526062,0.0622119829058647,-0.332553505897522,0.13117678463459,-0.00032429612474516,-0.313482522964478,-0.0501224771142006,-0.167758762836456,0.216475933790207,0.233935952186584,0.53720098733902,0.162675470113754,-0.438212037086487,0.130460128188133,0.0916213765740395,0.167370483279228,0.0586525872349739,0.0938533693552017,0.0762571692466736,0.145612254738808,0.131755739450455,0.25285667181015,0.360775411128998,0.0144433500245214,0.175523370504379,0.112830691039562,0.0638972520828247,0.17427584528923,-0.295863896608353,0.393260776996613,0.204672306776047,-0.2927385866642,-0.59313178062439,-0.520870506763458,0.0510273166000843,0.419448643922806,0.355057805776596,0.260341137647629
-0.722974002361298,0.852395594120026,-0.622363150119781,0.862562417984009,-0.324990123510361,0.00974411889910698,-0.457845628261566,0.234468758106232,-0.570939540863037,0.906306803226471,-0.317275375127792,-0.0232613496482372,0.869368374347687,0.294960916042328,0.464729100465775,-0.22078064084053,0.259069740772247,0.503711223602295,1,-0.461717307567596,-0.366776585578918,0.688605129718781,0.557242572307587,-0.694703876972198,-0.569534301757812,-0.513812959194183,0.00180947501212358,-0.430066585540771,0.324299186468124,-0.263361603021622,0.51355105638504,0.593452990055084,0.269151985645294,0.198721244931221,0.320298284292221,0.548974514007568,0.729332864284515,0.729610979557037,0.447435647249222,0.624202966690063,0.88094699382782,0.864445984363556,-0.242612823843956,0.392319858074188,0.760924279689789,0.692138493061066,0.598755836486816,0.63893860578537,0.784554123878479,0.69738382101059,0.762205600738525,0.298276007175446,0.785997033119202,0.706989049911499,0.44573301076889,0.177054077386856,0.35282102227211,-0.0736919865012169,0.0545088462531567,0.701080322265625,0.735332310199738,0.3487329185009,-0.41009110212326,0.165263161063194,0.273378074169159,0.853034496307373,0.691010177135468,0.936718940734863,0.845405042171478,0.772658228874207,0.89629328250885,0.322580575942993,0.869833290576935,0.751185119152069,0.801531374454498,0.641481935977936,0.150344714522362,-0.538757503032684,0.642151534557343,0.722865164279938,0.751940608024597,-0.324614405632019,0.969930112361908,0.57965624332428,0.203165024518967,0.528521537780762,-0.659477114677429,-0.543931543827057,-0.087097629904747,0.471771627664566,0.440536558628082,0.735213816165924,0.493771106004715,0.399793028831482,0.549342691898346,0.417341619729996,0.581952512264252,-0.497663676738739,-0.248029664158821,-0.503800690174103,0.515300452709198,0.544522523880005,-0.502638697624207,0.493806093931198,0.252501338720322,0.688091158866882,0.599623620510101,0.392363131046295,0.222504407167435,0.857368230819702,0.783825635910034,-0.0185912474989891,0.767408907413483,0.747643411159515,0.767197489738464,0.839661836624146,0.254301428794861,0.814619064331055,0.26338392496109,0.478758305311203,0.244857504963875,0.221734941005707,0.53302139043808,-0.0596365705132484,0.860596776008606,0.707830667495728,0.626618623733521,0.669513165950775,0.854279398918152,0.782988429069519,0.617082357406616,0.680259704589844,0.802687704563141,0.634512484073639,0.883334875106812,0.889635384082794,0.778355062007904,0.551417410373688,0.967076361179352,0.476142585277557,0.762763738632202,0.785124123096466,0.791753470897675,0.746764719486237,0.231468379497528,0.658869624137878,0.894540190696716,0.0555866248905659,0.885647296905518,0.360340178012848,0.707746028900146,0.644888162612915,-0.523161351680756,-0.818013608455658,-0.721344828605652,-0.37649941444397,-0.624780476093292,-0.965925455093384,-0.535261332988739,-0.926602423191071,-0.861059725284576,-0.406977564096451,-0.362467050552368,-0.884431838989258,-0.886578381061554,-0.870451152324677,-0.454672336578369,-0.743451476097107,-0.635592997074127,-0.585947692394257,-0.557302892208099,-0.74596756696701,-0.424467384815216,-0.916764259338379,-0.508328676223755,-0.0389702953398228,-0.84375125169754,-0.522450983524323,-0.705601036548615,0.220942288637161,-0.828603208065033,-0.600093305110931,-0.636544764041901,-0.452584147453308,-0.524448156356812,-0.619593262672424,-0.735540866851807,-0.15828301012516,-0.942295908927917,-0.664041996002197,-0.85774838924408,-0.85221666097641,-0.414274632930756,-0.474770247936249,-0.788474500179291,-0.598856985569,0.68398517370224,0.431161791086197,-0.621345937252045,0.75441563129425,0.598237752914429,0.179977342486382,-0.589257419109344,0.884799301624298,-0.145465046167374,0.709444761276245,-0.256545186042786,-0.514953374862671,-0.607767820358276,-0.228928208351135,-0.0562356933951378,-0.540468335151672,0.392724275588989,-0.0534159317612648,-0.198633641004562,-0.505646526813507,0.046588309109211,-0.434717983007431,-0.249238327145576,-0.212208986282349,0.39825302362442,-0.342963933944702,0.582242786884308,0.564840972423553,0.367797076702118,-0.789706110954285,-0.403724521398544,-0.31890133023262,-0.480358958244324,-0.3580282330513,-0.746916949748993,-0.584092497825623,-0.664911031723022,-0.31022647023201,-0.369313985109329,-0.0544271916151047,-0.494288563728333,-0.391832232475281,-0.260836273431778,-0.75225841999054,-0.366971850395203,-0.213528588414192,0.387869596481323,-0.186970785260201,-0.735627055168152,-0.676740884780884,-0.529711723327637,0.0058757746592164,0.147367373108864,0.382420241832733,-0.58257931470871
0.162975117564201,-0.676661908626556,0.271487325429916,-0.6010901927948,0.684354484081268,0.597832500934601,0.971368014812469,-0.325818032026291,0.951602697372437,-0.522339522838593,0.933430850505829,0.573862969875336,-0.32765719294548,-0.306160598993301,-0.268255740404129,0.87698632478714,0.635603427886963,-0.354571282863617,-0.461717307567596,1,0.816845774650574,-0.276487827301025,-0.355726391077042,0.944114089012146,0.394666731357574,0.41244238615036,0.767870366573334,0.613447487354279,0.446795493364334,0.803035795688629,-0.8756422996521,-0.757340788841248,0.445150822401047,-0.674700140953064,-0.580350935459137,-0.852987766265869,-0.856666922569275,-0.791642725467682,-0.924428880214691,-0.814336895942688,-0.50665944814682,-0.601025223731995,0.278301209211349,-0.558367609977722,0.0258490424603224,-0.854853689670563,-0.868456602096558,-0.904482960700989,-0.85941481590271,-0.856067776679993,-0.861681878566742,-0.578011751174927,-0.818431973457336,-0.86501532793045,-0.871667563915253,0.674037873744965,0.530257880687714,0.718129932880402,0.731875419616699,-0.379449963569641,-0.646451354026794,0.223251089453697,0.797318637371063,0.480330467224121,0.541835844516754,-0.135472550988197,-0.0460310988128185,-0.618653357028961,-0.741533756256104,-0.181821793317795,-0.670638501644135,0.513495862483978,-0.228892758488655,-0.175881549715996,-0.533059477806091,-0.866957366466522,0.589089334011078,0.897341787815094,-0.676956653594971,-0.263353765010834,0.121145509183407,0.882084429264069,-0.352827131748199,0.235641747713089,0.619322538375854,0.381096035242081,0.718927562236786,0.338241547346115,0.761610209941864,0.436278194189072,0.0358919315040112,0.0981395021080971,0.288608014583588,-0.946416199207306,-0.744954347610474,0.572167694568634,-0.186256855726242,0.824996948242188,0.219450190663338,0.87820428609848,0.40470415353775,0.0139567069709301,0.721194267272949,-0.3852159678936,0.179423183202744,-0.780349552631378,-0.909964621067047,-0.751579999923706,-0.817542612552643,-0.230390474200249,-0.0729381442070007,0.873753547668457,-0.158773243427277,-0.831103801727295,-0.185754835605621,-0.547047913074493,0.41592413187027,-0.321900576353073,0.489387542009354,-0.162449926137924,0.602770447731018,0.584441125392914,0.229493245482445,0.838106751441956,-0.346943199634552,-0.0513885952532291,-0.878369033336639,0.285263478755951,-0.793834447860718,-0.140973091125488,-0.440576642751694,0.106202438473701,-0.67597371339798,-0.0852311626076698,-0.533687114715576,-0.334417462348938,-0.833432257175446,0.363295286893845,-0.4846550822258,0.484214842319489,-0.196469277143478,0.0131876273080707,-0.520706355571747,-0.543748319149017,0.121704749763012,-0.848411023616791,-0.499087274074554,0.452850103378296,-0.330688506364822,-0.888074696063995,-0.127785071730614,-0.486203491687775,0.115364879369736,0.299520581960678,0.275898218154907,0.308739989995956,0.586299061775208,0.380495667457581,0.383862644433975,0.252675026655197,0.277127683162689,0.0145120639353991,-0.276871711015701,0.427021622657776,0.543486297130585,0.684213161468506,0.68184107542038,0.256268173456192,0.460402578115463,0.230668142437935,0.434954226016998,0.491439580917358,0.275525718927383,0.387102961540222,-0.239498734474182,0.638818025588989,0.386036157608032,0.857606828212738,0.414277791976929,0.274739325046539,0.174435749650002,0.478531718254089,-0.0378957465291023,0.33434647321701,0.407780528068542,0.790672838687897,0.458487391471863,0.565937280654907,0.463950514793396,0.428581595420837,0.309014439582825,0.357559978961945,0.597244560718536,0.216193079948425,0.519049108028412,0.366959452629089,-0.163281440734863,0.150666743516922,0.63338315486908,-0.47682449221611,0.157435089349747,0.302621632814407,0.881443381309509,-0.306075692176819,0.0870366245508194,-0.0641700997948647,0.592392265796661,0.713990688323975,0.265313744544983,0.388144820928574,0.130905002355576,0.830678939819336,-0.646852374076843,0.816102683544159,0.440345197916031,0.333759993314743,-0.052654642611742,0.512932896614075,-0.349103629589081,-0.419016897678375,0.476992040872574,-0.291723817586899,-0.783009648323059,-0.11389335244894,-0.738834798336029,0.256707102060318,-0.405242145061493,-0.458590358495712,0.135547086596489,-0.305163472890854,0.330440163612366,-0.0208322126418352,0.132250338792801,-0.418213188648224,-0.252749592065811,-0.4080550968647,0.0072115994989872,-0.229441374540329,-0.329492330551147,0.338722050189972,-0.329191088676453,0.0131866885349154,-0.591515898704529,0.568227648735046,0.313585996627808,0.29770302772522,0.535383462905884,-0.560248374938965,-0.373925745487213,-0.881812036037445,0.227884575724602
0.312727451324463,-0.478685587644577,0.372397601604462,-0.575367867946625,0.730135977268219,0.779318153858185,0.889755368232727,0.107494473457336,0.878911435604095,-0.257329761981964,0.907096326351166,0.784734487533569,-0.160475596785545,-0.200685173273087,0.276299625635147,0.927138328552246,0.721988320350647,0.15746097266674,-0.366776585578918,0.816845774650574,1,-0.00640579219907522,-0.144523993134499,0.795053720474243,0.510171473026276,0.518563032150269,0.774157464504242,0.81229692697525,0.47610729932785,0.938841819763184,-0.794314980506897,-0.566464006900787,0.562385678291321,-0.510185241699219,-0.408522874116898,-0.664877533912659,-0.698993444442749,-0.697463393211365,-0.875242531299591,-0.769235074520111,-0.249952286481857,-0.481922656297684,0.512668013572693,-0.688008904457092,0.181900441646576,-0.721349537372589,-0.7751824259758,-0.741064429283142,-0.749880254268646,-0.707426488399506,-0.765897333621979,-0.713996589183807,-0.80994439125061,-0.758989453315735,-0.910813331604004,0.534817099571228,0.531672537326813,0.765925884246826,0.869345247745514,-0.354081571102142,-0.683842599391937,0.444520890712738,0.688652575016022,0.323839098215103,0.597511351108551,0.0331608429551125,0.260811984539032,-0.5168137550354,-0.643921971321106,0.0204978864639997,-0.507518768310547,0.701425433158875,0.00958524830639362,-0.0705301612615585,-0.495969444513321,-0.868752002716064,0.728720605373383,0.846364498138428,-0.554246485233307,-0.0962342172861099,0.223284408450127,0.711567223072052,-0.274642467498779,0.474760830402374,0.635562658309937,0.559203445911407,0.640928864479065,-0.0527432262897491,0.723295927047729,0.491519242525101,0.324100077152252,0.18672813475132,0.414307534694672,-0.763332664966583,-0.640868663787842,0.410007417201996,0.0490393228828907,0.606981337070465,0.385649859905243,0.636916816234589,0.357355564832687,0.229040876030922,0.740042150020599,0.0488385520875454,0.0352158956229687,-0.640877902507782,-0.818924307823181,-0.640337944030762,-0.769490301609039,-0.00868062116205692,0.155420035123825,0.808306276798248,-0.00449299300089478,-0.839364409446716,-0.0357700064778328,-0.593294441699982,0.641942858695984,-0.127556845545769,0.377767115831375,0.0716022849082947,0.673448383808136,0.549578726291656,0.420708388090134,0.883024990558624,-0.428188353776932,0.184813320636749,-0.789727926254272,0.377965420484543,-0.731640458106995,-0.166180625557899,-0.202643096446991,0.148367777466774,-0.735641121864319,-0.0965027287602425,-0.316650092601776,-0.252926826477051,-0.844607353210449,0.279104501008987,-0.348204404115677,0.560717344284058,-0.230036556720734,0.0600664094090462,-0.363838881254196,-0.458694994449615,0.330974161624908,-0.731939613819122,-0.338590532541275,0.533417642116547,-0.132363483309746,-0.909093499183655,0.0338026583194733,-0.615449726581573,-0.211076304316521,0.151776522397995,0.361377447843552,0.0141047099605203,0.217801719903946,0.292690336704254,0.0248656012117863,0.133579596877098,0.213275909423828,-0.0649151057004929,-0.353997826576233,0.388373821973801,0.292336821556091,0.515184104442596,0.387078434228897,0.364025115966797,0.691677749156952,0.102478735148907,0.255287885665894,0.577343821525574,0.141422614455223,0.265712708234787,-0.333815902471542,0.534926295280457,0.309928476810455,0.818776071071625,0.549819350242615,0.178366750478745,0.18675234913826,0.155841693282127,0.0458281077444553,0.327386170625687,0.302011847496033,0.487040847539902,0.538763403892517,0.462928295135498,0.458517909049988,0.450317829847336,0.333737760782242,0.390732020139694,0.60914558172226,-0.276748716831207,0.374515503644943,0.562902510166168,-0.124794825911522,-0.0845226123929024,0.259638965129852,-0.625172138214111,-0.027565736323595,0.0223257597535849,0.495095372200012,-0.316777944564819,0.147718414664268,0.0089025367051363,0.296015501022339,0.444858103990555,0.122869476675987,0.368784576654434,0.361339151859283,0.509575486183167,-0.774731159210205,0.789554595947266,0.475302010774612,0.316455960273743,0.0112215206027031,0.593450963497162,-0.396536529064178,-0.364180266857147,0.292442291975021,-0.202864050865173,-0.823697924613953,0.252085119485855,-0.642366051673889,0.271850138902664,-0.27764618396759,-0.355607897043228,0.287612587213516,-0.242181196808815,0.485474526882172,0.0942797288298607,0.326943397521973,-0.292823165655136,-0.0412349440157413,-0.142678946256638,0.0522345080971718,-0.0557385683059692,-0.322513043880463,0.462083280086517,-0.188999354839325,-0.133185669779778,-0.455548375844955,0.749317824840546,0.161403939127922,0.0242179799824953,0.399318665266037,-0.630544424057007,-0.175161823630333,-0.691318273544312,0.433881938457489
-0.419740974903107,0.562194049358368,-0.303044110536575,0.490212798118591,0.235323965549469,0.470308184623718,-0.196836948394775,0.639964282512665,-0.320657223463058,0.725474536418915,-0.0138760851696134,0.241827979683876,0.718332707881927,0.546876907348633,0.636201798915863,0.0730327218770981,0.352196335792542,0.697724580764771,0.688605129718781,-0.276487827301025,-0.00640579219907522,1,0.597968518733978,-0.445195943117142,-0.514561831951141,-0.0622707381844521,-0.0668447390198708,0.0723601207137108,0.142266660928726,-0.092020645737648,0.327045023441315,0.673502326011658,0.531000852584839,0.388625055551529,0.604240596294403,0.597446322441101,0.621632218360901,0.638088047504425,0.232827723026276,0.452185779809952,0.789080739021301,0.734933257102966,0.375707298517227,0.302729666233063,0.476509839296341,0.577237963676453,0.515863239765167,0.557181656360626,0.588428258895874,0.62734842300415,0.472235798835754,0.0880519300699234,0.55558705329895,0.517706632614136,0.256023019552231,0.267074912786484,0.4577596783638,0.218230858445168,0.188400581479073,0.601049840450287,0.535079061985016,0.548559665679932,-0.324938714504242,0.288471400737762,0.299620747566223,0.799630999565125,0.734347939491272,0.72004246711731,0.531983733177185,0.674246370792389,0.808590233325958,0.511538684368134,0.779251515865326,0.722586989402771,0.518368601799011,0.420078188180923,0.174987301230431,-0.229646727442741,0.66350907087326,0.519358456134796,0.426199108362198,-0.346357882022858,0.755824029445648,0.619053244590759,0.0949844792485237,0.433146953582764,-0.351134926080704,-0.95462691783905,0.251656860113144,0.362204492092133,0.500281929969788,0.676034092903137,0.706365406513214,0.0577222816646099,0.037353228777647,0.171095192432404,0.744637370109558,-0.497927486896515,-0.50893235206604,-0.571625292301178,0.275944828987122,0.602576792240143,-0.554181635379791,0.605292797088623,-0.185203552246094,0.393213242292404,0.492272406816483,-0.133280456066132,0.167659446597099,0.823727011680603,0.766860127449036,0.016623068600893,0.823230385780334,0.466878592967987,0.50752180814743,0.65315318107605,0.443417370319366,0.794798791408539,0.171677678823471,0.325579464435577,0.229207202792168,0.380626380443573,0.632731378078461,0.0768912881612778,0.431928634643555,0.710547983646393,0.524161636829376,0.586474418640137,0.618863523006439,0.690773665904999,0.867273509502411,0.596210658550262,0.60600870847702,0.363674581050873,0.773145139217377,0.775449156761169,0.364578574895859,0.492908895015717,0.68239426612854,0.596823334693909,0.394334763288498,0.716850578784943,0.731935799121857,0.606582999229431,0.532293736934662,0.635474920272827,0.562978863716125,-0.321711480617523,0.742186009883881,0.233860701322556,0.876671254634857,0.426656156778336,-0.759795665740967,-0.856638848781586,-0.487014263868332,-0.820782542228699,-0.586660027503967,-0.603185832500458,-0.499108731746674,-0.651137590408325,-0.820510625839233,-0.204400405287743,-0.140076324343681,-0.428729772567749,-0.816367387771606,-0.813867688179016,-0.402943432331085,-0.435258775949478,-0.332310080528259,-0.695259273052216,-0.834811747074127,-0.378613293170929,-0.757291436195374,-0.606438219547272,-0.60672515630722,-0.0996816381812096,-0.723098635673523,-0.371182471513748,-0.273375451564789,-0.272215992212296,-0.276755779981613,-0.66169536113739,-0.0257415547966957,-0.657392084598541,-0.736061751842499,-0.565398514270782,-0.611918926239014,-0.13419845700264,-0.491363078355789,-0.658570826053619,-0.2552729845047,-0.259999185800552,-0.630258083343506,-0.719572246074677,-0.868124425411224,-0.0323956981301308,0.540682256221771,0.0297857690602541,-0.84057742357254,0.329031974077225,0.470348030328751,0.115823365747929,-0.510555386543274,0.507727324962616,-0.373001575469971,0.777015745639801,-0.554575502872467,-0.753060340881348,-0.43516930937767,-0.672737658023834,0.573848962783813,-0.457413882017136,-0.0475208424031734,-0.0130053162574768,0.0557067468762398,-0.815855860710144,-0.0580735467374325,0.180377572774887,-0.530921578407288,-0.630179345607758,0.200703635811806,-0.249672010540962,0.204382747411728,0.678997993469238,0.464124917984009,-0.745235204696655,-0.146478071808815,-0.0997822657227516,-0.00314070447348058,0.0051722563803196,-0.263876706361771,-0.252469718456268,-0.164699122309685,0.00884375255554914,0.00895920675247908,0.216821357607841,0.0203088019043207,0.0980325490236282,-0.104008033871651,-0.275551944971085,0.0461357086896896,0.0659746676683426,0.142113894224167,0.236710593104362,-0.645365297794342,-0.386219620704651,-0.727188766002655,0.180851057171822,0.567078173160553,0.172469288110733,-0.293307930231094
-0.728910684585571,0.725565433502197,-0.761259257793427,0.173614293336868,-0.031702533364296,0.101731449365616,-0.284545332193375,0.0951893478631973,-0.231687933206558,0.778349280357361,-0.0947993919253349,0.189286440610886,0.755251109600067,0.519168317317963,0.426588445901871,-0.0307343229651451,0.358277022838593,0.378782629966736,0.557242572307587,-0.355726391077042,-0.144523993134499,0.597968518733978,1,-0.397103399038315,0.0718897208571434,-0.695214927196503,0.0646519586443901,-0.472110688686371,0.338087618350983,-0.173127144575119,0.45945417881012,0.408159196376801,0.561512172222137,0.148110806941986,0.169619619846344,0.602645695209503,0.678161382675171,0.67274421453476,0.342850774526596,0.463080197572708,0.840004742145538,0.740064322948456,-0.167562901973724,0.373928219079971,0.577605783939362,0.697181522846222,0.330587983131409,0.455177158117294,0.534826755523682,0.56423819065094,0.366759538650513,-0.199633121490479,0.521903514862061,0.387063533067703,0.382774651050568,0.145393416285515,0.450769990682602,0.0333331935107708,0.15206690132618,0.38678389787674,0.651359260082245,0.730447113513947,-0.176414549350739,0.457193583250046,0.354854226112366,0.769941329956055,0.790165662765503,0.703084826469421,0.294229537248611,0.88481205701828,0.712604284286499,0.369704276323318,0.78971391916275,0.809033811092377,0.772994220256805,0.434967368841171,0.403412669897079,-0.584018588066101,0.636442601680756,0.86687445640564,0.437640607357025,-0.0630671679973602,0.676690459251404,0.622531116008759,-0.0330240875482559,0.321262627840042,-0.355428278446198,-0.571639358997345,-0.0803263336420059,0.520508885383606,0.774458587169647,0.726838648319244,0.589920938014984,0.227979630231857,0.369036287069321,0.188737064599991,0.00929069984704256,-0.336153268814087,-0.205583855509758,-0.302576541900635,0.109243966639042,0.895080864429474,-0.29387491941452,0.660113871097565,-0.512545526027679,0.321164011955261,0.498148292303085,0.138025179505348,0.29077684879303,0.807175874710083,0.763950765132904,-0.0871049165725708,0.856697082519531,0.472443222999573,0.799173772335052,0.256482064723969,0.503632605075836,0.730181217193604,0.554939329624176,0.582013547420502,0.342613756656647,0.441210389137268,0.74077981710434,0.0639791265130043,0.150980815291405,0.830502867698669,0.325110405683517,0.299857705831528,0.546250641345978,0.782030761241913,0.543205559253693,0.776377081871033,0.499880284070969,0.609706521034241,0.850770235061646,0.824192702770233,0.33094447851181,0.430920273065567,0.640516102313995,0.320036917924881,0.130377486348152,0.535858333110809,0.911043226718903,0.718970775604248,0.818748533725739,0.509147524833679,0.726647615432739,-0.186839759349823,0.815439641475677,0.380215406417847,0.462662100791931,0.368359506130219,-0.832294881343842,-0.681399405002594,-0.735903143882751,-0.745616674423218,-0.227971464395523,-0.674751043319702,-0.221143156290054,-0.616685330867767,-0.760952055454254,-0.0430270321667194,0.0344530716538429,-0.710850775241852,-0.632434844970703,-0.667297959327698,-0.011585489846766,-0.697531819343567,-0.506676137447357,-0.849477827548981,-0.603996574878693,-0.716687738895416,-0.607176005840302,-0.518139123916626,-0.691948115825653,-0.102319270372391,-0.853803813457489,-0.476588040590286,-0.671527445316315,-0.0784139484167099,-0.486736595630646,-0.328241616487503,-0.285153776407242,-0.501622080802917,-0.583814918994904,-0.25354340672493,-0.291971147060394,0.278184831142426,-0.629626870155334,-0.717699587345123,-0.375212252140045,-0.452697575092316,-0.276143431663513,-0.214817628264427,-0.572463035583496,-0.525494396686554,0.432403028011322,-0.040460754185915,-0.567545652389526,0.00390236941166222,-0.0588010512292385,-0.491544902324677,-0.559308230876923,0.136005342006683,-0.262730687856674,0.0988198965787888,-0.117822147905827,-0.307385414838791,-0.0241941437125206,-0.32153707742691,-0.0323798879981041,-0.366761922836304,-0.295053064823151,-0.0098164901137352,-0.663716018199921,-0.245995879173279,-0.60768711566925,-0.38710281252861,0.182674616575241,-0.168173804879189,0.021408773958683,-0.269937455654144,0.0675474032759666,0.637871384620667,0.315485775470734,-0.466472834348679,-0.0175109058618546,0.129664674401283,0.159279242157936,0.216320365667343,-0.259130507707596,-0.0280494969338179,-0.172699302434921,0.173780769109726,0.135560944676399,0.608090758323669,0.0249566324055195,0.236987709999084,-0.0711306855082512,-0.416540026664734,0.131385192275047,0.444316893815994,0.566002070903778,0.438228160142899,-0.734236061573029,-0.237584263086319,-0.666840791702271,0.17616480588913,0.667416453361511,0.519479513168335,-0.291903913021088
0.321373701095581,-0.755273997783661,0.350522041320801,-0.777128517627716,0.694389462471008,0.48724228143692,0.941702246665955,-0.34112074971199,0.966665983200073,-0.679207384586334,0.867198705673218,0.540948092937469,-0.508704662322998,-0.311472624540329,-0.304077565670013,0.802826166152954,0.460914731025696,-0.463784754276276,-0.694703876972198,0.944114089012146,0.795053720474243,-0.445195943117142,-0.397103399038315,1,0.5746129155159,0.423757255077362,0.624059200286865,0.612305998802185,0.239187672734261,0.724051296710968,-0.851742088794708,-0.765941083431244,0.314083993434906,-0.595068991184235,-0.564212918281555,-0.824759840965271,-0.898554444313049,-0.853423893451691,-0.86555141210556,-0.812622964382172,-0.647994101047516,-0.736987233161926,0.287237942218781,-0.57706493139267,-0.188931241631508,-0.884602129459381,-0.890490233898163,-0.920407235622406,-0.929867565631866,-0.883966267108917,-0.922326147556305,-0.674186766147614,-0.916962563991547,-0.938270926475525,-0.83491986989975,0.514533042907715,0.360182493925095,0.641537070274353,0.586389601230621,-0.493018507957458,-0.733635485172272,0.159997031092644,0.843905806541443,0.380184203386307,0.428655862808228,-0.365559250116348,-0.201306462287903,-0.794772148132324,-0.870476543903351,-0.342827945947647,-0.826225638389587,0.361014932394028,-0.427366554737091,-0.393131881952286,-0.665740370750427,-0.912767946720123,0.492145657539368,0.871066987514496,-0.697591185569763,-0.380227625370026,-0.135561108589172,0.84719306230545,-0.595231652259827,0.0307992082089186,0.384401500225067,0.167396232485771,0.859228491783142,0.428508192300797,0.651523232460022,0.240995913743973,-0.082079604268074,-0.123567707836628,0.124899342656136,-0.883025407791138,-0.731646060943604,0.316004753112793,-0.40848770737648,0.778542459011078,0.282987743616104,0.889117240905762,0.120341755449772,-0.112248875200748,0.759229421615601,-0.377526164054871,0.019855473190546,-0.797910690307617,-0.902309954166412,-0.717945635318756,-0.694947838783264,-0.425335347652435,-0.284000933170319,0.707243323326111,-0.33199942111969,-0.897858560085297,-0.3712178170681,-0.750153720378876,0.34513446688652,-0.462573528289795,0.34367424249649,-0.219479039311409,0.460606068372726,0.456650078296661,0.0547275431454182,0.724157154560089,-0.605721235275269,-0.218953549861908,-0.907890379428864,-0.00984671991318464,-0.907602071762085,-0.357874542474747,-0.540177226066589,-0.087028481066227,-0.840017795562744,-0.302204340696335,-0.682053208351135,-0.531675338745117,-0.942876160144806,0.0872353911399841,-0.688658714294434,0.255031526088715,-0.485031425952911,-0.262078046798706,-0.642046809196472,-0.715018153190613,0.0808864757418633,-0.884324610233307,-0.666168093681335,0.379929482936859,-0.499112010002136,-0.815232872962952,-0.357461273670197,-0.549353182315826,0.196017280220985,0.499342024326324,0.388692140579224,0.310117810964584,0.714916706085205,0.599636018276215,0.539382517337799,0.515119612216949,0.471425920724869,0.226072460412979,-0.0397108271718025,0.607439279556274,0.736858785152435,0.827708065509796,0.747511923313141,0.389914125204086,0.540950834751129,0.283427447080612,0.491343438625336,0.578260481357574,0.295287013053894,0.64295881986618,-0.0826351493597031,0.562711298465729,0.535010874271393,0.874383628368378,0.506210148334503,0.0925939455628395,0.378926813602448,0.617492377758026,0.154572516679764,0.361065477132797,0.446928411722183,0.849605560302734,0.627508401870728,0.610939502716064,0.650554597377777,0.500876247882843,0.534740507602692,0.568320214748383,0.628008425235748,0.314908415079117,0.692027986049652,0.432456851005554,-0.27141946554184,0.0338518843054771,0.725323855876923,-0.674319922924042,-0.125405937433243,0.0700692608952522,0.885483860969543,-0.567144572734833,0.217118471860886,-0.32765594124794,0.631021022796631,0.775794386863708,0.39755117893219,0.402331739664078,0.141323566436768,0.881613194942474,-0.682537317276001,0.728048801422119,0.389762312173843,0.472326278686523,-0.0818795561790466,0.555847406387329,-0.157054647803307,-0.275499880313873,0.283725410699844,-0.21948653459549,-0.875504791736603,-0.17563508450985,-0.679928064346313,0.519814252853394,-0.239430099725723,-0.295600891113281,0.234169095754623,-0.165583267807961,0.464385658502579,0.128264367580414,0.289573818445206,-0.262806564569473,-0.11123064905405,-0.299071907997131,0.12519246339798,-0.07497538626194,-0.266348481178284,0.462197333574295,-0.185201779007912,0.0945977568626404,-0.628417253494263,0.550877869129181,0.402529865503311,0.440632402896881,0.642880976200104,-0.520242810249329,-0.361590385437012,-0.824462473392487,0.309984028339386
0.239050015807152,-0.281040132045746,0.141012698411942,-0.722813606262207,0.135385558009148,0.183043539524078,0.486994743347168,-0.223280608654022,0.638109564781189,-0.262449592351913,0.45963928103447,0.488936990499496,-0.203266352415085,-0.01777408644557,-0.0163692887872458,0.455347687005997,0.267979681491852,-0.200696796178818,-0.569534301757812,0.394666731357574,0.510171473026276,-0.514561831951141,0.0718897208571434,0.5746129155159,1,-0.0208157077431679,0.43661442399025,0.181080549955368,0.305927127599716,0.524629890918732,-0.285575270652771,-0.62092649936676,0.266145795583725,-0.291520208120346,-0.486619979143143,-0.399789690971375,-0.448170453310013,-0.468005865812302,-0.361916214227676,-0.582955479621887,-0.279770106077194,-0.407848834991455,0.0690783485770226,-0.275206059217453,-0.0990031063556671,-0.401754438877106,-0.599802434444427,-0.523777008056641,-0.577986359596252,-0.592844247817993,-0.623503983020782,-0.727730751037598,-0.64161628484726,-0.559997320175171,-0.409223556518555,0.115911900997162,0.137976884841919,0.346049815416336,0.397670984268188,-0.413228362798691,-0.404577344655991,0.195814579725266,0.623560786247253,0.234171584248543,0.255606472492218,-0.28545880317688,-0.0299992524087429,-0.504507780075073,-0.745817422866821,-0.0274449549615383,-0.583771347999573,0.166912913322449,-0.217593595385551,-0.209664896130562,-0.203747168183327,-0.531154096126556,0.471510887145996,0.305702060461044,-0.547125637531281,-0.0680846348404884,-0.105421222746372,0.546161830425262,-0.519850552082062,0.0868899300694466,0.155781552195549,0.0761149749159813,0.468002468347549,0.363130331039429,0.165342211723328,0.183035030961037,0.32592311501503,-0.101004585623741,-0.0184535402804613,-0.283963918685913,-0.24363799393177,0.00456770975142717,-0.664188086986542,0.431297570466995,0.466537564992905,0.545318961143494,-0.0583183169364929,0.171321883797646,0.662998139858246,-0.0870267897844315,-0.175173476338387,-0.476746767759323,-0.536834478378296,-0.213651224970818,-0.196609914302826,-0.241164013743401,-0.1126968562603,0.294593304395676,-0.257644087076187,-0.655851721763611,-0.0570367909967899,-0.835794448852539,0.275870770215988,-0.264004230499268,0.314287036657333,0.341419875621796,0.383426666259766,0.128415167331696,0.125461012125015,0.386054754257202,-0.623522281646729,0.0257991570979357,-0.656771719455719,-0.221946880221367,-0.645886838436127,-0.280349105596542,-0.392057180404663,-0.0608896985650063,-0.704307615756989,-0.185051888227463,-0.30150580406189,-0.372346490621567,-0.630011737346649,-0.238080859184265,-0.408912003040314,-0.13035774230957,-0.48440232872963,-0.490266412496567,-0.32764932513237,-0.386533945798874,0.207794517278671,-0.592852532863617,-0.200470209121704,0.407047927379608,-0.288379222154617,-0.39789679646492,-0.648117661476135,-0.568794548511505,-0.115333557128906,0.364456355571747,0.305124700069427,0.117684133350849,0.381490528583527,0.363119095563889,0.205934390425682,0.34270852804184,0.417913913726807,0.0465116575360298,-0.0520370565354824,0.250114947557449,0.448051154613495,0.568727374076843,0.420642763376236,0.325752079486847,0.432742595672607,0.132569089531898,0.378894299268723,0.315221756696701,0.256219059228897,0.419064551591873,0.0610973350703716,0.0515809394419193,0.298880636692047,0.372629165649414,0.267919600009918,0.144498258829117,0.205960541963577,0.295604407787323,-0.0404525175690651,0.375368237495422,0.32731357216835,0.467997819185257,0.648377060890198,0.469704657793045,0.393641233444214,0.396370470523834,0.327449262142181,0.328728973865509,0.761355340480804,0.259448766708374,0.567440092563629,0.15279358625412,-0.39278507232666,-0.233979403972626,0.512788832187653,-0.733294129371643,-0.770996451377869,-0.512587666511536,0.260349929332733,-0.651237070560455,0.211624592542648,-0.708211481571198,0.454112201929092,0.63987785577774,0.654474794864655,0.542548298835754,-0.308083444833755,0.392251789569855,-0.665700852870941,0.39863196015358,-0.300103843212128,0.810381829738617,-0.486037969589233,-0.0547335594892502,0.576790392398834,0.355308026075363,-0.2526635825634,0.0442640222609043,-0.579436302185059,-0.0379656031727791,-0.613708317279816,0.56069415807724,0.2071533203125,0.225313827395439,0.492872625589371,0.182549744844437,0.507397890090942,0.469875633716583,0.491102933883667,0.203781709074974,0.35338020324707,0.335815399885178,0.270526140928268,0.283867686986923,0.0509899258613586,0.440806061029434,0.170004740357399,0.0624423883855343,0.0238074995577335,0.539066910743713,0.137009143829346,0.373059123754501,0.413574367761612,-0.30291810631752,-0.0892048850655556,-0.0529913939535618,0.420629560947418
0.841121017932892,-0.715240299701691,0.934778451919556,-0.321430444717407,0.389029532670975,0.449350416660309,0.440667986869812,0.448833703994751,0.37316769361496,-0.551828384399414,0.369464248418808,0.179369136691093,-0.529440820217133,-0.164046928286552,0.0265824776142836,0.346662849187851,-0.0498346276581287,0.172807455062866,-0.513812959194183,0.41244238615036,0.518563032150269,-0.0622707381844521,-0.695214927196503,0.423757255077362,-0.0208157077431679,1,0.0475280396640301,0.883855760097504,-0.168394401669502,0.464301854372025,-0.494895249605179,-0.277496516704559,-0.10292412340641,0.033668152987957,0.102493189275265,-0.44640064239502,-0.576025366783142,-0.569504380226135,-0.487463802099228,-0.595625996589661,-0.571389317512512,-0.578283786773682,0.738399803638458,-0.405697405338287,-0.487734347581863,-0.611320018768311,-0.313858091831207,-0.385585248470306,-0.532415568828583,-0.510182082653046,-0.490440398454666,0.0289108529686928,-0.570107638835907,-0.363741546869278,-0.527113914489746,-0.00904745515435934,-0.186743333935738,0.285375654697418,0.184979915618896,-0.340205371379852,-0.668942093849182,-0.371940314769745,0.132271021604538,-0.287469685077667,-0.203777462244034,-0.457438856363297,-0.401083916425705,-0.59006679058075,-0.408065885305405,-0.607066094875336,-0.508326828479767,0.0161982942372561,-0.490637063980103,-0.467319488525391,-0.724033713340759,-0.507686972618103,-0.179719999432564,0.743470072746277,-0.556176900863647,-0.760279536247253,-0.363659709692001,-0.0105538042262197,-0.5449258685112,-0.213729217648506,0.203017681837082,-0.0941199064254761,0.338210463523865,-0.0389354415237904,0.391097605228424,-0.348116546869278,-0.319292098283768,-0.460698425769806,-0.185845822095871,-0.415390372276306,-0.705032885074615,-0.215985685586929,0.385195285081863,0.270699769258499,0.024288535118103,0.0903994739055634,-0.0205998066812754,-0.505618035793304,0.227476567029953,-0.359922051429749,0.198882102966309,-0.480572193861008,-0.51662665605545,-0.500879943370819,-0.36306956410408,-0.475100934505463,-0.384516149759293,0.221439838409424,-0.525468051433563,-0.628498017787933,-0.651778638362885,-0.265570133924484,-0.171495899558067,-0.470079600811005,-0.461382955312729,-0.386260032653809,-0.142837956547737,-0.227091997861862,-0.324097335338593,0.156214579939842,-0.281956315040588,-0.457232534885406,-0.334255665540695,-0.0330620743334293,-0.568438947200775,-0.582329034805298,-0.0956980735063553,-0.581345617771149,-0.492833733558655,-0.542230546474457,-0.598111033439636,-0.623460650444031,-0.527435302734375,-0.252074480056763,-0.54012006521225,-0.00778729375451803,-0.127379283308983,-0.319583296775818,-0.685780882835388,-0.515385568141937,-0.363334357738495,-0.40978017449379,-0.637703120708466,-0.00421187002211809,-0.625257194042206,-0.510007441043854,-0.0841083079576492,-0.588912904262543,0.305576175451279,0.322480022907257,0.834346532821655,0.197557300329208,-0.0959293022751808,0.649591267108917,-0.156087905168533,0.456302613019943,0.539569735527039,-0.137095794081688,-0.185052573680878,0.791423559188843,0.308037668466568,0.443997591733932,-0.186797231435776,0.849312603473663,0.759910464286804,0.612010478973389,0.219353750348091,0.918768584728241,0.249305382370949,0.386684030294418,0.411785960197449,-0.0377922207117081,0.699592649936676,0.458533376455307,0.944996654987335,-0.127147659659386,0.695268511772156,-0.0909110307693481,0.560456335544586,0.318835645914078,0.30204451084137,0.0557467117905617,0.267279803752899,-0.362285882234573,0.75358909368515,0.640867054462433,0.601604402065277,0.681623756885529,0.141283184289932,-0.288455009460449,0.229669377207756,0.956401944160461,-0.4906025826931,-0.361626774072647,0.0982493385672569,-0.258119285106659,0.0072942259721458,0.446055024862289,0.338597804307938,-0.21893410384655,-0.104593060910702,0.166631132364273,-0.327146202325821,-0.071145623922348,0.0990095213055611,-0.0290189366787672,0.507465839385986,0.152842372655869,-0.156358286738396,0.0817127227783203,0.741092681884766,-0.0664132088422775,0.404213666915894,0.731073141098022,-0.448875099420547,-0.171498611569405,-0.19251511991024,0.385709345340729,-0.260647565126419,-0.309104114770889,-0.310140937566757,0.211446657776833,0.23409029841423,0.0704611018300056,0.32633900642395,0.0835547223687172,0.63959676027298,0.324391484260559,0.593454539775848,0.117334425449371,0.267555385828018,-0.194258511066437,0.381673216819763,0.202936097979546,0.247335433959961,0.768556237220764,0.232593148946762,-0.337312489748001,-0.49201637506485,0.0774420127272606,0.594657242298126,0.242444679141045,0.252099424600601,-0.0374729074537754,-0.148833438754082,-0.500378370285034,0.594352900981903
-0.168079778552055,-0.214825198054314,-0.0733330026268959,-0.335880756378174,0.385513603687286,0.543378710746765,0.753508567810059,-0.301947981119156,0.766766607761383,0.0151071920990944,0.805947005748749,0.622414112091064,0.122765973210335,-0.313944697380066,0.0977204889059067,0.816598951816559,0.872799873352051,0.0526161789894104,0.00180947501212358,0.767870366573334,0.774157464504242,-0.0668447390198708,0.0646519586443901,0.624059200286865,0.43661442399025,0.0475280396640301,1,0.344062238931656,0.864110350608826,0.879354894161224,-0.690455496311188,-0.681477606296539,0.61065262556076,-0.79304826259613,-0.717480719089508,-0.701108038425446,-0.561063349246979,-0.542996883392334,-0.806740045547485,-0.667707502841949,-0.0241511538624763,-0.249741807579994,-0.00218366226181388,-0.573246598243713,0.582756459712982,-0.566290497779846,-0.772275626659393,-0.718491017818451,-0.587244033813477,-0.642888009548187,-0.608745276927948,-0.559194207191467,-0.569245338439941,-0.63257098197937,-0.796581447124481,0.629503071308136,0.679976165294647,0.61765468120575,0.936144530773163,-0.275767385959625,-0.421267181634903,0.500382959842682,0.600505411624908,0.470775693655014,0.705385386943817,0.335708200931549,0.436782747507095,-0.199308782815933,-0.441936552524567,0.334184229373932,-0.28885206580162,0.712841093540192,0.284488707780838,0.273408055305481,-0.10443239659071,-0.684977233409882,0.886627852916718,0.577522039413452,-0.512982308864594,0.276924222707748,0.650900602340698,0.863935589790344,0.101818241178989,0.686260879039764,0.892090082168579,0.764804184436798,0.308498233556747,0.159309387207031,0.561332523822784,0.819773614406586,0.530399024486542,0.503091633319855,0.469181537628174,-0.638018786907196,-0.319643318653107,0.832595825195312,-0.0387914255261421,0.743462920188904,0.482990711927414,0.747596621513367,0.714704632759094,0.476134985685349,0.775447368621826,-0.0106760235503316,0.226112425327301,-0.549335062503815,-0.753419935703278,-0.367921203374863,-0.845695078372955,0.233579412102699,0.407985031604767,0.927106142044067,0.219359934329987,-0.601796567440033,0.419808834791183,-0.39253306388855,0.634702920913696,0.0101693887263536,0.759227693080902,0.236879527568817,0.852221131324768,0.672179102897644,0.627963602542877,0.929228603839874,-0.0429816283285618,0.419511169195175,-0.770204126834869,0.643899381160736,-0.497707456350327,0.210310220718384,-0.314547181129456,0.503978610038757,-0.438584983348846,0.424744367599487,-0.0537077262997627,0.080461323261261,-0.530912220478058,0.658079266548157,-0.00542291067540646,0.670520067214966,0.175535932183266,0.392799079418182,-0.0824579373002052,-0.0960606262087822,0.396550744771957,-0.700932085514069,0.0528541468083858,0.750418663024902,0.162557676434517,-0.850569784641266,0.125032931566238,-0.448020696640015,-0.217385321855545,-0.0131316184997559,-0.00539409974589944,0.216644421219826,0.218581676483154,-0.154415100812912,-0.0379411540925503,-0.28964763879776,-0.040373295545578,-0.31890931725502,-0.627521574497223,-0.141975715756416,0.0993016436696053,0.353658407926559,0.469035297632217,-0.0666118338704109,0.356782644987106,0.00949528999626637,0.382223337888718,0.154271155595779,0.303380072116852,-0.144330978393555,-0.538241744041443,0.653441727161407,0.00781849306076765,0.663565456867218,0.0679973214864731,0.669077217578888,-0.362805724143982,0.170152053236961,-0.508494853973389,0.420687854290009,0.39376774430275,0.541688323020935,0.387258648872375,0.551561236381531,-0.0160708464682102,0.302171170711517,-0.233139112591743,-0.194350689649582,0.735976815223694,-0.0428962297737598,0.289528459310532,0.0326419286429882,0.0133688943460584,0.170087337493896,0.322004377841949,-0.325097292661667,0.206451714038849,0.116983272135258,0.450034618377686,0.002700116019696,0.0570502430200577,0.0407652035355568,0.526110768318176,0.620876431465149,0.0592220462858677,0.611342251300812,-0.148645028471947,0.442170828580856,-0.640624821186066,0.833642184734344,0.122638188302517,0.439783602952957,-0.151509925723076,0.0559311062097549,-0.254745632410049,-0.217830970883369,0.538146018981934,-0.3170365691185,-0.593146085739136,0.221625149250031,-0.77141660451889,0.00282925460487604,-0.520114421844482,-0.535144329071045,0.0471743755042553,-0.430702835321426,0.121773116290569,-0.122568301856518,-0.0891266465187073,-0.527578771114349,-0.31992694735527,-0.216468900442123,-0.275398075580597,-0.366331785917282,-0.419598460197449,0.044591061770916,-0.470915585756302,-0.107254527509212,-0.116459093987942,0.673832833766937,0.00495632039383054,-0.18491318821907,0.31034579873085,-0.682027518749237,-0.262866854667664,-0.534591853618622,0.204875200986862
0.652911484241486,-0.579838395118713,0.748132765293121,-0.380696266889572,0.668043494224548,0.745758533477783,0.702858150005341,0.472015351057053,0.615470886230469,-0.3930344581604,0.672114014625549,0.592995285987854,-0.317535102367401,-0.0847392678260803,0.278437495231628,0.69152307510376,0.344820827245712,0.233432590961456,-0.430066585540771,0.613447487354279,0.81229692697525,0.0723601207137108,-0.472110688686371,0.612305998802185,0.181080549955368,0.883855760097504,0.344062238931656,1,0.0531639158725739,0.70740532875061,-0.625695705413818,-0.29705935716629,0.269515514373779,-0.0944328010082245,0.026062972843647,-0.490864127874374,-0.615205585956573,-0.608886957168579,-0.657082796096802,-0.642754256725311,-0.387161880731583,-0.497210502624512,0.814839363098145,-0.522144258022308,-0.193844184279442,-0.659989774227142,-0.46319118142128,-0.496439725160599,-0.602516770362854,-0.558222591876984,-0.577116906642914,-0.39350688457489,-0.685270667076111,-0.517524540424347,-0.715903222560883,0.328221261501312,0.211798042058945,0.640371739864349,0.532535970211029,-0.217054843902588,-0.669208109378815,0.0562647581100464,0.458822339773178,0.028213394805789,0.251201778650284,-0.215835735201836,-0.0525739081203938,-0.551496028900146,-0.477089434862137,-0.31692773103714,-0.490750640630722,0.440517127513885,-0.227635592222214,-0.326350539922714,-0.65556013584137,-0.682104647159576,0.250905483961105,0.875018954277039,-0.501134991645813,-0.5023512840271,-0.105788215994835,0.272770494222641,-0.41816458106041,0.132632493972778,0.373132705688477,0.270838648080826,0.574340879917145,-0.183805078268051,0.678135216236115,0.0341741144657135,-0.0503609962761402,-0.1402787566185,0.196493774652481,-0.627499759197235,-0.749128878116608,0.038297887891531,0.344116181135178,0.310657232999802,0.107364192605019,0.280371934175491,0.15444178879261,-0.188470855355263,0.398472845554352,-0.0978012010455132,0.17300546169281,-0.475541889667511,-0.63153487443924,-0.657514154911041,-0.513283014297485,-0.216374844312668,-0.102549590170383,0.519946396350861,-0.255538493394852,-0.731587767601013,-0.442134886980057,-0.361482918262482,0.296467185020447,-0.212602689862251,-0.145865336060524,-0.128355696797371,0.276645332574844,0.173834428191185,0.0380158089101315,0.526441991329193,-0.336990863084793,-0.130340501666069,-0.485538125038147,0.199727565050125,-0.625936388969421,-0.410550445318222,-0.0106760552152991,-0.253208756446838,-0.630848407745361,-0.478616058826447,-0.453600853681564,-0.447367161512375,-0.702149629592896,-0.0531679131090641,-0.427301108837128,0.345130532979965,-0.205806419253349,-0.155711263418198,-0.566807568073273,-0.579479515552521,-0.0664930418133736,-0.505819380283356,-0.515882253646851,0.23487114906311,-0.374096363782883,-0.709470748901367,0.0192329548299313,-0.532339930534363,-0.0133506814017892,0.174089267849922,0.627934277057648,-0.000709041371010244,-0.0105553446337581,0.501058042049408,-0.0900436490774155,0.327679842710495,0.341603517532349,-0.0675357282161713,-0.23961640894413,0.681354105472565,0.263757288455963,0.43246328830719,0.0157504677772522,0.660678088665009,0.738643169403076,0.31105163693428,0.101430535316467,0.807009637355804,0.0575282908976078,0.361498326063156,0.0523911640048027,0.226219043135643,0.50249195098877,0.658336520195007,0.833860039710999,-0.133304327726364,0.514456331729889,-0.0493739992380142,0.380658388137817,0.192644715309143,0.171341270208359,0.16840273141861,0.313735544681549,0.019544430077076,0.642018675804138,0.497615486383438,0.550529301166534,0.640366733074188,0.280771464109421,-0.442113190889359,0.22680190205574,0.870068550109863,-0.212530434131622,-0.15862925350666,0.128628417849541,-0.399947345256805,0.0290798377245665,0.28708890080452,0.410422086715698,-0.214462593197823,0.087850958108902,0.222296088933945,-0.0871254429221153,0.0794068723917007,0.0274273101240396,0.0609821379184723,0.633790552616119,0.347756803035736,-0.431599408388138,0.477887719869614,0.775348722934723,0.00498882960528135,0.313131928443909,0.840524852275848,-0.541268825531006,-0.395706444978714,0.0865319594740868,0.0122694401070476,-0.549250543117523,0.0728075206279755,-0.401466608047485,0.228814452886581,-0.0581792630255222,-0.190377071499825,0.263797104358673,-0.143429189920425,0.539007484912872,0.131864294409752,0.477865219116211,-0.110867865383625,0.10131312161684,-0.242478772997856,0.225896611809731,0.0607545599341393,-0.0974925979971886,0.637378334999084,0.000282040244201198,-0.348604887723923,-0.634527504444122,0.37937867641449,0.302879989147186,0.126042693853378,0.352558523416519,-0.374735832214355,-0.200016036629677,-0.664933800697327,0.451743632555008
-0.389648228883743,0.0941457897424698,-0.243045568466187,-0.063265323638916,0.027835076674819,0.453949868679047,0.434781402349472,-0.183523535728455,0.453350275754929,0.37595146894455,0.555172204971313,0.479876309633255,0.470530360937119,-0.0133502762764692,0.143675521016121,0.580526292324066,0.812322080135345,0.25325545668602,0.324299186468124,0.446795493364334,0.47610729932785,0.142266660928726,0.338087618350983,0.239187672734261,0.305927127599716,-0.168394401669502,0.864110350608826,0.0531639158725739,1,0.684539437294006,-0.283383011817932,-0.494852721691132,0.670071125030518,-0.553927004337311,-0.526752293109894,-0.38267320394516,-0.172664552927017,-0.139178425073624,-0.471768409013748,-0.461343675851822,0.310598373413086,0.148449659347534,-0.0707601383328438,-0.186598733067513,0.700694739818573,-0.166054740548134,-0.437364757061005,-0.363554328680038,-0.218243017792702,-0.358717024326324,-0.309278845787048,-0.296438455581665,-0.176504299044609,-0.214636743068695,-0.437295496463776,0.545895755290985,0.66380387544632,0.460294246673584,0.819364964962006,-0.0349068641662598,-0.0214688628911972,0.450566053390503,0.297022879123688,0.510021388530731,0.57260537147522,0.589199125766754,0.573499798774719,0.212513983249664,-0.192837461829185,0.605011820793152,0.0878860354423523,0.630703747272491,0.544784426689148,0.634251892566681,0.340952068567276,-0.267019510269165,0.766531527042389,0.230095759034157,-0.339639991521835,0.463330447673798,0.801008462905884,0.579336524009705,0.415889889001846,0.808784604072571,0.900068819522858,0.769846200942993,-0.150798544287682,-0.013975964859128,0.393663734197617,0.845155477523804,0.778947293758392,0.694756507873535,0.520417332649231,-0.36513552069664,-0.145633846521378,0.842606723308563,0.120898708701134,0.524238467216492,0.258558511734009,0.4060318171978,0.857099831104279,0.679856777191162,0.460448414087296,0.000414093112340197,0.250791072845459,-0.344569325447083,-0.434573650360107,-0.197791412472725,-0.562733292579651,0.504574656486511,0.665855765342712,0.749288737773895,0.430193662643433,-0.290805816650391,0.692957580089569,-0.0734864920377731,0.494370132684708,0.26117479801178,0.812275588512421,0.510996222496033,0.794281542301178,0.539763510227203,0.755404114723206,0.690963864326477,0.289106667041779,0.651535034179688,-0.456179648637772,0.774972856044769,-0.132388800382614,0.537702202796936,-0.0166111383587122,0.6578209400177,-0.0186862517148256,0.68874728679657,0.321309983730316,0.405201643705368,-0.140018627047539,0.750455796718597,0.368445158004761,0.619663894176483,0.532210648059845,0.547104179859161,0.244492083787918,0.35489758849144,0.440528333187103,-0.35639151930809,0.458958745002747,0.579147636890411,0.394833862781525,-0.534967243671417,0.244617983698845,-0.301922976970673,-0.428233206272125,-0.367891758680344,-0.1750598102808,0.0505133457481861,-0.12089916318655,-0.481841295957565,-0.377158582210541,-0.637575566768646,-0.322620034217834,-0.65667062997818,-0.813808500766754,-0.485450178384781,-0.309432595968246,-0.0371837392449379,0.150179803371429,-0.233621716499329,0.0921223759651184,-0.121491305530071,0.142978474497795,-0.0979166254401207,0.164834275841713,-0.546256721019745,-0.536775588989258,0.287853628396988,-0.3049575984478,0.204884603619576,-0.159099876880646,0.770994961261749,-0.561626315116882,-0.214703038334846,-0.692922532558441,0.266271114349365,0.16749233007431,0.200490608811378,0.0499208010733128,0.274177104234695,-0.339532464742661,0.0721467584371567,-0.5217125415802,-0.493210345506668,0.56058269739151,-0.0986111015081406,-0.100586995482445,-0.160865962505341,0.00645861448720098,0.0935176312923431,0.0487177819013596,-0.032251875847578,0.214469701051712,0.194086477160454,0.1000766903162,0.264305800199509,-0.288317233324051,0.19047087430954,0.239072933793068,0.327909737825394,0.133077681064606,0.436856329441071,-0.365217238664627,0.0701677724719048,-0.50158554315567,0.57509058713913,-0.230008900165558,0.272205650806427,-0.401227593421936,-0.30210953950882,-0.0687794089317322,-0.0967263430356979,0.361587524414062,-0.153517097234726,-0.188537314534187,0.216123148798943,-0.687566936016083,-0.396647274494171,-0.321093916893005,-0.283752411603928,0.151418998837471,-0.227834925055504,0.0109834056347609,-0.0269554499536753,-0.0952974334359169,-0.285019397735596,-0.115423016250134,0.0639622807502747,-0.155066043138504,-0.20571480691433,-0.134664341807365,-0.0607805326581001,-0.274972945451736,-0.111956924200058,0.300408840179443,0.587929487228394,-0.200834557414055,-0.214711010456085,-0.0947997197508812,-0.350942462682724,0.00156680855434388,-0.118279978632927,0.135473251342773
0.267868608236313,-0.44964000582695,0.370393663644791,-0.484496265649796,0.484860688447952,0.710333824157715,0.846700072288513,0.0229443088173866,0.846563994884491,-0.180270582437515,0.868610203266144,0.71791011095047,-0.0802677795290947,-0.24066686630249,0.199036121368408,0.88531768321991,0.745142459869385,0.182514280080795,-0.263361603021622,0.803035795688629,0.938841819763184,-0.092020645737648,-0.173127144575119,0.724051296710968,0.524629890918732,0.464301854372025,0.879354894161224,0.70740532875061,0.684539437294006,1,-0.745891392230988,-0.703884899616241,0.539594888687134,-0.589006781578064,-0.534982860088348,-0.745274424552917,-0.701349198818207,-0.692995309829712,-0.864596784114838,-0.85606050491333,-0.22542205452919,-0.441285610198975,0.390796691179276,-0.639548122882843,0.275822460651398,-0.717038869857788,-0.791483819484711,-0.75540828704834,-0.733302772045135,-0.777068912982941,-0.748936474323273,-0.58487457036972,-0.76710456609726,-0.688754498958588,-0.897049188613892,0.522329807281494,0.512057483196259,0.707505345344543,0.916361629962921,-0.366565376520157,-0.643109202384949,0.316295832395554,0.628764450550079,0.299854725599289,0.545987963676453,0.0800552889704704,0.243864074349403,-0.434722483158112,-0.612510919570923,0.0708039477467537,-0.484010070562363,0.654423773288727,0.054288774728775,0.0303303524851799,-0.369172096252441,-0.80968165397644,0.732834100723267,0.804709017276764,-0.70003879070282,-0.078769288957119,0.381098061800003,0.721483469009399,-0.195586547255516,0.531812489032745,0.826899111270905,0.632379233837128,0.43619379401207,0.0752721652388573,0.657864153385162,0.557242810726166,0.416396796703339,0.234207391738892,0.346973299980164,-0.694361686706543,-0.581512570381165,0.551512837409973,0.0814748406410217,0.702238142490387,0.456022411584854,0.650840640068054,0.570853590965271,0.249713957309723,0.788114011287689,-0.103053726255894,0.239197045564651,-0.66305273771286,-0.86405336856842,-0.533548474311829,-0.810622096061707,0.0176386255770922,0.216828867793083,0.870980978012085,-0.0410623513162136,-0.834134042263031,0.0865416154265404,-0.534986615180969,0.525885939598083,-0.151754602789879,0.449983447790146,0.181598514318466,0.714716494083405,0.456791162490845,0.437186300754547,0.868784666061401,-0.23104627430439,0.219807967543602,-0.814846634864807,0.501767158508301,-0.700226366519928,-0.0951303467154503,-0.260970532894135,0.171731218695641,-0.654389917850494,0.0682432800531387,-0.270328938961029,-0.214365229010582,-0.723495781421661,0.361245483160019,-0.232795745134354,0.536468327045441,0.031429585069418,0.104892320930958,-0.365075498819351,-0.325250387191772,0.225110858678818,-0.773825168609619,-0.189762994647026,0.670060634613037,-0.125292077660561,-0.937151253223419,-0.0180038288235664,-0.69115424156189,-0.160372003912926,0.108838960528374,0.395451962947845,0.191913560032845,0.0997270792722702,0.166110500693321,-0.151924073696136,-0.0317441783845425,0.21591417491436,-0.353365629911423,-0.623156607151031,0.234417915344238,0.198798388242722,0.494525820016861,0.280451238155365,0.366481274366379,0.681870460510254,0.238848134875298,0.380394726991653,0.558063924312592,0.323238760232925,0.0655829533934593,-0.259173095226288,0.453501343727112,0.300419300794601,0.738357126712799,0.507172763347626,0.474685698747635,0.0261670835316181,0.0417081490159035,-0.186875090003014,0.485319048166275,0.424747258424759,0.438348054885864,0.487857550382614,0.332389622926712,0.338597744703293,0.544137060642242,0.109075933694839,0.180539011955261,0.758751094341278,-0.217471018433571,0.349388509988785,0.477865040302277,-0.234639331698418,-0.0716771185398102,0.309440821409225,-0.477985441684723,0.0048522399738431,0.16836741566658,0.458715617656708,-0.164069592952728,0.0305584818124771,0.0297407116740942,0.288738191127777,0.498744696378708,0.186806619167328,0.536947250366211,0.0813150852918625,0.415517508983612,-0.699296057224274,0.765007674694061,0.349950939416885,0.433722108602524,-0.0473862364888191,0.346422582864761,-0.287896573543549,-0.187893107533455,0.272178649902344,-0.0829839408397675,-0.652688503265381,0.120209686458111,-0.83150851726532,0.145649924874306,-0.25420218706131,-0.328893214464188,0.286642253398895,-0.266648203134537,0.455548882484436,0.128263890743256,0.295561611652374,-0.29940989613533,-0.0305708553642035,-0.142882138490677,0.0088548231869936,-0.121496498584747,-0.208602249622345,0.444756984710693,-0.218480110168457,-0.272540122270584,-0.267881274223328,0.681637942790985,0.203337699174881,-0.0160255003720522,0.378445863723755,-0.607826769351959,-0.249395281076431,-0.588889598846436,0.4875807762146
-0.336445182561874,0.736016511917114,-0.35137003660202,0.623235762119293,-0.652442872524261,-0.37392657995224,-0.810229063034058,0.342516213655472,-0.827269017696381,0.609540164470673,-0.74737423658371,-0.332339435815811,0.552964329719543,0.664255678653717,0.177486538887024,-0.693660140037537,-0.450588762760162,0.21587610244751,0.51355105638504,-0.8756422996521,-0.794314980506897,0.327045023441315,0.45945417881012,-0.851742088794708,-0.285575270652771,-0.494895249605179,-0.690455496311188,-0.625695705413818,-0.283383011817932,-0.745891392230988,1,0.721527397632599,-0.14119715988636,0.80325973033905,0.686725616455078,0.900096535682678,0.907814562320709,0.907504618167877,0.969058930873871,0.758829414844513,0.604402720928192,0.783554553985596,-0.12533862888813,0.867995619773865,-0.0204266775399446,0.921190500259399,0.915543675422668,0.932356357574463,0.895207941532135,0.813974499702454,0.834330916404724,0.411685824394226,0.866859376430511,0.930133640766144,0.957897543907166,-0.329369932413101,-0.243853628635406,-0.415970802307129,-0.60988587141037,0.658210396766663,0.867867827415466,-0.148710757493973,-0.550789356231689,-0.0770943760871887,-0.330886363983154,0.238476619124413,0.0994808673858643,0.730711579322815,0.643476903438568,0.333998769521713,0.700258553028107,-0.340508311986923,0.328358173370361,0.329836279153824,0.757066667079926,0.954050064086914,-0.480826437473297,-0.829832017421722,0.629495859146118,0.251323610544205,-0.0484920255839825,-0.791783213615417,0.429233938455582,-0.110016234219074,-0.530223429203033,-0.261093348264694,-0.660006582736969,-0.361402094364166,-0.469032287597656,-0.275629609823227,0.11653496325016,0.109611235558987,-0.0338858626782894,0.743234872817993,0.53431111574173,-0.395939409732819,0.133676901459694,-0.840541362762451,-0.519406318664551,-0.837018311023712,-0.186330020427704,0.124234512448311,-0.832016944885254,0.210972398519516,-0.0447430796921253,0.766068160533905,0.904846847057343,0.481471061706543,0.93093353509903,0.365177303552628,0.232878640294075,-0.704778909683228,0.27474308013916,0.807622015476227,0.220961570739746,0.635444521903992,-0.315133810043335,0.530006587505341,-0.259031742811203,0.463010162115097,-0.36768302321434,-0.412322372198105,-0.0620309188961983,-0.745856821537018,0.480893105268478,0.233035504817963,0.882847189903259,-0.145774215459824,0.828085720539093,0.378216862678528,0.640551209449768,0.0653809830546379,0.756912291049957,0.0572457313537598,0.644468307495117,0.486835479736328,0.831910967826843,-0.275766551494598,0.621252775192261,-0.340494990348816,0.30362406373024,-0.0230151005089283,0.55157995223999,0.576646327972412,-0.10031982511282,0.892332315444946,0.643994688987732,-0.488499194383621,0.383347690105438,0.917952418327332,0.0374591648578644,0.613678872585297,-0.322820872068405,-0.540730595588684,-0.402054250240326,-0.445757210254669,-0.541545927524567,-0.472953081130981,-0.355245351791382,-0.353617250919342,-0.470661699771881,-0.171137541532516,0.154242888092995,-0.489611685276031,-0.629441261291504,-0.768527626991272,-0.624113261699677,-0.346018642187119,-0.676814258098602,-0.388125061988831,-0.636799156665802,-0.586520850658417,-0.500479578971863,-0.457412630319595,0.181495249271393,-0.768455386161804,-0.571533501148224,-0.958330154418945,-0.498613059520721,-0.304828971624374,-0.220710501074791,-0.581945538520813,-0.127240881323814,-0.582185864448547,-0.661254703998566,-0.784126102924347,-0.704289615154266,-0.461415618658066,-0.567145586013794,-0.627651870250702,-0.334862977266312,-0.360683500766754,-0.591130495071411,-0.120476953685284,-0.681914508342743,-0.448633790016174,0.232245206832886,0.0360964685678482,-0.487783282995224,0.579909086227417,-0.169203564524651,-0.137346103787422,-0.750723004341125,0.395387887954712,-0.231937453150749,0.158788174390793,-0.492602318525314,-0.655654072761536,-0.0149681735783815,-0.495557337999344,-0.202348738908768,-0.65445476770401,0.532667398452759,-0.635457098484039,-0.572839260101318,-0.377928078174591,-0.262872338294983,-0.537727355957031,0.468968838453293,0.261923432350159,-0.393482744693756,0.118318431079388,0.807193696498871,0.120248965919018,0.580838978290558,-0.464387327432632,0.37639307975769,0.4898701608181,-0.0466999001801014,0.320471107959747,-0.408614099025726,-0.000559360545594245,-0.109656870365143,0.476768016815186,0.31561267375946,0.432279527187347,0.13950902223587,0.27545440196991,0.369699865579605,-0.354183703660965,0.338786035776138,-0.0411782450973988,0.535858511924744,-0.477660208940506,-0.539795875549316,-0.028449883684516,-0.583840012550354,0.607093036174774,0.371428251266479,0.862595856189728,-0.42278727889061
-0.314176380634308,0.724450826644897,-0.343232721090317,0.705880522727966,-0.1402827501297,-0.136772021651268,-0.679064333438873,0.557000815868378,-0.789424300193787,0.590064764022827,-0.607803285121918,-0.193598821759224,0.499090582132339,0.499127149581909,0.481556564569473,-0.522427260875702,-0.303080320358276,0.388170748949051,0.593452990055084,-0.757340788841248,-0.566464006900787,0.673502326011658,0.408159196376801,-0.765941083431244,-0.62092649936676,-0.277496516704559,-0.681477606296539,-0.29705935716629,-0.494852721691132,-0.703884899616241,0.721527397632599,1,-0.0763339027762413,0.749538481235504,0.845668077468872,0.911275386810303,0.854479968547821,0.830128073692322,0.770790755748749,0.907884001731873,0.652096629142761,0.733000040054321,0.0733292028307915,0.54649031162262,0.111804485321045,0.8172807097435,0.902735769748688,0.906452715396881,0.881035149097443,0.947113275527954,0.87527596950531,0.312791347503662,0.813019692897797,0.799470722675323,0.737967669963837,-0.197349950671196,-0.084373451769352,-0.263702303171158,-0.499460101127625,0.715231776237488,0.70807021856308,0.148542687296867,-0.527798473834991,-0.118371814489365,-0.104554526507854,0.378015607595444,0.311763435602188,0.689562737941742,0.813589572906494,0.331384271383286,0.780422806739807,-0.0549987703561783,0.442333668470383,0.260285288095474,0.484779387712479,0.766194105148315,-0.365245461463928,-0.629492282867432,0.912170171737671,0.32942795753479,-0.00385380629450083,-0.760519802570343,0.533499360084534,0.00495762098580599,-0.571093797683716,-0.0884404331445694,-0.384218692779541,-0.705012559890747,-0.254291027784348,-0.193451300263405,-0.0418503247201443,0.199918419122696,0.212230131030083,0.568835556507111,0.478186786174774,-0.368007093667984,0.449241250753403,-0.941372573375702,-0.52739691734314,-0.840044915676117,-0.272664785385132,0.119373857975006,-0.852854073047638,0.591615438461304,-0.164847820997238,0.85781466960907,0.90582811832428,0.340668469667435,0.709491491317749,0.484358668327332,0.298714429140091,-0.596276521682739,0.475780546665192,0.83675742149353,0.159937605261803,0.74137932062149,0.0139572434127331,0.65671569108963,-0.355119705200195,0.167508378624916,-0.312887519598007,-0.118142008781433,0.0391552560031414,-0.527794301509857,0.399771869182587,0.27264729142189,0.923224747180939,-0.00400811061263084,0.84734708070755,0.339073479175568,0.757141828536987,0.166129186749458,0.688896894454956,-0.0392970331013203,0.633708000183105,0.541799128055573,0.691883146762848,-0.119341611862183,0.582501411437988,0.0160663854330778,0.132798731327057,0.256452292203903,0.602752149105072,0.404337525367737,0.0697874873876572,0.928296864032745,0.460198104381561,-0.51195502281189,0.548198640346527,0.751473188400269,0.488321155309677,0.7792107462883,-0.38693755865097,-0.566835880279541,-0.510922074317932,-0.66180408000946,-0.507782578468323,-0.45340970158577,-0.225457563996315,-0.311901062726974,-0.601256608963013,0.1916424036026,0.375340104103088,-0.34750634431839,-0.621769666671753,-0.817901909351349,-0.534044623374939,-0.443343997001648,-0.594217300415039,-0.601277410984039,-0.81421571969986,-0.551614582538605,-0.734981596469879,-0.346074849367142,-0.138099208474159,-0.34457591176033,-0.599289417266846,-0.651547849178314,-0.433001071214676,-0.605434477329254,-0.175642475485802,-0.474095195531845,0.113933958113194,-0.770557522773743,-0.787078559398651,-0.761942446231842,-0.691679835319519,-0.291001498699188,-0.507485628128052,-0.746767163276672,-0.191122457385063,-0.2138382345438,-0.867286145687103,-0.492937624454498,-0.728286862373352,-0.280578970909119,0.619551777839661,0.18285970389843,-0.720313549041748,0.530578911304474,0.219657048583031,-0.133226752281189,-0.680903851985931,0.458157628774643,0.027847770601511,0.489250779151917,-0.519849061965942,-0.824178159236908,-0.542783796787262,-0.709113657474518,0.429166525602341,-0.553582549095154,0.524143695831299,-0.449625074863434,-0.0321076847612858,-0.741914331912994,0.193909004330635,-0.00725618237629533,-0.161403626203537,-0.238161399960518,-0.0269204918295145,-0.210487335920334,0.538720190525055,0.50497955083847,0.9064901471138,-0.413033246994019,0.000461176125099882,0.0614675730466843,-0.334061115980148,0.0111493617296219,-0.534238040447235,-0.371190309524536,-0.327809184789658,0.110761679708958,-0.0432669408619404,0.114109568297863,-0.119494065642357,0.0362964794039726,-0.0826044231653214,-0.494551122188568,0.060382816940546,-0.0103437341749668,0.103457368910313,-0.404709756374359,-0.624940931797028,-0.347040832042694,-0.521957337856293,0.330413073301315,0.341410279273987,0.470441877841949,-0.568869888782501
-0.448792785406113,0.199558734893799,-0.29587984085083,-0.109468720853329,0.524428009986877,0.828653991222382,0.549325406551361,0.193174466490746,0.493037402629852,0.426180005073547,0.707280516624451,0.819981396198273,0.6134073138237,0.506290555000305,0.361547768115997,0.757528007030487,0.891446232795715,0.248783797025681,0.269151985645294,0.445150822401047,0.562385678291321,0.531000852584839,0.561512172222137,0.314083993434906,0.266145795583725,-0.10292412340641,0.61065262556076,0.269515514373779,0.670071125030518,0.539594888687134,-0.14119715988636,-0.0763339027762413,1,-0.116456128656864,0.00539551395922899,-0.0133110545575619,0.0316980816423893,0.102407664060593,-0.333554327487946,-0.22031182050705,0.480249345302582,0.364843100309372,0.408704817295074,0.0793808177113533,0.531204521656036,0.028837263584137,-0.197648957371712,-0.139042973518372,-0.0684274137020111,-0.0996559709310532,-0.229826435446739,-0.627838492393494,-0.0871677845716476,-0.137806221842766,-0.279727458953857,0.825206339359283,0.936138153076172,0.818333983421326,0.781894385814667,0.351326823234558,0.197203561663628,0.791269063949585,0.506644546985626,0.870432674884796,0.819691300392151,0.672069370746613,0.731318831443787,0.276613414287567,-0.21190357208252,0.707049667835236,0.221442461013794,0.889476120471954,0.64074832201004,0.647350788116455,0.367810696363449,-0.17780701816082,0.787810921669006,0.290252894163132,0.0415546335279942,0.453131437301636,0.554900407791138,0.466574132442474,0.421444028615952,0.844646573066711,0.538776695728302,0.733702480792999,0.203790828585625,-0.482457727193832,0.759694516658783,0.814844131469727,0.775167644023895,0.823031663894653,0.930582225322723,-0.583886623382568,-0.414547681808472,0.631894886493683,0.170117393136024,0.151277080178261,-0.248913779854774,0.218167886137962,0.601755499839783,0.801687777042389,0.110845737159252,0.260627299547195,-0.0700853168964386,-0.19048473238945,-0.20233915746212,-0.619082808494568,-0.265835791826248,0.677287757396698,0.770628571510315,0.67657071352005,0.693452119827271,-0.208230391144753,0.511399269104004,0.0213612616062164,0.814953505992889,0.615212380886078,0.783976852893829,0.611834585666656,0.865049779415131,0.829116880893707,0.902372241020203,0.713474571704865,0.0873842015862465,0.81419974565506,-0.238712713122368,0.687218248844147,-0.0259426794946194,0.663974046707153,0.461766541004181,0.775945007801056,0.0122418543323874,0.330485016107559,0.456184595823288,0.557101309299469,-0.274009346961975,0.644203305244446,0.37162771821022,0.810480356216431,0.164982378482819,0.502239167690277,0.381122380495071,0.220266804099083,0.696947872638702,-0.0646112859249115,0.381888419389725,0.170353055000305,0.518191516399384,-0.343861281871796,0.387101262807846,0.0316374450922012,-0.823314487934113,-0.631964862346649,-0.378156304359436,-0.578827500343323,-0.0223430637270212,-0.383005321025848,-0.139997377991676,-0.475107401609421,-0.601448833942413,-0.263503938913345,-0.382860124111176,-0.272275626659393,-0.360862910747528,-0.23755256831646,0.241215109825134,-0.3264519572258,-0.114899843931198,-0.612434506416321,-0.453098207712173,-0.173387750983238,-0.530799686908722,-0.304782748222351,-0.74682629108429,0.217916548252106,-0.541060864925385,0.146922364830971,-0.148182198405266,0.0521761141717434,-0.272286653518677,-0.254823446273804,-0.31872883439064,-0.385981261730194,-0.44546240568161,0.112737111747265,-0.189597263932228,0.50129359960556,-0.249000623822212,-0.385247498750687,-0.107821352779865,-0.0863506719470024,0.116420306265354,-0.299625009298325,-0.367812991142273,-0.0219024941325188,0.339780062437057,0.181761905550957,-0.11549224704504,-0.156646177172661,0.162141129374504,0.0521594882011414,0.121673762798309,0.123664528131485,-0.249245181679726,0.36008009314537,0.151308909058571,0.0607663430273533,0.150960758328438,-0.144809782505035,0.245226725935936,0.25190207362175,-0.695892214775085,0.684643089771271,-0.0847065225243568,-0.159421503543854,-0.537449538707733,0.197003617882729,-0.233919560909271,-0.631312787532806,0.410409539937973,-0.509235680103302,-0.402172029018402,0.578400194644928,-0.316242456436157,-0.441784858703613,-0.327846080064774,-0.243754267692566,0.254643052816391,-0.110282443463802,-0.0141644924879074,-0.108444958925247,0.0163413379341364,-0.138909325003624,-0.00506129860877991,0.165722027420998,0.109986826777458,0.042422492057085,-0.270709276199341,-0.0436695441603661,-0.12576699256897,0.108075968921185,-0.0718044117093086,0.773306548595428,-0.575241088867188,0.0404785647988319,-0.243613481521606,-0.259807080030441,0.265335917472839,-0.234684497117996,-0.160083428025246
0.096361979842186,0.411006093025208,0.114526435732841,0.444821774959564,-0.268675923347473,-0.0379054732620716,-0.545279145240784,0.701789379119873,-0.627560198307037,0.312354445457458,-0.52195155620575,-0.111927650868893,0.300131171941757,0.753545165061951,0.271633386611938,-0.467602640390396,-0.484776556491852,0.255940645933151,0.198721244931221,-0.674700140953064,-0.510185241699219,0.388625055551529,0.148110806941986,-0.595068991184235,-0.291520208120346,0.033668152987957,-0.79304826259613,-0.0944328010082245,-0.553927004337311,-0.589006781578064,0.80325973033905,0.749538481235504,-0.116456128656864,1,0.945146024227142,0.809388875961304,0.675495266914368,0.687123417854309,0.79199606180191,0.56620317697525,0.342407196760178,0.540031731128693,0.415847390890121,0.749988973140717,-0.364011019468307,0.665967404842377,0.84922844171524,0.819341123104095,0.673546195030212,0.650369107723236,0.626975238323212,0.272856444120407,0.592230677604675,0.761045873165131,0.755495846271515,-0.244821667671204,-0.267569810152054,-0.142773628234863,-0.566899597644806,0.637154459953308,0.59188038110733,-0.231489077210426,-0.369838207960129,-0.115726806223392,-0.341731250286102,-0.0206192620098591,-0.0856439396739006,0.415800899267197,0.432335317134857,0.0180042088031769,0.450208514928818,-0.259268909692764,0.0702049285173416,0.0179814714938402,0.361345440149307,0.71818220615387,-0.584260821342468,-0.425254791975021,0.491511046886444,-0.169882699847221,-0.364253491163254,-0.84222286939621,0.106502525508404,-0.260085314512253,-0.615706741809845,-0.348445534706116,-0.302666753530502,-0.518380701541901,-0.147298738360405,-0.501970589160919,-0.110967263579369,-0.126594379544258,-0.00937516801059246,0.467533946037292,0.100712403655052,-0.624627768993378,0.303316861391068,-0.870629668235779,-0.672127783298492,-0.848035097122192,-0.341113090515137,-0.144333466887474,-0.838166356086731,0.130070894956589,-0.0422083027660847,0.615942418575287,0.732711613178253,0.0946732982993126,0.883828580379486,0.141627743840218,0.0208675004541874,-0.644151270389557,0.0575904212892056,0.518707633018494,-0.232205241918564,0.512478590011597,-0.289046496152878,0.404437810182571,-0.550408005714417,0.293792992830276,-0.434127002954483,-0.443558663129807,-0.227954715490341,-0.677378118038177,0.23570317029953,0.0133600970730186,0.799059391021729,-0.250261574983597,0.564631521701813,0.0679071173071861,0.740096628665924,-0.231707721948624,0.475739926099777,-0.42573955655098,0.348766565322876,0.178051263093948,0.504655182361603,-0.513435363769531,0.315095394849777,-0.308920085430145,0.0464802458882332,-0.264974981546402,0.206470474600792,0.19007720053196,-0.241016939282417,0.784233272075653,0.255882680416107,-0.620055913925171,0.0805952772498131,0.740319967269897,-0.0103232283145189,0.46512833237648,-0.275472939014435,-0.424010276794434,-0.0448037534952164,-0.553128182888031,-0.518610000610352,-0.0704146325588226,-0.29172158241272,-0.00331764365546405,-0.259981423616409,-0.0319942645728588,0.274599254131317,0.0267405547201633,-0.439513742923737,-0.581522226333618,-0.669131994247437,0.0629288032650948,-0.370355725288391,-0.248382553458214,-0.72991532087326,-0.143316209316254,-0.626765966415405,-0.111993044614792,0.352218002080917,-0.799042165279388,-0.270607054233551,-0.723293483257294,-0.0103187067434192,-0.676600635051727,0.255776107311249,-0.596430242061615,0.306231439113617,-0.667293906211853,-0.729761004447937,-0.780648052692413,-0.639495193958282,-0.535940229892731,-0.130906268954277,-0.4635369181633,0.150251433253288,0.165692567825317,-0.675153434276581,-0.327966600656509,-0.615240633487701,0.0786755904555321,0.132023870944977,-0.0691980645060539,-0.450387239456177,0.398135840892792,-0.215148538351059,0.00321133434772491,-0.551539063453674,0.213007047772408,-0.178715869784355,0.270793676376343,-0.646098017692566,-0.760392069816589,0.0228784084320068,-0.700088262557983,0.288424342870712,-0.471950173377991,0.418713599443436,-0.545323967933655,-0.112804993987083,-0.536779761314392,-0.0612411499023438,0.0366809889674187,0.202366471290588,-0.000349189416738227,-0.464262098073959,0.147219017148018,0.583900690078735,0.101921528577805,0.583218276500702,-0.301958322525024,0.471607327461243,0.51762193441391,0.10548359900713,0.365763932466507,-0.120682753622532,0.0975660309195518,0.211864605545998,0.563560843467712,0.459370762109756,0.324447244405746,0.394809633493423,0.434888780117035,0.401030987501144,0.024186372756958,0.476789444684982,-0.1634431630373,0.0913770794868469,-0.419698506593704,-0.377827793359756,0.191433891654015,-0.43541619181633,0.579759061336517,0.326628983020782,0.549101173877716,-0.264615297317505
0.0110657084733248,0.427409797906876,0.0675808116793633,0.52677184343338,-0.0549748763442039,0.125329732894897,-0.458735466003418,0.774601101875305,-0.594204843044281,0.3676578104496,-0.410453647375107,-0.0306041017174721,0.368809908628464,0.730333149433136,0.370249629020691,-0.346887409687042,-0.331230670213699,0.343011051416397,0.320298284292221,-0.580350935459137,-0.408522874116898,0.604240596294403,0.169619619846344,-0.564212918281555,-0.486619979143143,0.102493189275265,-0.717480719089508,0.026062972843647,-0.526752293109894,-0.534982860088348,0.686725616455078,0.845668077468872,0.00539551395922899,0.945146024227142,1,0.802140474319458,0.67266446352005,0.693280279636383,0.681617856025696,0.608966827392578,0.423293769359589,0.590486884117126,0.502742111682892,0.666256487369537,-0.230965465307236,0.642664313316345,0.845398426055908,0.806213676929474,0.689686894416809,0.702934741973877,0.644970059394836,0.26273649930954,0.613816201686859,0.733957290649414,0.659709632396698,-0.0890380516648293,-0.099660761654377,-0.0243326369673014,-0.448935449123383,0.715742826461792,0.587639570236206,-0.0738155692815781,-0.361301511526108,-0.0326137691736221,-0.19149874150753,0.143991202116013,0.0656804144382477,0.480361342430115,0.521595478057861,0.100764773786068,0.549154102802277,-0.0711999088525772,0.202822357416153,0.113407000899315,0.332759231328964,0.667855679988861,-0.486737549304962,-0.329386383295059,0.605388164520264,-0.0883514657616615,-0.243503570556641,-0.793819427490234,0.254906088113785,-0.116189956665039,-0.524320662021637,-0.194310203194618,-0.24801330268383,-0.691642463207245,0.0145258195698261,-0.369408875703812,-0.10001614689827,0.0264851078391075,0.18445697426796,0.333912283182144,0.0331668555736542,-0.484636098146439,0.502512812614441,-0.870103657245636,-0.746979951858521,-0.839485466480255,-0.240862295031548,-0.0664931014180183,-0.873340666294098,0.246282830834389,-0.0430098623037338,0.62730860710144,0.723346650600433,-0.022824490442872,0.74792605638504,0.281068921089172,0.150336369872093,-0.513319551944733,0.229427397251129,0.549087703227997,-0.170672535896301,0.638509333133698,-0.123872183263302,0.522650241851807,-0.483678936958313,0.213345602154732,-0.333498120307922,-0.243682831525803,-0.0892563313245773,-0.531313419342041,0.307964622974396,0.117724917829037,0.81494402885437,-0.0630834624171257,0.614493608474731,0.181414619088173,0.842428505420685,-0.0846038088202477,0.531666159629822,-0.35657811164856,0.415088266134262,0.302514672279358,0.482315361499786,-0.308710664510727,0.385265171527863,-0.0592897310853004,0.101633153855801,-0.0314823277294636,0.291137874126434,0.213394701480865,-0.128604799509048,0.812474608421326,0.25699108839035,-0.630214869976044,0.215830028057098,0.647941529750824,0.262371927499771,0.558369278907776,-0.356922179460526,-0.541358172893524,-0.152093827724457,-0.661139190196991,-0.533347368240356,-0.154388964176178,-0.288624197244644,-0.102038316428661,-0.41487056016922,0.0129607180133462,0.260462552309036,0.00481112115085125,-0.5185866355896,-0.665203332901001,-0.631656587123871,-0.0447704382240772,-0.395616561174393,-0.375125169754028,-0.842705845832825,-0.176353827118874,-0.752480030059814,-0.175348997116089,0.141934528946877,-0.612649083137512,-0.364868611097336,-0.621820271015167,-0.0337412171065807,-0.723663866519928,0.197488307952881,-0.608728289604187,0.322138071060181,-0.778128862380981,-0.819146871566772,-0.771543204784393,-0.721524477005005,-0.468761503696442,-0.18474780023098,-0.565306186676025,0.124808967113495,0.144847601652145,-0.804283142089844,-0.48087602853775,-0.722479701042175,0.111790016293526,0.318151623010635,0.0312598086893559,-0.567683756351471,0.451877117156982,0.0545774139463902,0.118245042860508,-0.500126779079437,0.332680642604828,-0.180420473217964,0.508729994297028,-0.664578258991241,-0.843151926994324,-0.189470127224922,-0.819043815135956,0.524528384208679,-0.428840517997742,0.392776817083359,-0.423922508955002,0.0892150402069092,-0.752120554447174,0.0682793185114861,0.22640934586525,-0.113121747970581,-0.285822033882141,-0.239599600434303,-0.0172978471964598,0.5055832862854,0.26282986998558,0.668219149112701,-0.421201795339584,0.267081409692764,0.301802486181259,-0.010186804458499,0.219513162970543,-0.213150084018707,-0.0875765234231949,0.0776912868022919,0.380330473184586,0.28214505314827,0.179422050714493,0.286518722772598,0.307636588811874,0.220412880182266,-0.070844829082489,0.332620859146118,-0.142560541629791,-0.0560650564730167,-0.348876863718033,-0.457419693470001,0.0585101991891861,-0.485030084848404,0.48508819937706,0.343156337738037,0.366417795419693,-0.362652450799942
-0.382571130990982,0.775580048561096,-0.424526244401932,0.585243284702301,-0.329828649759293,-0.216872066259384,-0.764918744564056,0.481273412704468,-0.803201079368591,0.66029304265976,-0.665749728679657,-0.231883078813553,0.578590571880341,0.677406370639801,0.383152216672897,-0.595507740974426,-0.341558784246445,0.358858555555344,0.548974514007568,-0.852987766265869,-0.664877533912659,0.597446322441101,0.602645695209503,-0.824759840965271,-0.399789690971375,-0.44640064239502,-0.701108038425446,-0.490864127874374,-0.38267320394516,-0.745274424552917,0.900096535682678,0.911275386810303,-0.0133110545575619,0.809388875961304,0.802140474319458,1,0.959620893001556,0.945592224597931,0.892420172691345,0.873012483119965,0.714299857616425,0.822199583053589,0.00461527891457081,0.741885781288147,0.0599782690405846,0.955281376838684,0.927048325538635,0.960693001747131,0.920933127403259,0.945597350597382,0.843679666519165,0.302729666233063,0.870695292949677,0.8729208111763,0.884405255317688,-0.272526204586029,-0.118010871112347,-0.334078252315521,-0.540442883968353,0.677417397499084,0.841438710689545,0.130283758044243,-0.566759347915649,-0.0283770821988583,-0.196796178817749,0.383499175310135,0.304294228553772,0.756198585033417,0.693055629730225,0.430792093276978,0.812012195587158,-0.1589035987854,0.456223517656326,0.39681875705719,0.681704998016357,0.885463953018188,-0.373449146747589,-0.796585917472839,0.864046335220337,0.390547782182693,-0.0502871498465538,-0.781185150146484,0.51618218421936,0.01294962503016,-0.606147885322571,-0.191989377140999,-0.527540981769562,-0.646039009094238,-0.369369059801102,-0.199531361460686,0.156175643205643,0.22071947157383,0.167398422956467,0.655144453048706,0.499230891466141,-0.424486935138702,0.257061332464218,-0.920577883720398,-0.570700466632843,-0.879338443279266,-0.301306992769241,0.260454773902893,-0.876493513584137,0.510428786277771,-0.305566132068634,0.788218021392822,0.962484002113342,0.37141016125679,0.863526940345764,0.506025433540344,0.342084527015686,-0.692591786384583,0.489884287118912,0.843226671218872,0.264060854911804,0.652859747409821,-0.0720337480306625,0.657434046268463,-0.237617030739784,0.351741462945938,-0.324357718229294,-0.1945411413908,0.0917887911200523,-0.629571497440338,0.345171242952347,0.350165158510208,0.917876422405243,-0.0994981080293655,0.86324542760849,0.440355330705643,0.776294231414795,0.199372172355652,0.752160370349884,0.0658046379685402,0.728231906890869,0.595726072788239,0.73345547914505,-0.165399953722954,0.614970564842224,-0.14764030277729,0.135816380381584,0.155838117003441,0.703970432281494,0.578856885433197,0.170841723680496,0.969144523143768,0.585573196411133,-0.60850715637207,0.540385186672211,0.889501392841339,0.323863595724106,0.693182945251465,-0.492394179105759,-0.618368625640869,-0.523394286632538,-0.720479011535645,-0.514072418212891,-0.478115230798721,-0.284813642501831,-0.346999257802963,-0.609623193740845,0.0692462474107742,0.345808565616608,-0.444974035024643,-0.672648966312408,-0.856374204158783,-0.540301442146301,-0.445965051651001,-0.656499683856964,-0.626569449901581,-0.826096475124359,-0.621446013450623,-0.733227908611298,-0.397106349468231,-0.082276739180088,-0.588495254516602,-0.67415976524353,-0.858810663223267,-0.505875468254089,-0.545519292354584,-0.16280534863472,-0.544568777084351,0.0721346810460091,-0.755389750003815,-0.813477277755737,-0.768305122852325,-0.675582885742188,-0.317755341529846,-0.537423551082611,-0.778126657009125,-0.201580092310905,-0.248706713318825,-0.79168838262558,-0.324355900287628,-0.764646768569946,-0.367267221212387,0.428487867116928,-0.00345412292517722,-0.708971202373505,0.443870276212692,-0.0535349734127522,-0.270860344171524,-0.788446366786957,0.328775554895401,-0.182629436254501,0.278264164924622,-0.556808531284332,-0.798386991024017,-0.216318994760513,-0.707744479179382,0.172851324081421,-0.646502733230591,0.397800296545029,-0.570038139820099,-0.410362094640732,-0.609254479408264,-0.174119397997856,-0.263058543205261,0.187792614102364,-0.0353375598788261,-0.280796706676483,-0.0380556508898735,0.608948469161987,0.393177330493927,0.809834957122803,-0.461679428815842,0.266376197338104,0.372018277645111,-0.0593015514314175,0.303756654262543,-0.403327226638794,-0.0911749973893166,-0.142405837774277,0.407029002904892,0.245733991265297,0.449788272380829,0.119150124490261,0.305838495492935,0.186270669102669,-0.396046996116638,0.321675002574921,0.141234189271927,0.400866240262985,-0.298484414815903,-0.644676446914673,-0.151509061455727,-0.686959743499756,0.550401091575623,0.54993212223053,0.737984299659729,-0.464494585990906
-0.544823586940765,0.877449572086334,-0.558885991573334,0.699414610862732,-0.458164006471634,-0.256510853767395,-0.800357818603516,0.376800984144211,-0.836356699466705,0.801584124565125,-0.677577197551727,-0.266522645950317,0.714153349399567,0.610983312129974,0.37855476140976,-0.602611601352692,-0.23516272008419,0.410887986421585,0.729332864284515,-0.856666922569275,-0.698993444442749,0.621632218360901,0.678161382675171,-0.898554444313049,-0.448170453310013,-0.576025366783142,-0.561063349246979,-0.615205585956573,-0.172664552927017,-0.701349198818207,0.907814562320709,0.854479968547821,0.0316980816423893,0.675495266914368,0.67266446352005,0.959620893001556,1,0.987331986427307,0.875557959079742,0.874576449394226,0.827480375766754,0.914829850196838,-0.158177524805069,0.736268818378448,0.269038319587708,0.995708048343658,0.910635054111481,0.957270741462708,0.974606454372406,0.95452743768692,0.896151781082153,0.378023475408554,0.949884593486786,0.922031998634338,0.877156138420105,-0.22893251478672,-0.0407184287905693,-0.369922131299973,-0.45026296377182,0.695519685745239,0.911129593849182,0.16604819893837,-0.623734533786774,0.00427527818828821,-0.139942824840546,0.547372221946716,0.4207683801651,0.895350098609924,0.787534713745117,0.580419957637787,0.917199969291687,-0.10563138872385,0.607964515686035,0.568601489067078,0.828227460384369,0.931328237056732,-0.276530891656876,-0.866077065467834,0.854398012161255,0.549565076828003,0.179548159241676,-0.722294449806213,0.697329163551331,0.160369008779526,-0.424591809511185,-0.0444546900689602,-0.691745162010193,-0.609744310379028,-0.409442543983459,-0.0328342989087105,0.284952580928802,0.377082079648972,0.214477449655533,0.697527468204498,0.611250519752502,-0.221294984221458,0.311318516731262,-0.847274601459503,-0.496934503316879,-0.847756803035736,-0.096279963850975,0.384872198104858,-0.834730446338654,0.512363135814667,-0.196256279945374,0.808595538139343,0.956779360771179,0.476376712322235,0.775216996669769,0.639184772968292,0.491673231124878,-0.599692821502686,0.598592340946198,0.910754203796387,0.479763835668564,0.745732426643372,-0.0488188490271568,0.724444210529327,-0.0856147632002831,0.431082844734192,-0.221050322055817,-0.140527561306953,0.215829238295555,-0.568037867546082,0.530438959598541,0.479131013154984,0.909530282020569,0.0821212008595467,0.949249684810638,0.597608268260956,0.751871764659882,0.355604857206345,0.866080939769745,0.308399468660355,0.852616846561432,0.741122543811798,0.8520268201828,0.0291182920336723,0.779362976551056,-0.0515297837555408,0.357562482357025,0.340237885713577,0.820749163627625,0.747569143772125,0.209267392754555,0.964340925216675,0.763633906841278,-0.477406412363052,0.681263864040375,0.855224132537842,0.419916868209839,0.709240078926086,-0.520480573177338,-0.713149845600128,-0.632660388946533,-0.639803409576416,-0.588934004306793,-0.682242810726166,-0.399982362985611,-0.567257881164551,-0.718835413455963,-0.104825183749199,0.152098566293716,-0.666568398475647,-0.798896193504333,-0.936010956764221,-0.562956750392914,-0.586575865745544,-0.727275788784027,-0.640276968479156,-0.769455254077911,-0.746959149837494,-0.645490229129791,-0.616120159626007,-0.184610784053802,-0.52916032075882,-0.788455605506897,-0.896342515945435,-0.652808487415314,-0.298520743846893,-0.399803161621094,-0.604119479656219,-0.164572313427925,-0.677601873874664,-0.752878844738007,-0.781846642494202,-0.730282962322235,-0.324980437755585,-0.729037284851074,-0.795877575874329,-0.456183046102524,-0.502793788909912,-0.716569781303406,-0.31707102060318,-0.824483931064606,-0.524963557720184,0.471845000982285,0.0692963451147079,-0.736162483692169,0.570731103420258,0.0786500424146652,-0.195048063993454,-0.834678888320923,0.498400330543518,-0.243834927678108,0.352620989084244,-0.517676413059235,-0.761377155780792,-0.282617777585983,-0.590498566627502,-0.00235520396381617,-0.719127476215363,0.435762614011765,-0.53299218416214,-0.503942131996155,-0.573457896709442,-0.19985893368721,-0.457514822483063,0.179819151759148,0.0108685297891498,-0.17399463057518,-0.0554458275437355,0.702087581157684,0.410383582115173,0.724528908729553,-0.605321526527405,0.159871369600296,0.277663946151733,-0.143133044242859,0.205998107790947,-0.520542860031128,-0.173979744315147,-0.291674464941025,0.293178617954254,0.137846574187279,0.416659981012344,-0.0235496833920479,0.170625895261765,0.149259448051453,-0.534018814563751,0.200286045670509,0.0963466316461563,0.549916386604309,-0.298859566450119,-0.69631016254425,-0.297981381416321,-0.740823328495026,0.502786338329315,0.519824326038361,0.786536335945129,-0.501937448978424
-0.591032743453979,0.845382809638977,-0.568617165088654,0.694929182529449,-0.422715395689011,-0.195420518517494,-0.741280138492584,0.354138940572739,-0.791658043861389,0.783929944038391,-0.614048838615417,-0.235450088977814,0.740898370742798,0.685863614082336,0.296692878007889,-0.551189541816711,-0.192520543932915,0.341268628835678,0.729610979557037,-0.791642725467682,-0.697463393211365,0.638088047504425,0.67274421453476,-0.853423893451691,-0.468005865812302,-0.569504380226135,-0.542996883392334,-0.608886957168579,-0.139178425073624,-0.692995309829712,0.907504618167877,0.830128073692322,0.102407664060593,0.687123417854309,0.693280279636383,0.945592224597931,0.987331986427307,1,0.858383119106293,0.845835566520691,0.817620992660522,0.939913690090179,-0.11462876200676,0.814208507537842,0.245081961154938,0.987535119056702,0.908329963684082,0.939802348613739,0.96284407377243,0.926294445991516,0.865300178527832,0.372550845146179,0.956857085227966,0.919641375541687,0.885944306850433,-0.124554738402367,0.0340064503252506,-0.294988572597504,-0.426487237215042,0.749961614608765,0.955887317657471,0.162445142865181,-0.570112407207489,0.118780694901943,-0.103140950202942,0.563453495502472,0.402870237827301,0.908436059951782,0.748875975608826,0.58752304315567,0.914196670055389,-0.0753996223211288,0.605906784534454,0.60691511631012,0.860303938388824,0.942822992801666,-0.272899597883224,-0.822603583335876,0.832207798957825,0.516312062740326,0.179064214229584,-0.68715626001358,0.712753355503082,0.171720564365387,-0.393382668495178,-0.0366654358804226,-0.67043662071228,-0.601581394672394,-0.314364910125732,-0.00369028234854341,0.287756681442261,0.420642226934433,0.274456739425659,0.603490471839905,0.51455020904541,-0.158796608448029,0.311550170183182,-0.816013336181641,-0.611023664474487,-0.819593071937561,-0.0351006835699081,0.394834041595459,-0.874056339263916,0.419335186481476,-0.165115714073181,0.765335917472839,0.938068330287933,0.366324335336685,0.77564150094986,0.650693476200104,0.509747087955475,-0.542740643024445,0.620064675807953,0.897407233715057,0.463692426681519,0.784081101417542,-0.0495557337999344,0.748102247714996,-0.0224934779107571,0.445139318704605,-0.180297672748566,-0.0841698721051216,0.242786601185799,-0.541864395141602,0.568505525588989,0.49506875872612,0.899005055427551,0.121158488094807,0.945820093154907,0.664172470569611,0.789447367191315,0.392752438783646,0.900719881057739,0.309735029935837,0.851480782032013,0.771957755088806,0.839943051338196,0.0835137069225311,0.788052558898926,-0.0049885232001543,0.393104881048203,0.357857406139374,0.813941895961761,0.756267607212067,0.206464424729347,0.963530361652374,0.761866211891174,-0.524646103382111,0.667955577373505,0.851313054561615,0.421017438173294,0.741696774959564,-0.536920607089996,-0.765362322330475,-0.659907460212708,-0.657202422618866,-0.545480966567993,-0.683674693107605,-0.363952696323395,-0.579120755195618,-0.76496833562851,-0.137248665094376,0.128270417451859,-0.657705247402191,-0.799867451190948,-0.943910121917725,-0.521207392215729,-0.606982707977295,-0.787919044494629,-0.66133451461792,-0.811293721199036,-0.756915032863617,-0.695682466030121,-0.620994865894318,-0.201371937990189,-0.543372511863708,-0.819154143333435,-0.907600283622742,-0.662886917591095,-0.307621449232101,-0.387531012296677,-0.604197561740875,-0.178636536002159,-0.742298305034637,-0.807065427303314,-0.745531976222992,-0.803287863731384,-0.305317670106888,-0.733743607997894,-0.843759775161743,-0.444046795368195,-0.486767292022705,-0.743588328361511,-0.258127897977829,-0.866038382053375,-0.529066979885101,0.474709063768387,0.1147096529603,-0.687547385692596,0.606911480426788,0.12757682800293,-0.0950543060898781,-0.752877056598663,0.520587205886841,-0.322189778089523,0.398976743221283,-0.493794500827789,-0.74519956111908,-0.215031519532204,-0.650173962116241,-0.00236576166935265,-0.646629989147186,0.408179491758347,-0.491701632738113,-0.509745299816132,-0.625598430633545,-0.273282527923584,-0.43321231007576,0.16522105038166,-0.0734118223190308,-0.13157819211483,-0.0925165116786957,0.702795624732971,0.367480009794235,0.684156894683838,-0.679766535758972,0.144849255681038,0.274388790130615,-0.11886552721262,0.219046711921692,-0.532994091510773,-0.180770084261894,-0.29098105430603,0.300291359424591,0.138377115130424,0.394990295171738,0.0301137268543243,0.180030688643456,0.171092808246613,-0.528356790542603,0.204947710037231,0.124724596738815,0.510359406471252,-0.278310805559158,-0.715924024581909,-0.199208855628967,-0.765688002109528,0.541509747505188,0.527056515216827,0.737889111042023,-0.552076458930969
-0.273894101381302,0.694305658340454,-0.33552211523056,0.634441196918488,-0.652227938175201,-0.526299238204956,-0.879647970199585,0.276167571544647,-0.896277964115143,0.493567109107971,-0.855569958686829,-0.465973287820816,0.40245395898819,0.519882678985596,0.120735347270966,-0.810260891914368,-0.603011071681976,0.119696848094463,0.447435647249222,-0.924428880214691,-0.875242531299591,0.232827723026276,0.342850774526596,-0.86555141210556,-0.361916214227676,-0.487463802099228,-0.806740045547485,-0.657082796096802,-0.471768409013748,-0.864596784114838,0.969058930873871,0.770790755748749,-0.333554327487946,0.79199606180191,0.681617856025696,0.892420172691345,0.875557959079742,0.858383119106293,1,0.840662062168121,0.4956094622612,0.683934330940247,-0.218183815479279,0.795100033283234,-0.109358839690685,0.884372770786285,0.929835736751556,0.931608200073242,0.888742446899414,0.846042573451996,0.875015676021576,0.473142117261887,0.858639717102051,0.900884509086609,0.976931989192963,-0.451612442731857,-0.390084117650986,-0.547043979167938,-0.7586669921875,0.595754265785217,0.801947414875031,-0.235878363251686,-0.59667694568634,-0.2269017547369,-0.425792574882507,0.104532182216644,-0.0241252183914185,0.643043696880341,0.693802714347839,0.184369891881943,0.637744724750519,-0.472805827856064,0.198284611105919,0.156814694404602,0.628444850444794,0.940517365932465,-0.600022852420807,-0.858191609382629,0.677273809909821,0.185129657387733,-0.167848244309425,-0.834970712661743,0.339968740940094,-0.282580941915512,-0.677687525749207,-0.391471832990646,-0.599405288696289,-0.274754971265793,-0.584120512008667,-0.415331721305847,-0.0918100997805595,-0.0453887395560741,-0.179129540920258,0.814021944999695,0.623466193675995,-0.510901093482971,0.0745902135968208,-0.876955687999725,-0.458782702684402,-0.831165432929993,-0.3499516248703,-0.0428439490497112,-0.836404323577881,0.222382202744484,-0.0657026991248131,0.822765469551086,0.938220977783203,0.581854641437531,0.950980484485626,0.228713974356651,0.06317388266325,-0.818076312541962,0.163068905472755,0.852880001068115,0.0972696393728256,0.616653084754944,-0.40245446562767,0.420209765434265,-0.405476450920105,0.283645510673523,-0.517457962036133,-0.497509449720383,-0.235443443059921,-0.839624285697937,0.416092604398727,0.0630442351102829,0.916031062602997,-0.296216875314713,0.81974333524704,0.229758247733116,0.527790129184723,-0.0628457814455032,0.715140581130981,-0.0434322245419025,0.528480529785156,0.37303215265274,0.842043876647949,-0.390558928251266,0.51462858915329,-0.450971752405167,0.18670916557312,-0.100956216454506,0.473161637783051,0.462290704250336,-0.205479443073273,0.890632510185242,0.515530109405518,-0.512911021709442,0.301802784204483,0.962623476982117,-0.00517658470198512,0.666455745697021,-0.152064442634583,-0.383752018213272,-0.381844371557236,-0.352228760719299,-0.45330935716629,-0.379169374704361,-0.220767363905907,-0.215926557779312,-0.363833516836166,0.0107333920896053,0.323043286800385,-0.408459097146988,-0.501988410949707,-0.695101022720337,-0.583697080612183,-0.33290895819664,-0.673087239265442,-0.325508087873459,-0.558517456054688,-0.579218804836273,-0.437530308961868,-0.329206794500351,0.263581901788712,-0.698427975177765,-0.469695001840591,-0.910210788249969,-0.497218608856201,-0.384135693311691,-0.16848261654377,-0.436624467372894,-0.0350102111697197,-0.549589276313782,-0.59069150686264,-0.746783137321472,-0.641531884670258,-0.458411872386932,-0.508477687835693,-0.590727984905243,-0.278202414512634,-0.312102943658829,-0.645803034305573,-0.0643172338604927,-0.568672060966492,-0.46553897857666,0.260569959878922,0.0726176798343658,-0.444125860929489,0.579921782016754,-0.153990477323532,-0.188522011041641,-0.719532251358032,0.347701877355576,-0.0799698755145073,0.0917771607637405,-0.445743978023529,-0.634096264839172,-0.124620892107487,-0.479846894741058,-0.163980230689049,-0.623829364776611,0.663544774055481,-0.710040032863617,-0.480790823698044,-0.370194375514984,-0.0910735428333282,-0.493089228868484,0.440625250339508,0.303082406520844,-0.380235314369202,0.107883483171463,0.804498851299286,0.0736235603690147,0.704572141170502,-0.317423611879349,0.341196537017822,0.437293440103531,-0.180482223629951,0.264115303754807,-0.459688633680344,-0.0735458880662918,-0.186878502368927,0.411168366670609,0.214205771684647,0.318653583526611,0.0430983975529671,0.196122899651527,0.297178357839584,-0.407237857580185,0.278741985559464,-0.0260045174509287,0.443734556436539,-0.622447729110718,-0.45316618680954,-0.0691839531064034,-0.474252969026566,0.577702701091766,0.277940839529037,0.820213675498962,-0.46210765838623
-0.520713567733765,0.792032420635223,-0.602625370025635,0.713144063949585,-0.33717280626297,-0.452592581510544,-0.799306988716125,0.179999798536301,-0.856626331806183,0.573211789131165,-0.749372363090515,-0.405830770730972,0.465105086565018,0.329754233360291,0.250340610742569,-0.690826416015625,-0.386103540658951,0.143545180559158,0.624202966690063,-0.814336895942688,-0.769235074520111,0.452185779809952,0.463080197572708,-0.812622964382172,-0.582955479621887,-0.595625996589661,-0.667707502841949,-0.642754256725311,-0.461343675851822,-0.85606050491333,0.758829414844513,0.907884001731873,-0.22031182050705,0.56620317697525,0.608966827392578,0.873012483119965,0.874576449394226,0.845835566520691,0.840662062168121,1,0.624812245368958,0.722581744194031,-0.33600839972496,0.566977262496948,0.179466903209686,0.859000504016876,0.860790610313416,0.871394455432892,0.906905233860016,0.96132904291153,0.921362280845642,0.377591788768768,0.884805858135223,0.78057724237442,0.832002699375153,-0.283502221107483,-0.158418282866478,-0.479040831327438,-0.623070180416107,0.629108548164368,0.781023979187012,0.107716776430607,-0.561390161514282,-0.130479291081429,-0.151364371180534,0.350212246179581,0.247235327959061,0.716922640800476,0.850217938423157,0.346954941749573,0.768555879592896,-0.222545191645622,0.40638193488121,0.260590374469757,0.579492747783661,0.828681230545044,-0.375595241785049,-0.829316675662994,0.938956618309021,0.46698859333992,0.0355636514723301,-0.660288751125336,0.565646350383759,-0.0876808539032936,-0.628986954689026,-0.178372919559479,-0.45861491560936,-0.425717443227768,-0.484074980020523,-0.164969190955162,-0.0977394878864288,0.185820013284683,0.0664532035589218,0.689996480941772,0.721914112567902,-0.292743921279907,0.171375259757042,-0.851976037025452,-0.398926585912704,-0.710567533969879,-0.313062071800232,0.119779661297798,-0.788525998592377,0.531834244728088,-0.18605300784111,0.889265298843384,0.946881234645844,0.564800024032593,0.723624527454376,0.428265690803528,0.223893120884895,-0.668035924434662,0.453757762908936,0.957066059112549,0.274674892425537,0.707550823688507,-0.0836186483502388,0.571736097335815,-0.233417510986328,0.111278906464577,-0.36048486828804,-0.132933035492897,-0.0238216035068035,-0.602612018585205,0.424170613288879,0.21833872795105,0.898579359054565,-0.11236996948719,0.897698283195496,0.38152801990509,0.52436637878418,0.223100110888481,0.749295949935913,0.132825613021851,0.627576947212219,0.570461869239807,0.804953098297119,-0.0796715766191483,0.58918958902359,-0.116864264011383,0.128815725445747,0.263348430395126,0.667156755924225,0.471717059612274,0.0570105463266373,0.89609557390213,0.514953911304474,-0.447363197803497,0.575041055679321,0.84937047958374,0.370889067649841,0.869396150112152,-0.231276467442513,-0.442585527896881,-0.68500542640686,-0.465066164731979,-0.313853830099106,-0.538853704929352,-0.0416164956986904,-0.330115854740143,-0.5811647772789,0.283826500177383,0.459670007228851,-0.530616700649261,-0.519201397895813,-0.763943314552307,-0.351056426763535,-0.65167623758316,-0.773134291172028,-0.598441779613495,-0.63008314371109,-0.779229044914246,-0.572061598300934,-0.357231169939041,-0.148430302739143,-0.249923497438431,-0.644061148166656,-0.698787689208984,-0.705941677093506,-0.434506207704544,-0.369416743516922,-0.243752524256706,-0.0698485150933266,-0.668258130550385,-0.646537959575653,-0.604433298110962,-0.627437353134155,-0.161215543746948,-0.654074788093567,-0.781365513801575,-0.372586101293564,-0.428043633699417,-0.786805212497711,-0.182137176394463,-0.586321234703064,-0.612927675247192,0.640954852104187,0.290371209383011,-0.562822282314301,0.572420001029968,0.205050453543663,-0.247757956385612,-0.643200039863586,0.438978523015976,0.110743008553982,0.273885309696198,-0.278530180454254,-0.615487337112427,-0.522976398468018,-0.533852159976959,0.103453405201435,-0.504846453666687,0.625691056251526,-0.504280030727386,-0.269811034202576,-0.559379935264587,0.121614493429661,-0.311111688613892,0.0465755797922611,-0.0452689044177532,0.0315134823322296,-0.252371609210968,0.595936894416809,0.389709562063217,0.909532129764557,-0.335271239280701,-0.0767230018973351,0.0191058460623026,-0.483341008424759,-0.0340719074010849,-0.703534305095673,-0.443858772516251,-0.544100046157837,0.0206597205251455,-0.196869149804115,0.0781998038291931,-0.295407086610794,-0.103149466216564,-0.143415123224258,-0.717136204242706,-0.0608326755464077,0.130529567599297,0.251169294118881,-0.51379930973053,-0.602657675743103,-0.37479567527771,-0.453657150268555,0.317845076322556,0.256188988685608,0.562238752841949,-0.688205420970917
-0.710258364677429,0.920147657394409,-0.662968039512634,0.638691127300262,-0.185581147670746,0.152931824326515,-0.421560525894165,0.383403718471527,-0.48295584321022,0.984330058097839,-0.237659946084023,0.182773679494858,0.948512315750122,0.552118003368378,0.643845319747925,-0.123066656291485,0.329561144113541,0.607274174690247,0.88094699382782,-0.50665944814682,-0.249952286481857,0.789080739021301,0.840004742145538,-0.647994101047516,-0.279770106077194,-0.571389317512512,-0.0241511538624763,-0.387161880731583,0.310598373413086,-0.22542205452919,0.604402720928192,0.652096629142761,0.480249345302582,0.342407196760178,0.423293769359589,0.714299857616425,0.827480375766754,0.817620992660522,0.4956094622612,0.624812245368958,1,0.935511589050293,-0.0692900866270065,0.45960322022438,0.714355945587158,0.805690348148346,0.603068888187408,0.693413734436035,0.785313963890076,0.747133791446686,0.687141835689545,0.0237622689455748,0.740087270736694,0.68293035030365,0.484999001026154,0.178557842969894,0.438877671957016,0.0442874133586884,0.116212956607342,0.703231811523438,0.782942771911621,0.589229583740234,-0.318239331245422,0.309553354978561,0.357542902231216,0.895789265632629,0.843753397464752,0.930445611476898,0.678904354572296,0.918131232261658,0.91902095079422,0.429505378007889,0.945318222045898,0.831052243709564,0.869503021240234,0.629097461700439,0.279962927103043,-0.59201717376709,0.729518711566925,0.826448202133179,0.642217218875885,-0.320924311876297,0.902837157249451,0.679337322711945,0.0665892660617828,0.504866361618042,-0.552401065826416,-0.738603413105011,-0.0410573817789555,0.505149304866791,0.680055379867554,0.79634016752243,0.637039363384247,0.382813036441803,0.482144713401794,0.254847466945648,0.438961237668991,-0.591269135475159,-0.292831182479858,-0.558900773525238,0.341082155704498,0.771570205688477,-0.505508422851562,0.699187517166138,-0.0841537788510323,0.648473560810089,0.653234899044037,0.277151703834534,0.362730383872986,0.952864348888397,0.884296536445618,-0.0852539017796516,0.890630483627319,0.677953779697418,0.812322616577148,0.650550723075867,0.445668250322342,0.930891513824463,0.343995034694672,0.677796363830566,0.325535207986832,0.313766270875931,0.696617722511292,-0.0243310928344727,0.587044298648834,0.87462705373764,0.605151891708374,0.555427372455597,0.806911110877991,0.824991226196289,0.769968867301941,0.754981338977814,0.709719359874725,0.566456615924835,0.992278516292572,0.937942028045654,0.630284547805786,0.448007494211197,0.932422280311584,0.453791528940201,0.503139197826385,0.678603947162628,0.916239440441132,0.768653690814972,0.526821136474609,0.71399587392807,0.923650324344635,-0.0710640400648117,0.949131906032562,0.428586393594742,0.649372279644012,0.575640797615051,-0.823915779590607,-0.893330037593842,-0.744002163410187,-0.706271648406982,-0.606022953987122,-0.901670277118683,-0.523174285888672,-0.853463411331177,-0.909408688545227,-0.290696531534195,-0.207345515489578,-0.833703517913818,-0.912530064582825,-0.908980429172516,-0.402298927307129,-0.716247498989105,-0.590812265872955,-0.80569589138031,-0.746727764606476,-0.746938645839691,-0.65661233663559,-0.805832803249359,-0.610138118267059,-0.16954630613327,-0.938836395740509,-0.583820939064026,-0.674103379249573,-0.01501046679914,-0.677629470825195,-0.650851905345917,-0.471316605806351,-0.597515344619751,-0.707181096076965,-0.629775166511536,-0.63331937789917,-0.0165080409497023,-0.852180182933807,-0.771963119506836,-0.641477286815643,-0.660860896110535,-0.419430911540985,-0.546930611133575,-0.828422546386719,-0.522112429141998,0.648936152458191,0.217922523617744,-0.727979063987732,0.454182595014572,0.260405749082565,-0.161533609032631,-0.716488599777222,0.614247918128967,-0.187599986791611,0.532864511013031,-0.315211921930313,-0.567632377147675,-0.38810858130455,-0.357444286346436,0.0609048157930374,-0.563444316387177,0.0874972194433212,-0.0387905389070511,-0.393532544374466,-0.466947436332703,-0.248895838856697,-0.372075617313385,-0.0641476213932037,-0.227168723940849,0.185756281018257,-0.337749630212784,0.399622678756714,0.747115552425385,0.413231462240219,-0.70855724811554,-0.196898996829987,-0.0783979520201683,-0.16878542304039,-0.0936684757471085,-0.543121576309204,-0.344598382711411,-0.399278461933136,-0.0366603098809719,-0.0690270960330963,0.312932789325714,-0.227111637592316,-0.0534684583544731,-0.172668233513832,-0.595557451248169,-0.0997642055153847,-0.0141256349161267,0.47457367181778,0.106136798858643,-0.877461194992065,-0.529125213623047,-0.660711705684662,0.0883249714970589,0.437195360660553,0.525806963443756,-0.48185521364212
-0.713840007781982,0.901820600032806,-0.632216989994049,0.736082673072815,-0.31386798620224,0.0446254573762417,-0.533404171466827,0.369277477264404,-0.617906272411346,0.915570259094238,-0.374821275472641,0.02821871265769,0.922704637050629,0.699247300624847,0.428051203489304,-0.286768525838852,0.129123136401176,0.429659277200699,0.864445984363556,-0.601025223731995,-0.481922656297684,0.734933257102966,0.740064322948456,-0.736987233161926,-0.407848834991455,-0.578283786773682,-0.249741807579994,-0.497210502624512,0.148449659347534,-0.441285610198975,0.783554553985596,0.733000040054321,0.364843100309372,0.540031731128693,0.590486884117126,0.822199583053589,0.914829850196838,0.939913690090179,0.683934330940247,0.722581744194031,0.935511589050293,1,-0.0577403418719769,0.72940057516098,0.504719793796539,0.90370762348175,0.781773805618286,0.826510488986969,0.897460103034973,0.823367595672607,0.793407261371613,0.195795625448227,0.882246375083923,0.839558959007263,0.705952107906342,0.153499692678452,0.328744173049927,-0.0339922234416008,-0.115499995648861,0.838383555412292,0.941478073596954,0.363899827003479,-0.38173434138298,0.324738681316376,0.193552926182747,0.773802101612091,0.62904965877533,0.972983479499817,0.728985369205475,0.788741767406464,0.937781751155853,0.232862547039986,0.813231408596039,0.766718566417694,0.934042036533356,0.822797477245331,0.0210492126643658,-0.669952273368835,0.757469534873962,0.653540253639221,0.47212690114975,-0.48276162147522,0.863629400730133,0.465640187263489,-0.0967950746417046,0.298412263393402,-0.617599010467529,-0.663795471191406,-0.0750379860401154,0.308348268270493,0.497455626726151,0.681906044483185,0.531859457492828,0.427293986082077,0.438754707574844,0.146543934941292,0.413036704063416,-0.703571617603302,-0.551831901073456,-0.677698016166687,0.275304555892944,0.593981623649597,-0.736043632030487,0.474453032016754,-0.00251739588566124,0.722449541091919,0.789618849754333,0.249323055148125,0.579073190689087,0.847675681114197,0.750089645385742,-0.23646254837513,0.785471856594086,0.799723923206329,0.649107754230499,0.801805675029755,0.20781297981739,0.906953096389771,0.221013739705086,0.634882628917694,0.146290853619576,0.162158831954002,0.507710516452789,-0.251991540193558,0.692906975746155,0.729372024536133,0.768944084644318,0.429074287414551,0.909187853336334,0.826900362968445,0.838916659355164,0.627436101436615,0.859650611877441,0.443660527467728,0.953084707260132,0.910999119281769,0.770891070365906,0.325148582458496,0.930992364883423,0.297144770622253,0.550243973731995,0.551869213581085,0.86007034778595,0.775558769702911,0.318957209587097,0.853937447071075,0.89882904291153,-0.281299918889999,0.829943358898163,0.633728981018066,0.536971569061279,0.72343373298645,-0.707825064659119,-0.91633266210556,-0.744558691978455,-0.677776277065277,-0.585715770721436,-0.850835978984833,-0.455045163631439,-0.781479775905609,-0.909657955169678,-0.300969839096069,-0.124167792499065,-0.783433854579926,-0.900722205638885,-0.964489281177521,-0.469613939523697,-0.700771749019623,-0.772008657455444,-0.75395929813385,-0.827892422676086,-0.78502094745636,-0.721283555030823,-0.775210857391357,-0.415984630584717,-0.374163269996643,-0.935075700283051,-0.769556105136871,-0.701517701148987,-0.12822125852108,-0.585986137390137,-0.673879146575928,-0.418175369501114,-0.737364053726196,-0.821885406970978,-0.70223194360733,-0.837380528450012,-0.160721942782402,-0.856049537658691,-0.862776219844818,-0.602389216423035,-0.618366539478302,-0.588047504425049,-0.384252607822418,-0.914128959178925,-0.562004268169403,0.607821404933929,0.279000163078308,-0.655673742294312,0.637430787086487,0.272444367408752,0.00537448236718774,-0.676106512546539,0.671135425567627,-0.296213418245316,0.559812963008881,-0.373153358697891,-0.644461691379547,-0.278644472360611,-0.524292409420013,0.000368030072422698,-0.550887703895569,0.27289354801178,-0.200385123491287,-0.443083822727203,-0.586610317230225,-0.298302680253983,-0.412654548883438,0.0341652296483517,-0.2164296656847,0.107553899288177,-0.283635914325714,0.600887775421143,0.543464481830597,0.492263585329056,-0.796890377998352,-0.0867606103420258,0.0500023923814297,-0.182515412569046,0.00362770818173885,-0.612956762313843,-0.330413997173309,-0.395421981811523,0.0891166254878044,-0.0088240634649992,0.283641964197159,-0.10835238546133,0.00500820111483335,-0.013261984102428,-0.60325962305069,-0.0045807808637619,-0.00967259984463453,0.450890630483627,-0.112189725041389,-0.860685646533966,-0.318544536828995,-0.711650550365448,0.307821214199066,0.424997001886368,0.594330132007599,-0.609348475933075
0.487636148929596,-0.290382444858551,0.625928640365601,-0.184352248907089,0.52498060464859,0.784779071807861,0.427762895822525,0.760457336902618,0.318428725004196,-0.108814142644405,0.45957887172699,0.568682849407196,0.00492811482399702,0.484079599380493,0.344891548156738,0.493010342121124,0.215425416827202,0.342974334955215,-0.242612823843956,0.278301209211349,0.512668013572693,0.375707298517227,-0.167562901973724,0.287237942218781,0.0690783485770226,0.738399803638458,-0.00218366226181388,0.814839363098145,-0.0707601383328438,0.390796691179276,-0.12533862888813,0.0733292028307915,0.408704817295074,0.415847390890121,0.502742111682892,0.00461527891457081,-0.158177524805069,-0.11462876200676,-0.218183815479279,-0.33600839972496,-0.0692900866270065,-0.0577403418719769,1,0.0348374508321285,-0.301014542579651,-0.188966020941734,-0.00331010320223868,-0.0369965992867947,-0.191590875387192,-0.179098963737488,-0.265489906072617,-0.276933819055557,-0.279650121927261,-0.0725655406713486,-0.242508992552757,0.323569715023041,0.235045954585075,0.62184351682663,0.304819315671921,0.181403160095215,-0.18725161254406,0.0669080168008804,0.269821017980576,0.203554227948189,0.149579271674156,-0.0552279502153397,0.0279439706355333,-0.188765719532967,-0.296204924583435,-0.112832732498646,-0.131096765398979,0.378547012805939,-0.0486957095563412,-0.068756565451622,-0.25528946518898,-0.216301411390305,0.0405624657869339,0.56462162733078,-0.188025385141373,-0.439425766468048,-0.211719021201134,-0.103729747235775,-0.2202969789505,0.139777630567551,0.110968984663486,0.133061587810516,0.328501254320145,-0.510930776596069,0.657251060009003,-0.0784244611859322,0.098522461950779,-0.0105231571942568,0.347991526126862,-0.451018482446671,-0.742980301380157,-0.160641387104988,0.449726521968842,-0.100332289934158,-0.394541382789612,-0.156464740633965,0.0749221593141556,-0.0371552817523479,-0.105781257152557,-0.0514831282198429,0.0325402095913887,-0.217259883880615,-0.20092000067234,-0.706118762493134,-0.0179248601198196,0.0174405854195356,0.0803887620568275,0.234258711338043,-0.0348607078194618,-0.409092962741852,-0.384333282709122,-0.0461322739720345,0.21180522441864,0.123688600957394,-0.193622902035713,0.149941742420197,0.160588815808296,0.0888503789901733,0.114125445485115,0.215992301702499,-0.16955004632473,0.0632106214761734,-0.0650423839688301,0.159369215369225,-0.256336063146591,-0.119528137147427,0.479134529829025,-0.164222314953804,-0.239423200488091,-0.504861652851105,-0.10752534866333,-0.154872015118599,-0.402300447225571,-0.140220820903778,-0.147363767027855,0.265989482402802,-0.106846667826176,-0.164119124412537,-0.267665535211563,-0.271925747394562,0.0110151199623942,-0.0315369591116905,-0.23616424202919,-0.196461290121078,-0.20420928299427,-0.257272213697433,0.0839731022715569,-0.244731888175011,-0.333040326833725,-0.224235773086548,0.437727838754654,-0.431329429149628,-0.248833656311035,0.335150957107544,-0.24935694038868,0.181703314185143,0.0218947157263756,-0.166456744074821,-0.140779301524162,0.542826473712921,-0.0797956436872482,0.0113641219213605,-0.252706080675125,0.535121738910675,0.389235377311707,0.0148761067539454,-0.396545916795731,0.578687965869904,-0.394408166408539,0.183429628610611,0.0777255445718765,-0.248301550745964,0.163774624466896,0.155295550823212,0.673904597759247,-0.448156297206879,0.567882120609283,-0.408005177974701,0.46105620265007,-0.270930409431458,-0.335037142038345,-0.196960970759392,-0.115755245089531,-0.181908950209618,0.454719185829163,0.088491253554821,0.562083065509796,0.63810133934021,-0.113953329622746,-0.51288777589798,-0.233046442270279,0.787964880466461,-0.138587549328804,-0.227283611893654,-0.14993143081665,-0.196482583880424,-0.0807217285037041,0.288008213043213,0.110251113772392,-0.102735221385956,-0.230270117521286,0.368876338005066,-0.416196972131729,-0.322585076093674,0.199444815516472,-0.411445587873459,0.694664299488068,0.0996531397104263,-0.359564185142517,0.211962819099426,0.485024809837341,-0.337326943874359,-0.0157285556197166,0.741660058498383,-0.35233461856842,-0.475312858819962,-0.155977517366409,0.0630154386162758,-0.238013178110123,0.139127537608147,-0.135204434394836,-0.115870170295238,0.228436425328255,0.168349906802177,0.461431264877319,0.18718059360981,0.471276998519897,0.258876115083694,0.601837873458862,0.285869389772415,0.42911085486412,0.102349385619164,0.555960595607758,0.408006399869919,0.197768092155457,0.613073229789734,0.343711733818054,-0.236797511577606,-0.429826885461807,0.324374198913574,-0.0135774435475469,0.337291598320007,-0.0799475386738777,0.0629658401012421,0.173150554299355,-0.292334496974945,0.264925509691238
-0.408977806568146,0.51400887966156,-0.321749031543732,0.482801556587219,-0.440772593021393,-0.149752095341682,-0.515978932380676,0.217480540275574,-0.567266941070557,0.433423459529877,-0.454705119132996,-0.196209892630577,0.523299694061279,0.817129492759705,-0.122540026903152,-0.45009571313858,-0.290619432926178,-0.0658761635422707,0.392319858074188,-0.558367609977722,-0.688008904457092,0.302729666233063,0.373928219079971,-0.57706493139267,-0.275206059217453,-0.405697405338287,-0.573246598243713,-0.522144258022308,-0.186598733067513,-0.639548122882843,0.867995619773865,0.54649031162262,0.0793808177113533,0.749988973140717,0.666256487369537,0.741885781288147,0.736268818378448,0.814208507537842,0.795100033283234,0.566977262496948,0.45960322022438,0.72940057516098,0.0348374508321285,1,-0.144768163561821,0.765277206897736,0.780122518539429,0.74665355682373,0.721084773540497,0.609351336956024,0.607583582401276,0.317289382219315,0.752074956893921,0.77913898229599,0.866351246833801,0.0189354624599218,-0.00493330229073763,-0.134642586112022,-0.48492431640625,0.720006704330444,0.877843141555786,-0.150439217686653,-0.293662905693054,0.285307198762894,-0.191934525966644,0.208647280931473,-0.00564012071117759,0.635557293891907,0.402088910341263,0.276359558105469,0.563434600830078,-0.230443269014359,0.233144879341125,0.362901210784912,0.728419303894043,0.85266101360321,-0.426532536745071,-0.583843111991882,0.473667532205582,0.0854392945766449,-0.104119591414928,-0.578162729740143,0.368417501449585,-0.104837357997894,-0.414149969816208,-0.25150939822197,-0.468148201704025,-0.269163519144058,-0.121132969856262,-0.18784011900425,0.0820169299840927,0.187767907977104,0.131243988871574,0.349123001098633,0.149712219834328,-0.197960510849953,0.0659147053956985,-0.63617879152298,-0.810107827186584,-0.6302809715271,-0.0308436397463083,0.113375850021839,-0.841964244842529,-0.115276470780373,0.018230764195323,0.516820073127747,0.726078152656555,0.0633013322949409,0.833987414836884,0.310556977987289,0.212729141116142,-0.463796645402908,0.272711873054504,0.642657995223999,0.0972969233989716,0.629610300064087,-0.28911817073822,0.504367411136627,-0.0501105301082134,0.427428096532822,-0.219583809375763,-0.197754621505737,-0.00388929829932749,-0.585792124271393,0.477981269359589,0.215964585542679,0.72402960062027,-0.0674080401659012,0.680955529212952,0.497437655925751,0.65515273809433,0.136545345187187,0.73281729221344,0.00678161578252912,0.521214783191681,0.479568243026733,0.654531478881836,-0.120588697493076,0.518035650253296,-0.193120062351227,0.308822572231293,-0.0207904763519764,0.431807070970535,0.4903165102005,-0.0989923030138016,0.76360034942627,0.510989129543304,-0.599689424037933,0.252286583185196,0.799905776977539,-0.0101393526419997,0.625315546989441,-0.315629839897156,-0.593134045600891,-0.415399163961411,-0.446892142295837,-0.293770611286163,-0.363543957471848,-0.149802133440971,-0.283848404884338,-0.516442716121674,-0.198620542883873,0.116583377122879,-0.353226542472839,-0.503204226493835,-0.659784317016602,-0.384476333856583,-0.339626848697662,-0.767333745956421,-0.397459298372269,-0.67769467830658,-0.523002982139587,-0.59651130437851,-0.351364433765411,0.132570862770081,-0.724810779094696,-0.563181638717651,-0.861641764640808,-0.445945262908936,-0.340088486671448,-0.102676019072533,-0.468351483345032,-0.106655314564705,-0.712550342082977,-0.742563426494598,-0.54378205537796,-0.808624744415283,-0.321604490280151,-0.463094770908356,-0.687265574932098,-0.195731028914452,-0.209968477487564,-0.599106192588806,0.111262306571007,-0.687551856040955,-0.387305796146393,0.188592612743378,0.150961875915527,-0.246551260352135,0.572187781333923,-0.0477942414581776,0.151919946074486,-0.381308048963547,0.352215200662613,-0.4283407330513,0.229277804493904,-0.340186417102814,-0.502916753292084,0.234913095831871,-0.626563727855682,-0.166787087917328,-0.317506313323975,0.360673993825912,-0.436594158411026,-0.525335311889648,-0.471648335456848,-0.473687589168549,-0.37225815653801,0.39697477221489,-0.0218561515212059,-0.244252175092697,-0.0041911294683814,0.676344752311707,-0.0477387458086014,0.390726506710052,-0.585315346717834,0.31321594119072,0.44928440451622,0.0613503530621529,0.353966772556305,-0.363913118839264,0.0104318587109447,-0.0584716312587261,0.470932155847549,0.305476516485214,0.329357802867889,0.323352009057999,0.305931895971298,0.403441190719604,-0.261807173490524,0.34223684668541,0.0844730064272881,0.325047969818115,-0.347289562225342,-0.511097848415375,0.32985907793045,-0.566014587879181,0.663186609745026,0.353729635477066,0.598750293254852,-0.512295484542847
-0.689955234527588,0.617585599422455,-0.634627163410187,0.419201195240021,0.00950878113508224,0.240665301680565,0.03426294028759,-0.0383210331201553,-0.0126200309023261,0.743560910224915,0.174469977617264,0.349244147539139,0.72596949338913,-0.0435204803943634,0.529407322406769,0.271132230758667,0.702605783939362,0.448567003011703,0.760924279689789,0.0258490424603224,0.181900441646576,0.476509839296341,0.577605783939362,-0.188931241631508,-0.0990031063556671,-0.487734347581863,0.582756459712982,-0.193844184279442,0.700694739818573,0.275822460651398,-0.0204266775399446,0.111804485321045,0.531204521656036,-0.364011019468307,-0.230965465307236,0.0599782690405846,0.269038319587708,0.245081961154938,-0.109358839690685,0.179466903209686,0.714355945587158,0.504719793796539,-0.301014542579651,-0.144768163561821,1,0.236483216285706,-0.0145449796691537,0.0802225694060326,0.274597615003586,0.227827712893486,0.260527729988098,-0.201828181743622,0.259257763624191,0.128328621387482,-0.131361499428749,0.412354499101639,0.642313659191132,0.233047395944595,0.573240041732788,0.313518583774567,0.289096266031265,0.69649863243103,0.0315824002027512,0.33892348408699,0.664628922939301,0.869167268276215,0.878831326961517,0.589872717857361,0.419574469327927,0.845317780971527,0.533355593681335,0.676484823226929,0.876882791519165,0.708159565925598,0.535144925117493,0.0574592240154743,0.711970686912537,-0.169826209545135,0.303643673658371,0.861019134521484,0.962025701999664,0.28482973575592,0.801237523555756,0.864551663398743,0.579943060874939,0.855675101280212,-0.272960990667343,-0.344289779663086,0.146307691931725,0.869113087654114,0.678293645381927,0.859142959117889,0.644017577171326,0.0290997158735991,0.398335814476013,0.742607533931732,0.316416144371033,0.00701941875740886,0.249615579843521,0.0700248405337334,0.676883935928345,0.767178058624268,0.139479503035545,0.586836636066437,0.171420112252235,0.275386571884155,0.06440719217062,0.218457028269768,-0.317749977111816,0.822449445724487,0.846790730953217,0.458982080221176,0.769723176956177,0.260159105062485,0.904925525188446,0.316385805606842,0.674285709857941,0.648826479911804,0.65339732170105,0.500977098941803,0.688651561737061,0.602405190467834,0.807979226112366,0.512229979038239,0.506601095199585,0.82521003484726,0.0239177979528904,0.808157980442047,0.372371345758438,0.683536469936371,0.230451673269272,0.857841074466705,0.293905854225159,0.755851030349731,0.681472480297089,0.740013062953949,0.26361072063446,0.766413033008575,0.721929550170898,0.732531905174255,0.532574594020844,0.833265423774719,0.638026475906372,0.49549874663353,0.534785270690918,0.100102350115776,0.724403440952301,0.53437477350235,0.859402298927307,-0.197621956467628,0.624324262142181,0.253537863492966,-0.570285081863403,-0.566713333129883,-0.636763155460358,-0.213391900062561,-0.298727631568909,-0.848118424415588,-0.360088855028152,-0.848637402057648,-0.676329493522644,-0.322266727685928,-0.502244889736176,-0.806937694549561,-0.584741830825806,-0.449094533920288,0.000340619619237259,-0.690851628780365,-0.265312701463699,-0.544047296047211,-0.184740290045738,-0.564172804355621,-0.157882452011108,-0.729943990707397,-0.79451322555542,0.454526662826538,-0.673443138599396,0.0292019173502922,-0.586100399494171,0.508895099163055,-0.895663261413574,-0.26054710149765,-0.768188953399658,-0.0836606919765472,-0.149977251887321,-0.126586362719536,-0.204648673534393,0.333527654409409,-0.755465507507324,-0.361351877450943,-0.790537118911743,-0.785392701625824,0.134608179330826,-0.42130309343338,-0.353013694286346,-0.524204909801483,0.618701696395874,0.413097411394119,-0.335915476083755,0.263605922460556,0.486162900924683,-0.0546465814113617,-0.275188803672791,0.581284999847412,0.0930163934826851,0.440866112709045,0.183556094765663,0.00416886154562235,-0.522848904132843,0.246549174189568,-0.107345134019852,-0.179920822381973,-0.11020777374506,0.450055718421936,-0.128324389457703,-0.0462018772959709,-0.0185442976653576,-0.32674914598465,-0.296427458524704,-0.230932980775833,0.62093847990036,-0.515669643878937,0.00215722760185599,0.709206998348236,-0.0626717731356621,-0.455768376588821,-0.655615508556366,-0.593824028968811,-0.393279612064362,-0.555127203464508,-0.53022974729538,-0.553855538368225,-0.617662370204926,-0.589782893657684,-0.519158661365509,-0.116524159908295,-0.644423007965088,-0.535280704498291,-0.572888195514679,-0.634436726570129,-0.599682748317719,-0.145473793148994,0.260404586791992,0.298631489276886,-0.614358067512512,-0.754523396492004,-0.182205274701118,-0.491497129201889,-0.0163772366940975,0.0292712543159723,-0.336725234985352
-0.557197332382202,0.858695149421692,-0.577388763427734,0.651443064212799,-0.481835663318634,-0.288744509220123,-0.80392849445343,0.323475778102875,-0.822575688362122,0.777894914150238,-0.681992471218109,-0.289732187986374,0.696431338787079,0.624552011489868,0.317734062671661,-0.616953670978546,-0.253670334815979,0.360266536474228,0.692138493061066,-0.854853689670563,-0.721349537372589,0.577237963676453,0.697181522846222,-0.884602129459381,-0.401754438877106,-0.611320018768311,-0.566290497779846,-0.659989774227142,-0.166054740548134,-0.717038869857788,0.921190500259399,0.8172807097435,0.028837263584137,0.665967404842377,0.642664313316345,0.955281376838684,0.995708048343658,0.987535119056702,0.884372770786285,0.859000504016876,0.805690348148346,0.90370762348175,-0.188966020941734,0.765277206897736,0.236483216285706,1,0.893903970718384,0.94230455160141,0.958305060863495,0.935059428215027,0.867965042591095,0.37394654750824,0.943245232105255,0.908624649047852,0.896559596061707,-0.242184668779373,-0.0548480711877346,-0.3900406062603,-0.470161527395248,0.665921151638031,0.921007812023163,0.151723220944405,-0.617103576660156,0.0262406971305609,-0.164281964302063,0.521503567695618,0.39040744304657,0.879948139190674,0.741547167301178,0.572212755680084,0.895332992076874,-0.143680810928345,0.57843542098999,0.571124196052551,0.842560589313507,0.937109231948853,-0.28624439239502,-0.888137638568878,0.834114611148834,0.544671595096588,0.14609457552433,-0.704614996910095,0.669177889823914,0.134251028299332,-0.444576591253281,-0.0892211869359016,-0.694339692592621,-0.564201414585114,-0.432733952999115,-0.0458761714398861,0.293522268533707,0.36039075255394,0.188399627804756,0.695271372795105,0.604338586330414,-0.233424469828606,0.240711480379105,-0.819158315658569,-0.50470632314682,-0.82597142457962,-0.120745494961739,0.390808969736099,-0.826961278915405,0.471721112728119,-0.234608620405197,0.772839546203613,0.951861619949341,0.470884472131729,0.794239819049835,0.612125635147095,0.467813283205032,-0.617456078529358,0.580983221530914,0.900038957595825,0.47710907459259,0.709017336368561,-0.0777974054217339,0.69453901052475,-0.0593735910952091,0.43256413936615,-0.234658733010292,-0.150494024157524,0.204647585749626,-0.587057948112488,0.49654221534729,0.464526623487473,0.888554573059082,0.0379509441554546,0.930492222309113,0.601396024227142,0.722710609436035,0.349312961101532,0.862615466117859,0.318972617387772,0.838702440261841,0.729168713092804,0.840733885765076,0.0161027405411005,0.752332925796509,-0.096875973045826,0.331512004137039,0.305757582187653,0.819935142993927,0.758827328681946,0.221999868750572,0.951138377189636,0.754303157329559,-0.504839241504669,0.653604865074158,0.876631438732147,0.369210720062256,0.690975487232208,-0.50946033000946,-0.691161334514618,-0.633384943008423,-0.629166126251221,-0.544276714324951,-0.660114824771881,-0.366307407617569,-0.54280149936676,-0.699372172355652,-0.0972891971468925,0.173546060919762,-0.664865255355835,-0.768907487392426,-0.912997007369995,-0.525035262107849,-0.586484313011169,-0.74169534444809,-0.633238434791565,-0.748286724090576,-0.756397724151611,-0.63056343793869,-0.592220962047577,-0.167234525084496,-0.556810319423676,-0.782491564750671,-0.917503356933594,-0.667152881622314,-0.292433053255081,-0.381263166666031,-0.572520792484283,-0.158216625452042,-0.666311621665955,-0.739512383937836,-0.743371665477753,-0.708357334136963,-0.30874240398407,-0.714196920394897,-0.793927848339081,-0.438084334135056,-0.492293238639832,-0.698497533798218,-0.242112129926682,-0.800439417362213,-0.546510696411133,0.42560401558876,0.038238387554884,-0.700957536697388,0.538364171981812,0.025716882199049,-0.221816971898079,-0.819009840488434,0.447262555360794,-0.276766210794449,0.28624814748764,-0.494907796382904,-0.726540684700012,-0.205941364169121,-0.58586323261261,-0.0581393949687481,-0.702916920185089,0.407579064369202,-0.553099632263184,-0.574454784393311,-0.537266194820404,-0.272384494543076,-0.498921304941177,0.251072496175766,0.0467541441321373,-0.215301379561424,-0.0273465439677238,0.696107089519501,0.361889719963074,0.702923774719238,-0.590620279312134,0.205905675888062,0.332298099994659,-0.0941451117396355,0.264757513999939,-0.491698980331421,-0.119264431297779,-0.260402768850327,0.343807220458984,0.18105360865593,0.466238260269165,0.023701524361968,0.218022793531418,0.195727825164795,-0.513735294342041,0.246027961373329,0.152735471725464,0.588344871997833,-0.281164884567261,-0.676079630851746,-0.23515459895134,-0.7523193359375,0.545286238193512,0.548946022987366,0.815230309963226,-0.485277324914932
-0.284689992666245,0.711316049098969,-0.272477000951767,0.774948418140411,-0.483351647853851,-0.294158548116684,-0.815216600894928,0.496140480041504,-0.904561579227448,0.588103592395782,-0.757937073707581,-0.366740971803665,0.515079140663147,0.590101838111877,0.270884722471237,-0.695316016674042,-0.468860030174255,0.3101766705513,0.598755836486816,-0.868456602096558,-0.7751824259758,0.515863239765167,0.330587983131409,-0.890490233898163,-0.599802434444427,-0.313858091831207,-0.772275626659393,-0.46319118142128,-0.437364757061005,-0.791483819484711,0.915543675422668,0.902735769748688,-0.197648957371712,0.84922844171524,0.845398426055908,0.927048325538635,0.910635054111481,0.908329963684082,0.929835736751556,0.860790610313416,0.603068888187408,0.781773805618286,-0.00331010320223868,0.780122518539429,-0.0145449796691537,0.893903970718384,1,0.985452055931091,0.9486163854599,0.914806842803955,0.926450192928314,0.529472291469574,0.915531575679779,0.962552666664124,0.914572536945343,-0.303741008043289,-0.243436947464943,-0.402375996112823,-0.641096770763397,0.734777271747589,0.825699508190155,-0.149737745523453,-0.640583693981171,-0.170529723167419,-0.328063905239105,0.277644693851471,0.114277847111225,0.749700009822845,0.810503959655762,0.259900689125061,0.776724100112915,-0.285766988992691,0.344595044851303,0.279599905014038,0.628131806850433,0.946305930614471,-0.564710676670074,-0.740200638771057,0.761315047740936,0.194080114364624,-0.0511254481971264,-0.890507876873016,0.502084314823151,-0.127209901809692,-0.553293168544769,-0.229683384299278,-0.620659589767456,-0.528179705142975,-0.387547701597214,-0.32849845290184,-0.0559257604181767,0.100412368774414,0.0202716886997223,0.699826538562775,0.493574529886246,-0.405879735946655,0.404657632112503,-0.933270752429962,-0.611232399940491,-0.930040955543518,-0.197247460484505,0.0118608335033059,-0.946496248245239,0.295779913663864,0.00604624021798372,0.85167133808136,0.953912377357483,0.431012064218521,0.863480150699615,0.388620257377625,0.222135186195374,-0.700982749462128,0.317723572254181,0.88246089220047,0.128697261214256,0.814990103244781,-0.291854053735733,0.569548726081848,-0.411330670118332,0.259616374969482,-0.441921532154083,-0.375554829835892,-0.106833569705486,-0.739693939685822,0.564193427562714,0.177342116832733,0.993493556976318,-0.0607878305017948,0.902235805988312,0.348207980394363,0.736806869506836,0.0367156229913235,0.818849444389343,-0.0114869559183717,0.62481689453125,0.501421749591827,0.863006412982941,-0.215898767113686,0.632664680480957,-0.204277575016022,0.338518679141998,0.118257291615009,0.540558218955994,0.523873031139374,-0.157539412379265,0.973768353462219,0.553597271442413,-0.561622381210327,0.41726166009903,0.888017535209656,0.285436511039734,0.730286180973053,-0.268691539764404,-0.578780114650726,-0.406987428665161,-0.495134383440018,-0.611573278903961,-0.468555331230164,-0.361546903848648,-0.354254901409149,-0.530721247196198,-0.0791420936584473,0.212118566036224,-0.406433641910553,-0.673186957836151,-0.841858923435211,-0.699773490428925,-0.350687354803085,-0.663857579231262,-0.405452787876129,-0.736499190330505,-0.540501236915588,-0.591168761253357,-0.459744602441788,0.1269860714674,-0.642303645610809,-0.556983888149261,-0.879585087299347,-0.43204054236412,-0.438442468643188,-0.180756524205208,-0.608344376087189,0.0022804259788245,-0.682411849498749,-0.730174362659454,-0.86455225944519,-0.810422360897064,-0.53941684961319,-0.550407886505127,-0.672358274459839,-0.298657596111298,-0.31150221824646,-0.80973881483078,-0.314362734556198,-0.776045799255371,-0.331991255283356,0.391944199800491,0.121454879641533,-0.630366444587708,0.703228712081909,0.118783943355083,0.0304579604417086,-0.729749023914337,0.537514090538025,-0.179788857698441,0.428060621023178,-0.609380841255188,-0.831863403320312,-0.312617510557175,-0.661144196987152,0.105709508061409,-0.66924250125885,0.669819831848145,-0.638547778129578,-0.2466881275177,-0.654629468917847,0.0422675050795078,-0.280804038047791,0.105572052299976,0.0177219044417143,-0.230422601103783,0.031586978584528,0.818878471851349,0.209725067019463,0.769006371498108,-0.530308902263641,0.222215160727501,0.297240197658539,-0.230027064681053,0.167459338903427,-0.502607583999634,-0.201446160674095,-0.232687741518021,0.311009436845779,0.136597901582718,0.210846573114395,0.0228042844682932,0.136330410838127,0.226925984025002,-0.418000638484955,0.216055810451508,-0.106141537427902,0.320312827825546,-0.580735325813293,-0.531435668468475,-0.179613590240479,-0.592760324478149,0.558926641941071,0.327454805374146,0.683102130889893,-0.509324491024017
-0.329747140407562,0.787030339241028,-0.339692264795303,0.751094996929169,-0.495109856128693,-0.286248296499252,-0.837325692176819,0.508059203624725,-0.903506517410278,0.679813206195831,-0.757371604442596,-0.325482249259949,0.583015322685242,0.597336292266846,0.369823068380356,-0.681115090847015,-0.41001084446907,0.4024937748909,0.63893860578537,-0.904482960700989,-0.741064429283142,0.557181656360626,0.455177158117294,-0.920407235622406,-0.523777008056641,-0.385585248470306,-0.718491017818451,-0.496439725160599,-0.363554328680038,-0.75540828704834,0.932356357574463,0.906452715396881,-0.139042973518372,0.819341123104095,0.806213676929474,0.960693001747131,0.957270741462708,0.939802348613739,0.931608200073242,0.871394455432892,0.693413734436035,0.826510488986969,-0.0369965992867947,0.74665355682373,0.0802225694060326,0.94230455160141,0.985452055931091,1,0.969826102256775,0.943852186203003,0.932820200920105,0.472145050764084,0.92422741651535,0.965985476970673,0.905694186687469,-0.327436029911041,-0.209872722625732,-0.409701317548752,-0.583006143569946,0.711324989795685,0.839830994606018,-0.0448638647794724,-0.657882392406464,-0.163070917129517,-0.284880518913269,0.360235184431076,0.229688987135887,0.797243297100067,0.814951181411743,0.369181782007217,0.82930451631546,-0.231939628720284,0.438898712396622,0.362473011016846,0.688610374927521,0.944406509399414,-0.473005741834641,-0.79809296131134,0.796738743782043,0.316301375627518,0.0194210112094879,-0.870534896850586,0.554356515407562,-0.0290661305189133,-0.525505423545837,-0.168304935097694,-0.659245610237122,-0.583380401134491,-0.427416771650314,-0.250809133052826,0.0753292590379715,0.172279328107834,0.0656511634588242,0.746884703636169,0.562050104141235,-0.391092360019684,0.388482451438904,-0.938121140003204,-0.533644199371338,-0.93885862827301,-0.190122842788696,0.137454524636269,-0.902340829372406,0.414125710725784,-0.0731199234724045,0.86178582906723,0.969073414802551,0.485502660274506,0.853921711444855,0.474359184503555,0.313945472240448,-0.698484659194946,0.400036633014679,0.890083253383636,0.246823504567146,0.773800849914551,-0.208646133542061,0.623795926570892,-0.344400554895401,0.341105073690414,-0.383874893188477,-0.336562097072601,-0.00631957920268178,-0.700593948364258,0.534450829029083,0.28167599439621,0.979786276817322,-0.0291434135288,0.920231938362122,0.398558080196381,0.75368195772171,0.117059454321861,0.816290080547333,0.075729601085186,0.711414158344269,0.566111445426941,0.863360226154327,-0.178847327828407,0.684978902339935,-0.178554639220238,0.331456273794174,0.167287543416023,0.634773373603821,0.596197485923767,-0.0358640663325787,0.982227981090546,0.634466648101807,-0.518242418766022,0.508768737316132,0.884138941764832,0.321025818586349,0.696876525878906,-0.369868338108063,-0.617172420024872,-0.450396180152893,-0.558453619480133,-0.653585970401764,-0.535082042217255,-0.420619159936905,-0.421246260404587,-0.573205709457397,-0.095153696835041,0.189637511968613,-0.487678855657578,-0.732642114162445,-0.880976140499115,-0.703879356384277,-0.395822644233704,-0.644509494304657,-0.474611639976501,-0.750151038169861,-0.587333142757416,-0.603180766105652,-0.514582097530365,0.0450475551187992,-0.633744478225708,-0.620998740196228,-0.895598173141479,-0.478268444538116,-0.401806384325027,-0.242061644792557,-0.643360435962677,-0.0374777056276798,-0.661706745624542,-0.732319474220276,-0.882175207138062,-0.759837985038757,-0.497636675834656,-0.599253058433533,-0.689788639545441,-0.343441188335419,-0.366097062826157,-0.765812635421753,-0.368667542934418,-0.791432619094849,-0.368986189365387,0.40447798371315,0.0647145584225655,-0.702232241630554,0.638631999492645,0.0569089539349079,-0.0923278406262398,-0.822328984737396,0.512940645217896,-0.178454712033272,0.388050407171249,-0.618564605712891,-0.837727069854736,-0.314646810293198,-0.622368931770325,0.0800995826721191,-0.736275196075439,0.594494938850403,-0.627281904220581,-0.333468556404114,-0.606559634208679,-0.0191788543015718,-0.343822121620178,0.149868682026863,0.0595509484410286,-0.259487330913544,0.0355870760977268,0.787398159503937,0.303961634635925,0.766308486461639,-0.529301404953003,0.236855775117874,0.320577621459961,-0.182978302240372,0.194582432508469,-0.481704354286194,-0.165046259760857,-0.218085005879402,0.332884758710861,0.174455136060715,0.315765768289566,0.0131665663793683,0.173674046993256,0.215785473585129,-0.432028025388718,0.237308919429779,-0.0711008831858635,0.421893298625946,-0.487707197666168,-0.58754575252533,-0.251785188913345,-0.643246352672577,0.535375773906708,0.402867168188095,0.758138239383698,-0.468016445636749
-0.524060189723969,0.875688076019287,-0.51870322227478,0.832555592060089,-0.506999731063843,-0.301612466573715,-0.820877969264984,0.3717160820961,-0.89416915178299,0.776126742362976,-0.724237084388733,-0.320501536130905,0.689613163471222,0.528370201587677,0.352302223443985,-0.646251142024994,-0.281913071870804,0.376568526029587,0.784554123878479,-0.85941481590271,-0.749880254268646,0.588428258895874,0.534826755523682,-0.929867565631866,-0.577986359596252,-0.532415568828583,-0.587244033813477,-0.602516770362854,-0.218243017792702,-0.733302772045135,0.895207941532135,0.881035149097443,-0.0684274137020111,0.673546195030212,0.689686894416809,0.920933127403259,0.974606454372406,0.96284407377243,0.888742446899414,0.906905233860016,0.785313963890076,0.897460103034973,-0.191590875387192,0.721084773540497,0.274597615003586,0.958305060863495,0.9486163854599,0.969826102256775,1,0.960636973381042,0.967040419578552,0.46856227517128,0.977472543716431,0.957660257816315,0.878879606723785,-0.223022982478142,-0.0814549326896667,-0.395280390977859,-0.495154768228531,0.749792873859406,0.900494992733002,0.0603140704333782,-0.639207005500793,-0.0703142583370209,-0.158911645412445,0.511476516723633,0.352271795272827,0.898138999938965,0.890067756175995,0.505178987979889,0.907308518886566,-0.138510137796402,0.573414921760559,0.490397304296494,0.788521289825439,0.949635565280914,-0.346794962882996,-0.835333168506622,0.841312229633331,0.482418984174728,0.210902035236359,-0.758923411369324,0.714193344116211,0.100523263216019,-0.404557883739471,-0.0274648200720549,-0.704899847507477,-0.553560793399811,-0.411402970552444,-0.0711302310228348,0.149798035621643,0.335124790668488,0.162460789084435,0.721738755702972,0.649179935455322,-0.187666475772858,0.391218096017838,-0.873024582862854,-0.490692228078842,-0.855533361434937,-0.0418785624206066,0.255645900964737,-0.860961258411407,0.453723698854446,-0.0167459566146135,0.886956095695496,0.96020233631134,0.531210124492645,0.757361829280853,0.597514629364014,0.438857465982437,-0.588596105575562,0.533209502696991,0.955097556114197,0.421562194824219,0.845258831977844,-0.115342542529106,0.705934882164001,-0.171869158744812,0.372221082448959,-0.258424639701843,-0.195105835795403,0.122220940887928,-0.598305702209473,0.655671775341034,0.400029301643372,0.956872403621674,0.118846833705902,0.986177444458008,0.548886001110077,0.722318947315216,0.298132866621017,0.892405152320862,0.263781249523163,0.80551415681839,0.70734179019928,0.925123393535614,0.0177741069346666,0.804104328155518,-0.0415680147707462,0.448483645915985,0.350547283887863,0.745158672332764,0.689212560653687,0.0418195240199566,0.968686580657959,0.750095844268799,-0.412211626768112,0.65546065568924,0.842798709869385,0.428319990634918,0.77977329492569,-0.401903629302979,-0.687652945518494,-0.618529081344604,-0.520435333251953,-0.619592249393463,-0.703117251396179,-0.403517991304398,-0.578432619571686,-0.699210166931152,-0.129297092556953,0.109406009316444,-0.665183007717133,-0.791329801082611,-0.931592524051666,-0.619179010391235,-0.585626244544983,-0.753699004650116,-0.560789406299591,-0.726355671882629,-0.741227209568024,-0.585820853710175,-0.643945932388306,-0.117070324718952,-0.48534083366394,-0.746554791927338,-0.869937121868134,-0.652394533157349,-0.253985852003098,-0.453587353229523,-0.601106345653534,-0.227166026830673,-0.658227026462555,-0.716836452484131,-0.822902262210846,-0.801921904087067,-0.390064209699631,-0.767466962337494,-0.766955077648163,-0.532517552375793,-0.5600266456604,-0.734569907188416,-0.334840506315231,-0.817072570323944,-0.545333504676819,0.533220767974854,0.206297650933266,-0.690357506275177,0.722601652145386,0.213845178484917,-0.056289866566658,-0.793891727924347,0.635473668575287,-0.159835904836655,0.452475011348724,-0.496682524681091,-0.76243394613266,-0.413779020309448,-0.547778904438019,-0.00674704695120454,-0.704007387161255,0.604581236839294,-0.528659284114838,-0.37330162525177,-0.602326214313507,-0.0246036294847727,-0.446005940437317,0.0918917134404182,0.00698777055367827,-0.0729724392294884,-0.096914105117321,0.79032039642334,0.373265504837036,0.738972902297974,-0.617945730686188,0.0524987764656544,0.154100105166435,-0.319281667470932,0.051268395036459,-0.639859139919281,-0.320100009441376,-0.417056322097778,0.158682286739349,-0.00755838816985488,0.223179161548615,-0.16110323369503,0.00171075551770627,0.0749746263027191,-0.615038692951202,0.0605010092258453,-0.0514736846089363,0.456973552703857,-0.466255754232407,-0.673818409442902,-0.375076562166214,-0.646509349346161,0.435315161943436,0.351560652256012,0.71911746263504,-0.585972428321838
-0.490115195512772,0.831821441650391,-0.536690711975098,0.72980272769928,-0.34090518951416,-0.313181400299072,-0.815645396709442,0.372013330459595,-0.875471532344818,0.701565444469452,-0.721358001232147,-0.33923327922821,0.58402156829834,0.461280822753906,0.391532242298126,-0.647582471370697,-0.315164148807526,0.37088480591774,0.69738382101059,-0.856067776679993,-0.707426488399506,0.62734842300415,0.56423819065094,-0.883966267108917,-0.592844247817993,-0.510182082653046,-0.642888009548187,-0.558222591876984,-0.358717024326324,-0.777068912982941,0.813974499702454,0.947113275527954,-0.0996559709310532,0.650369107723236,0.702934741973877,0.945597350597382,0.95452743768692,0.926294445991516,0.846042573451996,0.96132904291153,0.747133791446686,0.823367595672607,-0.179098963737488,0.609351336956024,0.227827712893486,0.935059428215027,0.914806842803955,0.943852186203003,0.960636973381042,1,0.930783092975616,0.411937981843948,0.928834795951843,0.867844462394714,0.836305320262909,-0.283066779375076,-0.112892657518387,-0.430060267448425,-0.534982740879059,0.661446869373322,0.821719884872437,0.156433537602425,-0.651999235153198,-0.115368269383907,-0.162535265088081,0.475183993577957,0.366405606269836,0.81683212518692,0.861902892589569,0.458638548851013,0.883628249168396,-0.141681611537933,0.529599189758301,0.421252191066742,0.664753973484039,0.875685155391693,-0.345317602157593,-0.830748438835144,0.944231271743774,0.505457997322083,0.100818157196045,-0.744801759719849,0.653267979621887,0.0533870123326778,-0.534613490104675,-0.102975197136402,-0.584394216537476,-0.615884959697723,-0.438256144523621,-0.120445840060711,0.0837507098913193,0.279232174158096,0.159518107771873,0.700348854064941,0.653209745883942,-0.292139232158661,0.34678253531456,-0.887973606586456,-0.460925459861755,-0.839198231697083,-0.227549985051155,0.248518645763397,-0.843654692173004,0.588994860649109,-0.225239470601082,0.863765716552734,0.973940193653107,0.510107457637787,0.731544017791748,0.557790040969849,0.374693840742111,-0.651335000991821,0.554030358791351,0.946823954582214,0.365928739309311,0.762480676174164,-0.048424206674099,0.66407299041748,-0.217689096927643,0.220238909125328,-0.321931093931198,-0.138295024633408,0.103440634906292,-0.586711883544922,0.473006397485733,0.352853268384933,0.939921796321869,0.00845833215862513,0.943574965000153,0.477420270442963,0.690599083900452,0.278310984373093,0.821827054023743,0.210926458239555,0.754765093326569,0.664311051368713,0.827263593673706,-0.0144162233918905,0.687754213809967,-0.0493989661335945,0.242459982633591,0.348365277051926,0.763935267925262,0.620397388935089,0.157184168696404,0.965549767017365,0.619319260120392,-0.501754641532898,0.648872673511505,0.843931913375854,0.492252975702286,0.784620225429535,-0.395846873521805,-0.600609540939331,-0.63612025976181,-0.607405722141266,-0.513337016105652,-0.604313313961029,-0.269585072994232,-0.454808682203293,-0.665900051593781,0.10475167632103,0.319182395935059,-0.568233728408813,-0.698746919631958,-0.887902855873108,-0.5121790766716,-0.593886852264404,-0.705095648765564,-0.630277693271637,-0.745626449584961,-0.726227581501007,-0.644805073738098,-0.496459245681763,-0.190334320068359,-0.378397226333618,-0.711801588535309,-0.786382377147675,-0.630521714687347,-0.418760061264038,-0.348247528076172,-0.470300823450089,-0.0421810299158096,-0.692438721656799,-0.723348736763,-0.744562447071075,-0.686840951442719,-0.291202008724213,-0.668224334716797,-0.789445161819458,-0.382333993911743,-0.432727187871933,-0.82084733247757,-0.353893518447876,-0.75059974193573,-0.493861943483353,0.576085805892944,0.135193362832069,-0.748766422271729,0.569538712501526,0.193369254469872,-0.208919316530228,-0.782127618789673,0.485119730234146,-0.0797744765877724,0.387908071279526,-0.48883980512619,-0.781315684318542,-0.484018117189407,-0.62830638885498,0.169017314910889,-0.666488945484161,0.537287056446075,-0.544322907924652,-0.301603883504868,-0.656449556350708,0.0380757749080658,-0.298703193664551,0.00480641890317202,-0.0790004953742027,-0.0734452083706856,-0.135533943772316,0.643286466598511,0.449149876832962,0.882903516292572,-0.491594195365906,0.0438276864588261,0.135129824280739,-0.311933755874634,0.0888630822300911,-0.587918102741241,-0.316226154565811,-0.401399284601212,0.155140966176987,-0.0255072601139545,0.245787814259529,-0.154111370444298,0.0500100143253803,-0.00451421504840255,-0.602588951587677,0.0875648632645607,0.109379045665264,0.374831944704056,-0.396879434585571,-0.641194760799408,-0.39496898651123,-0.642248928546906,0.420032441616058,0.434925049543381,0.653770327568054,-0.564912557601929
-0.440346866846085,0.848039150238037,-0.458634912967682,0.896619617938995,-0.543401420116425,-0.397706985473633,-0.834567129611969,0.334939897060394,-0.924440085887909,0.695914924144745,-0.780723392963409,-0.373664379119873,0.584262251853943,0.357932418584824,0.353416740894318,-0.696121156215668,-0.360922306776047,0.326498061418533,0.762205600738525,-0.861681878566742,-0.765897333621979,0.472235798835754,0.366759538650513,-0.922326147556305,-0.623503983020782,-0.490440398454666,-0.608745276927948,-0.577116906642914,-0.309278845787048,-0.748936474323273,0.834330916404724,0.87527596950531,-0.229826435446739,0.626975238323212,0.644970059394836,0.843679666519165,0.896151781082153,0.865300178527832,0.875015676021576,0.921362280845642,0.687141835689545,0.793407261371613,-0.265489906072617,0.607583582401276,0.260527729988098,0.867965042591095,0.926450192928314,0.932820200920105,0.967040419578552,0.930783092975616,1,0.49785190820694,0.929618775844574,0.920767962932587,0.83227413892746,-0.286173671483994,-0.180902078747749,-0.454994887113571,-0.550529599189758,0.71702116727829,0.80187714099884,-0.0381992496550083,-0.624984323978424,-0.218946471810341,-0.187654167413712,0.402051836252213,0.259092569351196,0.813685715198517,0.952075898647308,0.380017757415771,0.819963872432709,-0.199074909090996,0.481631964445114,0.317619144916534,0.666288495063782,0.895981550216675,-0.398814886808395,-0.797038435935974,0.80445522069931,0.409372538328171,0.198297590017319,-0.763087213039398,0.645546674728394,-0.00372220808640122,-0.428849250078201,-0.0394631363451481,-0.650686264038086,-0.443698197603226,-0.470389902591705,-0.141024366021156,-0.0195003561675549,0.219164311885834,0.0439062379300594,0.776715159416199,0.735387325286865,-0.214732095599174,0.387632846832275,-0.880609333515167,-0.360551118850708,-0.813915193080902,-0.0746311321854591,0.0908012837171555,-0.798188507556915,0.445691496133804,0.119055308401585,0.955816209316254,0.925486326217651,0.643608391284943,0.717306554317474,0.487626314163208,0.31648850440979,-0.603415668010712,0.403705388307571,0.951676666736603,0.328038156032562,0.83414888381958,-0.167008265852928,0.619204640388489,-0.298441380262375,0.280529588460922,-0.316119968891144,-0.277271151542664,-0.0191891863942146,-0.620520293712616,0.674309134483337,0.266867607831955,0.949457943439484,0.0718136057257652,0.954400479793549,0.394056528806686,0.599957644939423,0.18344284594059,0.812470674514771,0.167583808302879,0.692005097866058,0.587830722332001,0.936147689819336,-0.0733183994889259,0.748378932476044,-0.0899040400981903,0.42946994304657,0.285950511693954,0.617098689079285,0.545741558074951,-0.127516314387321,0.909949958324432,0.672852396965027,-0.287099480628967,0.587364196777344,0.798651397228241,0.366702407598495,0.797457993030548,-0.237729087471962,-0.550926804542542,-0.560022413730621,-0.357077360153198,-0.598927021026611,-0.657562375068665,-0.35404098033905,-0.505201160907745,-0.585755705833435,-0.065118633210659,0.131629332900047,-0.615437686443329,-0.695321679115295,-0.841370761394501,-0.63144326210022,-0.543446660041809,-0.704587399959564,-0.446705162525177,-0.603140115737915,-0.6978999376297,-0.462385296821594,-0.58252364397049,-0.0221435409039259,-0.39218533039093,-0.630093395709991,-0.773971617221832,-0.620817840099335,-0.221105262637138,-0.477735459804535,-0.515539050102234,-0.255692780017853,-0.563864767551422,-0.601883172988892,-0.816433370113373,-0.749546885490417,-0.403940767049789,-0.744839310646057,-0.667200088500977,-0.560798406600952,-0.573632001876831,-0.681889116764069,-0.34373676776886,-0.694594323635101,-0.552773892879486,0.574174523353577,0.315664082765579,-0.604123651981354,0.777580678462982,0.260092496871948,-0.0374859943985939,-0.751352250576019,0.679896712303162,0.0406238958239555,0.442032754421234,-0.420127987861633,-0.697684288024902,-0.556815207004547,-0.417907148599625,-0.0166222751140594,-0.666833817958832,0.754945516586304,-0.516562461853027,-0.230378180742264,-0.52601420879364,0.198260203003883,-0.42544612288475,0.0468976870179176,0.0792401134967804,-0.00103192997630686,-0.132632955908775,0.806496918201447,0.350862562656403,0.754339575767517,-0.488049238920212,-0.0509172789752483,0.0247100256383419,-0.506573915481567,-0.119008235633373,-0.721866548061371,-0.448953360319138,-0.524453222751617,0.00865676905959845,-0.160665050148964,0.030428234487772,-0.33593076467514,-0.175794839859009,-0.0432819537818432,-0.676279544830322,-0.0934306085109711,-0.198805630207062,0.344843715429306,-0.627628564834595,-0.605512499809265,-0.482177734375,-0.459323167800903,0.297477155923843,0.139239147305489,0.644385576248169,-0.62088942527771
0.0427850149571896,0.087451234459877,0.080992192029953,0.49984484910965,-0.632119178771973,-0.576932013034821,-0.714246153831482,0.0451390072703362,-0.72892826795578,0.078065387904644,-0.726670801639557,-0.858671605587006,-0.0614708326756954,-0.109442941844463,-0.275293290615082,-0.769927561283112,-0.642553925514221,0.138507381081581,0.298276007175446,-0.578011751174927,-0.713996589183807,0.0880519300699234,-0.199633121490479,-0.674186766147614,-0.727730751037598,0.0289108529686928,-0.559194207191467,-0.39350688457489,-0.296438455581665,-0.58487457036972,0.411685824394226,0.312791347503662,-0.627838492393494,0.272856444120407,0.26273649930954,0.302729666233063,0.378023475408554,0.372550845146179,0.473142117261887,0.377591788768768,0.0237622689455748,0.195795625448227,-0.276933819055557,0.317289382219315,-0.201828181743622,0.37394654750824,0.529472291469574,0.472145050764084,0.46856227517128,0.411937981843948,0.49785190820694,1,0.56635320186615,0.579644680023193,0.515472531318665,-0.597544550895691,-0.625070750713348,-0.757706701755524,-0.640611469745636,0.0181653629988432,0.279809236526489,-0.653999328613281,-0.870204031467438,-0.584396421909332,-0.772516489028931,-0.0639010965824127,-0.3486108481884,0.332999497652054,0.537119746208191,-0.231461584568024,0.381626516580582,-0.673267781734467,-0.115730933845043,0.0701484680175781,0.171086996793747,0.587966859340668,-0.766466915607452,-0.479623407125473,0.20811253786087,-0.155948147177696,-0.150186598300934,-0.683001339435577,0.21198196709156,-0.402547359466553,-0.220466941595078,-0.4665806889534,-0.756362438201904,0.0130524663254619,-0.609791219234467,-0.523830235004425,-0.352615356445312,-0.291917860507965,-0.524772882461548,0.575397312641144,0.33767706155777,-0.288376808166504,0.394521236419678,-0.264437764883041,-0.24225053191185,-0.582097351551056,-0.119539231061935,-0.375782340764999,-0.538738667964935,-0.249885037541389,0.122320257127285,0.270841598510742,0.475891321897507,0.485395610332489,0.313426673412323,-0.11683101952076,-0.199475452303886,-0.577106833457947,-0.157533973455429,0.539449512958527,-0.0509040467441082,0.573782682418823,-0.784034252166748,-0.164594635367393,-0.501910984516144,-0.392444938421249,-0.728627979755402,-0.65051805973053,-0.458576232194901,-0.719781696796417,0.480372071266174,-0.33342832326889,0.560161173343658,-0.129001393914223,0.489692032337189,0.0122099984437227,0.0819235816597939,-0.321253418922424,0.633205831050873,0.208580359816551,0.100418120622635,0.0600193925201893,0.673493146896362,-0.0770006626844406,0.192267537117004,-0.433872431516647,0.492386132478714,0.110317572951317,0.141431048512459,0.472432523965836,-0.436047911643982,0.466594904661179,0.123247273266315,-0.451513290405273,-0.0763585343956947,0.511019945144653,0.213234513998032,0.166055008769035,0.418455064296722,-0.055303055793047,0.0731114819645882,0.226838156580925,-0.435931533575058,-0.141323193907738,-0.359382420778275,-0.170493423938751,-0.00180188566446304,-0.277835071086884,-0.0381570123136044,-0.1745735257864,-0.30398964881897,-0.362557381391525,-0.574702024459839,0.0185818783938885,-0.209275245666504,0.328670769929886,0.00456578098237514,-0.105744458734989,0.207049369812012,-0.363138556480408,0.418687582015991,-0.44702672958374,0.0209996029734612,-0.571499168872833,-0.0923090353608131,0.120135642588139,-0.020797373726964,-0.314630299806595,0.106717869639397,0.0733502879738808,0.0607671067118645,-0.466328799724579,-0.386239588260651,-0.811774969100952,-0.191536769270897,-0.0020118486136198,-0.28351902961731,-0.306972771883011,-0.492420166730881,0.0585944503545761,-0.338370472192764,-0.0769291371107101,-0.218458890914917,-0.225745409727097,-0.3884616792202,0.60002738237381,0.31330332159996,0.404520094394684,-0.393289536237717,0.390411585569382,-0.44416943192482,0.247697770595551,-0.600229203701019,-0.544196367263794,-0.219350144267082,-0.293328016996384,-0.206181168556213,-0.632703602313995,0.711586952209473,-0.80039781332016,-0.0870521888136864,-0.418627768754959,0.274731248617172,-0.356581956148148,-0.0442437119781971,0.28667014837265,-0.318624913692474,0.575415372848511,0.788794815540314,-0.476067423820496,0.383120149374008,-0.38926637172699,0.343624979257584,0.306248784065247,-0.125202834606171,0.257397323846817,-0.135074108839035,0.0831738486886024,-0.109515018761158,0.249973595142365,0.100834429264069,0.0313322991132736,0.0389552898705006,0.0673245042562485,0.513337671756744,-0.0963056236505508,0.257284700870514,-0.0284552872180939,0.432182431221008,-0.655133903026581,0.283667862415314,-0.145307451486588,-0.450366228818893,0.642858803272247,0.186877325177193,0.435419708490372,0.0398201234638691
-0.593819141387939,0.815116226673126,-0.568120896816254,0.813087522983551,-0.534917950630188,-0.359884828329086,-0.823821008205414,0.234860956668854,-0.887127161026001,0.728595077991486,-0.725526928901672,-0.426821351051331,0.657664060592651,0.487602949142456,0.184573814272881,-0.676055610179901,-0.293271034955978,0.278996080160141,0.785997033119202,-0.818431973457336,-0.80994439125061,0.55558705329895,0.521903514862061,-0.916962563991547,-0.64161628484726,-0.570107638835907,-0.569245338439941,-0.685270667076111,-0.176504299044609,-0.76710456609726,0.866859376430511,0.813019692897797,-0.0871677845716476,0.592230677604675,0.613816201686859,0.870695292949677,0.949884593486786,0.956857085227966,0.858639717102051,0.884805858135223,0.740087270736694,0.882246375083923,-0.279650121927261,0.752074956893921,0.259257763624191,0.943245232105255,0.915531575679779,0.92422741651535,0.977472543716431,0.928834795951843,0.929618775844574,0.56635320186615,1,0.937992215156555,0.888591885566711,-0.210370495915413,-0.0840987637639046,-0.450555205345154,-0.520188093185425,0.698917865753174,0.919820547103882,0.009586569853127,-0.681882977485657,-0.0318859592080116,-0.208575502038002,0.514761686325073,0.296918153762817,0.905142784118652,0.864764750003815,0.483796030282974,0.90759801864624,-0.200589790940285,0.540137410163879,0.53962630033493,0.807812333106995,0.964745223522186,-0.383631646633148,-0.850755751132965,0.814500451087952,0.477087378501892,0.208857253193855,-0.715873658657074,0.737935423851013,0.070871464908123,-0.370571851730347,-0.0795928686857224,-0.756690382957458,-0.469734072685242,-0.431061178445816,-0.0657623335719109,0.122983083128929,0.342084348201752,0.129619136452675,0.677466630935669,0.620544135570526,-0.118187300860882,0.35857954621315,-0.773516118526459,-0.541425824165344,-0.804392516613007,-0.00722022354602814,0.247611805796623,-0.870971262454987,0.334020495414734,-0.0307780634611845,0.803385317325592,0.939568758010864,0.504984617233276,0.712163090705872,0.568476140499115,0.413882553577423,-0.572692215442657,0.532914042472839,0.970004320144653,0.44065397977829,0.873664677143097,-0.195276096463203,0.644228637218475,-0.103217430412769,0.280310839414597,-0.290830045938492,-0.17862793803215,0.109493218362331,-0.611773788928986,0.689699590206146,0.364142566919327,0.928171277046204,0.124897561967373,0.986129522323608,0.608819961547852,0.660576522350311,0.322634339332581,0.959303081035614,0.364153176546097,0.781522750854492,0.727492928504944,0.94553530216217,0.112431399524212,0.785141050815582,-0.0531084947288036,0.503708243370056,0.406470328569412,0.760669410228729,0.757707953453064,0.0451551973819733,0.946025013923645,0.730278134346008,-0.473944902420044,0.626872062683105,0.850609064102173,0.449882507324219,0.779035627841949,-0.326776832342148,-0.674794316291809,-0.651466071605682,-0.451744139194489,-0.543594777584076,-0.708694458007812,-0.351383358240128,-0.596139907836914,-0.708042681217194,-0.152259454131126,0.0976903438568115,-0.694323539733887,-0.76493114233017,-0.916406750679016,-0.546307384967804,-0.632343649864197,-0.810210704803467,-0.525741279125214,-0.671729207038879,-0.775787532329559,-0.530757546424866,-0.665547370910645,-0.128583878278732,-0.465488284826279,-0.749386668205261,-0.888832926750183,-0.703268527984619,-0.17967027425766,-0.469792306423187,-0.538600862026215,-0.242570355534554,-0.628579139709473,-0.667882263660431,-0.735703706741333,-0.81938374042511,-0.394841998815536,-0.781259298324585,-0.771894633769989,-0.565619349479675,-0.605556607246399,-0.755585312843323,-0.193232864141464,-0.813055217266083,-0.598108291625977,0.480072289705276,0.195951238274574,-0.649371206760406,0.756029605865479,0.29362016916275,0.0346718244254589,-0.71835845708847,0.639209568500519,-0.277746021747589,0.444570660591125,-0.467937797307968,-0.721398830413818,-0.361573934555054,-0.567416667938232,-0.0886296629905701,-0.672171533107758,0.609163880348206,-0.562362134456635,-0.428406655788422,-0.630899131298065,-0.083910658955574,-0.503236711025238,0.0863107889890671,-0.0112313898280263,-0.0482356138527393,-0.0593419559299946,0.816546976566315,0.250081211328506,0.709115028381348,-0.682537376880646,0.0540453493595123,0.162209779024124,-0.305354446172714,0.0962329283356667,-0.645431697368622,-0.29918047785759,-0.451349377632141,0.160997673869133,-0.0297846235334873,0.212558060884476,-0.137666046619415,-0.000294532481348142,0.130040675401688,-0.632842838764191,0.0718810111284256,0.0565371252596378,0.503018498420715,-0.470726698637009,-0.603454887866974,-0.312276273965836,-0.699290812015533,0.517156481742859,0.3852918446064,0.697778880596161,-0.590107917785645
-0.345545053482056,0.762302041053772,-0.302022159099579,0.821257472038269,-0.624818563461304,-0.286037862300873,-0.824086427688599,0.464408785104752,-0.899331033229828,0.703956127166748,-0.742691993713379,-0.359331160783768,0.62618499994278,0.57288920879364,0.289738655090332,-0.673933804035187,-0.374215811491013,0.408822357654572,0.706989049911499,-0.86501532793045,-0.758989453315735,0.517706632614136,0.387063533067703,-0.938270926475525,-0.559997320175171,-0.363741546869278,-0.63257098197937,-0.517524540424347,-0.214636743068695,-0.688754498958588,0.930133640766144,0.799470722675323,-0.137806221842766,0.761045873165131,0.733957290649414,0.8729208111763,0.922031998634338,0.919641375541687,0.900884509086609,0.78057724237442,0.68293035030365,0.839558959007263,-0.0725655406713486,0.77913898229599,0.128328621387482,0.908624649047852,0.962552666664124,0.965985476970673,0.957660257816315,0.867844462394714,0.920767962932587,0.579644680023193,0.937992215156555,1,0.885958194732666,-0.28864324092865,-0.198069334030151,-0.409165263175964,-0.529229044914246,0.714986443519592,0.851619362831116,-0.153297498822212,-0.683377504348755,-0.156605735421181,-0.311218708753586,0.390386790037155,0.198136582970619,0.840168118476868,0.825747311115265,0.377458781003952,0.831974625587463,-0.243890658020973,0.455033540725708,0.428818970918655,0.748696267604828,0.965465545654297,-0.47929659485817,-0.767842888832092,0.670439183712006,0.282637447118759,0.128176182508469,-0.852760910987854,0.608291327953339,0.0109752798452973,-0.358552157878876,-0.10526342689991,-0.782381176948547,-0.501632511615753,-0.411269277334213,-0.203756853938103,0.111785806715488,0.208731964230537,0.0399580486118793,0.734648168087006,0.535865783691406,-0.261995613574982,0.459230691194534,-0.847238779067993,-0.530106127262115,-0.916301429271698,-0.0039350688457489,0.124842256307602,-0.879387736320496,0.259977787733078,0.107455395162106,0.815457105636597,0.90716028213501,0.4955675303936,0.791209757328033,0.482835501432419,0.351373195648193,-0.612607777118683,0.366997539997101,0.869921743869781,0.298352241516113,0.841296494007111,-0.295318990945816,0.599019110202789,-0.295970618724823,0.385043799877167,-0.346383601427078,-0.38163498044014,0.00144587480463088,-0.686364531517029,0.695731937885284,0.289990097284317,0.95031076669693,0.0921757966279984,0.925176322460175,0.452169388532639,0.725856781005859,0.127068519592285,0.875539243221283,0.174911066889763,0.717137336730957,0.584409177303314,0.928470015525818,-0.0913143083453178,0.753303289413452,-0.15651336312294,0.540807127952576,0.217753037810326,0.601926863193512,0.670834362506866,-0.134983777999878,0.937451064586639,0.70711088180542,-0.43688240647316,0.489658623933792,0.830496490001678,0.31224861741066,0.642635226249695,-0.316889941692352,-0.658596098423004,-0.405849397182465,-0.425068974494934,-0.73126482963562,-0.605538249015808,-0.541298925876617,-0.533087551593781,-0.57509708404541,-0.316145122051239,-0.0234881192445755,-0.559863388538361,-0.792400717735291,-0.886405110359192,-0.776098847389221,-0.372833847999573,-0.642884433269501,-0.358288824558258,-0.670193612575531,-0.564816653728485,-0.483118295669556,-0.651116132736206,0.0980579853057861,-0.675466597080231,-0.609957933425903,-0.924558937549591,-0.471136450767517,-0.198418721556664,-0.330120503902435,-0.728569805622101,-0.183823257684708,-0.563771903514862,-0.652159869670868,-0.903912484645844,-0.824519515037537,-0.60444563627243,-0.660089194774628,-0.616231262683868,-0.482061922550201,-0.487742394208908,-0.680600643157959,-0.333331763744354,-0.823737502098083,-0.385326832532883,0.326113045215607,0.092768058180809,-0.655053436756134,0.766234636306763,0.141913563013077,0.095569871366024,-0.795090138912201,0.645113825798035,-0.291109383106232,0.461126297712326,-0.633699417114258,-0.807787299156189,-0.276495099067688,-0.534949660301208,-0.0734217017889023,-0.768081605434418,0.64826226234436,-0.61969655752182,-0.357506930828094,-0.572371304035187,-0.0358368903398514,-0.458575218915939,0.158418849110603,0.119052276015282,-0.236935824155807,0.110312111675739,0.901112616062164,0.187980934977531,0.615637302398682,-0.650788009166718,0.23012712597847,0.309437364339828,-0.188800036907196,0.158838510513306,-0.497850120067596,-0.159421369433403,-0.239268451929092,0.305690169334412,0.162423431873322,0.26568278670311,-0.0049081458710134,0.111078292131424,0.294237673282623,-0.424221336841583,0.202729612588882,-0.184045284986496,0.498083621263504,-0.536890208721161,-0.537497103214264,-0.25612872838974,-0.654825150966644,0.552516520023346,0.333952575922012,0.766604721546173,-0.43567556142807
-0.366302490234375,0.649303078651428,-0.402284055948257,0.594742655754089,-0.61649489402771,-0.51975804567337,-0.85502552986145,0.181634813547134,-0.866902470588684,0.465873211622238,-0.818134963512421,-0.512276351451874,0.406991183757782,0.560874879360199,-0.0198972839862108,-0.79874986410141,-0.578666687011719,0.0283515714108944,0.44573301076889,-0.871667563915253,-0.910813331604004,0.256023019552231,0.382774651050568,-0.83491986989975,-0.409223556518555,-0.527113914489746,-0.796581447124481,-0.715903222560883,-0.437295496463776,-0.897049188613892,0.957897543907166,0.737967669963837,-0.279727458953857,0.755495846271515,0.659709632396698,0.884405255317688,0.877156138420105,0.885944306850433,0.976931989192963,0.832002699375153,0.484999001026154,0.705952107906342,-0.242508992552757,0.866351246833801,-0.131361499428749,0.896559596061707,0.914572536945343,0.905694186687469,0.878879606723785,0.836305320262909,0.83227413892746,0.515472531318665,0.888591885566711,0.885958194732666,1,-0.386698663234711,-0.335149586200714,-0.541027665138245,-0.763561606407166,0.591204404830933,0.855679094791412,-0.225206896662712,-0.603744029998779,-0.115927085280418,-0.429463684558868,0.138052046298981,-0.0403464511036873,0.666972875595093,0.648622632026672,0.200584590435028,0.659876942634583,-0.484445810317993,0.194781377911568,0.236969321966171,0.670559763908386,0.963404893875122,-0.609940469264984,-0.8644660115242,0.688412189483643,0.194868087768555,-0.183810397982597,-0.788789033889771,0.375041127204895,-0.280809313058853,-0.666211903095245,-0.431787192821503,-0.613653779029846,-0.254641026258469,-0.54479193687439,-0.388112038373947,-0.0824341475963593,0.00213807984255254,-0.140333995223045,0.728346407413483,0.54858261346817,-0.447368532419205,0.0426424145698547,-0.807547926902771,-0.576149523258209,-0.794151484966278,-0.326224714517593,-0.0035383568610996,-0.88083416223526,0.132619261741638,-0.129278257489204,0.739586889743805,0.936560332775116,0.487402677536011,0.934676826000214,0.239716574549675,0.075721263885498,-0.792643547058105,0.214106142520905,0.867055654525757,0.117780759930611,0.648679137229919,-0.427098125219345,0.413302630186081,-0.307126849889755,0.228215649724007,-0.516201853752136,-0.426231414079666,-0.199734479188919,-0.832046091556549,0.424314260482788,0.0740370452404022,0.899786591529846,-0.283396363258362,0.827963769435883,0.330206900835037,0.532773733139038,0.000610705290455371,0.788309752941132,0.0360492467880249,0.536809802055359,0.429157853126526,0.837583541870117,-0.287031561136246,0.505971014499664,-0.42470982670784,0.206053927540779,-0.0383893512189388,0.520862758159637,0.5339714884758,-0.143173426389694,0.897493600845337,0.502821087837219,-0.62264484167099,0.300216138362885,0.985526859760284,0.0370941497385502,0.693598866462708,-0.151523739099503,-0.421486705541611,-0.446893274784088,-0.374406218528748,-0.36589527130127,-0.384241193532944,-0.150299474596977,-0.231369465589523,-0.42111000418663,0.0152406562119722,0.344486832618713,-0.425376385450363,-0.493972063064575,-0.709440529346466,-0.491441398859024,-0.397601097822189,-0.755765616893768,-0.363141655921936,-0.582661211490631,-0.627785325050354,-0.473960787057877,-0.335383594036102,0.207535833120346,-0.692431509494781,-0.517372727394104,-0.940569996833801,-0.552163481712341,-0.383102416992188,-0.15686771273613,-0.389498353004456,-0.0174225326627493,-0.600454688072205,-0.622104525566101,-0.662537693977356,-0.687378704547882,-0.424545466899872,-0.517687737941742,-0.657192885875702,-0.266288459300995,-0.314537554979324,-0.70765620470047,0.0566370449960232,-0.60685008764267,-0.50425797700882,0.239207163453102,0.0613996684551239,-0.425188928842545,0.585793077945709,-0.0896565392613411,-0.117728181183338,-0.641556799411774,0.328869849443436,-0.218997225165367,0.10136890411377,-0.426068872213364,-0.619071841239929,-0.0442626290023327,-0.569724917411804,-0.18373167514801,-0.568842113018036,0.613055109977722,-0.717489302158356,-0.543475031852722,-0.445174187421799,-0.205197677016258,-0.501011788845062,0.426686704158783,0.215475127100945,-0.353365212678909,0.103982262313366,0.795425951480865,-0.000880234991200268,0.69812422990799,-0.404360741376877,0.349524915218353,0.461950778961182,-0.12613120675087,0.339627683162689,-0.455232083797455,-0.0442365892231464,-0.193588763475418,0.444605439901352,0.223456919193268,0.346167802810669,0.117371708154678,0.242177709937096,0.347528219223022,-0.414040714502335,0.321402788162231,0.123080193996429,0.464295834302902,-0.571512758731842,-0.438484877347946,0.0367597304284573,-0.563287079334259,0.676807165145874,0.365379214286804,0.791575074195862,-0.492501378059387
-0.409904837608337,0.00184773735236377,-0.213669687509537,-0.0224791932851076,0.580860316753387,0.762306272983551,0.721639454364777,-0.0373173393309116,0.592478215694427,0.13485112786293,0.78627747297287,0.772420287132263,0.401294231414795,0.290043085813522,0.0603845827281475,0.805256962776184,0.835751116275787,-0.147737920284271,0.177054077386856,0.674037873744965,0.534817099571228,0.267074912786484,0.145393416285515,0.514533042907715,0.115911900997162,-0.00904745515435934,0.629503071308136,0.328221261501312,0.545895755290985,0.522329807281494,-0.329369932413101,-0.197349950671196,0.825206339359283,-0.244821667671204,-0.0890380516648293,-0.272526204586029,-0.22893251478672,-0.124554738402367,-0.451612442731857,-0.283502221107483,0.178557842969894,0.153499692678452,0.323569715023041,0.0189354624599218,0.412354499101639,-0.242184668779373,-0.303741008043289,-0.327436029911041,-0.223022982478142,-0.283066779375076,-0.286173671483994,-0.597544550895691,-0.210370495915413,-0.28864324092865,-0.386698663234711,1,0.932292580604553,0.896697700023651,0.719316124916077,0.3948854804039,0.0740016549825668,0.563254654407501,0.730579316616058,0.885661900043488,0.872431039810181,0.438412010669708,0.436749368906021,0.0762426257133484,-0.221925243735313,0.411478042602539,-0.0315779037773609,0.826335668563843,0.384590089321136,0.333283722400665,0.144398048520088,-0.306731969118118,0.68967342376709,0.521833598613739,-0.117551326751709,0.183915883302689,0.499323040246964,0.61688619852066,0.27821284532547,0.609470009803772,0.559299468994141,0.703290998935699,0.442513912916183,-0.150624468922615,0.905422210693359,0.742917835712433,0.357156366109848,0.667640447616577,0.820843517780304,-0.77294248342514,-0.510365843772888,0.767877638339996,0.0970718786120415,0.274627476930618,-0.271318733692169,0.461418330669403,0.678412079811096,0.4366335272789,0.173690050840378,-0.0537718087434769,0.302410006523132,-0.198560073971748,-0.368384748697281,-0.702298402786255,-0.388887941837311,0.419726818799973,0.501897573471069,0.823842108249664,0.443350553512573,-0.275337070226669,0.230126693844795,0.0683470070362091,0.697776436805725,0.443653792142868,0.706912636756897,0.386962741613388,0.851380228996277,0.839085638523102,0.640725076198578,0.759929060935974,0.196243107318878,0.521488428115845,-0.330551654100418,0.659773349761963,-0.146904125809669,0.48895388841629,0.229531794786453,0.622937083244324,-0.100417874753475,0.113457463681698,0.146167978644371,0.348025947809219,-0.323962867259979,0.606382787227631,0.217215746641159,0.830292284488678,0.173474252223969,0.397610068321228,0.0466532185673714,-0.118943437933922,0.312432497739792,-0.244069516658783,0.148146316409111,0.316166162490845,0.296603918075562,-0.474849700927734,0.228752106428146,0.169477328658104,-0.45266392827034,-0.419120579957962,-0.340755015611649,-0.223622620105743,0.24331459403038,-0.248508855700493,0.167143478989601,-0.297304034233093,-0.451950132846832,-0.145440056920052,-0.351359099149704,-0.110438585281372,-0.0746838003396988,-0.00151784217450768,0.422745436429977,-0.309360146522522,-0.188793808221817,-0.410712867975235,-0.251958876848221,-0.111329890787601,-0.373861908912659,-0.122663408517838,-0.594270348548889,0.448524534702301,-0.341902017593384,0.378850430250168,-0.122554905712605,0.0968321561813354,-0.281204491853714,0.0322708860039711,-0.41167351603508,-0.346015810966492,-0.308337509632111,0.316404819488525,-0.241949245333672,0.590496599674225,-0.18628054857254,-0.292315602302551,-0.111365877091885,-0.0517271608114243,0.169945776462555,-0.0750799849629402,-0.150628015398979,-0.0745720192790031,0.443699330091476,0.583795368671417,0.280712991952896,0.038644690066576,0.418191194534302,0.372261255979538,0.524737358093262,0.243425190448761,0.00602226378396153,0.425266623497009,0.466853946447372,0.320128351449966,0.0333936549723148,-0.00613679178059101,0.213669046759605,0.61724865436554,-0.451929688453674,0.856370687484741,0.227171957492828,-0.114128738641739,-0.246757924556732,0.327949941158295,-0.380322098731995,-0.728355884552002,0.73260897397995,-0.729635834693909,-0.414288401603699,0.375345826148987,-0.403184682130814,-0.317141085863113,-0.639238476753235,-0.578339576721191,-0.120209507644176,-0.471997797489166,-0.242673844099045,-0.436660408973694,-0.252157062292099,-0.491982489824295,-0.394091784954071,-0.369158297777176,-0.149171188473701,-0.358057647943497,-0.511392116546631,-0.182012483477592,-0.490599453449249,-0.0876410305500031,-0.47865092754364,0.475350737571716,-0.446922183036804,0.112694658339024,0.150883227586746,-0.481127470731735,-0.21891625225544,-0.596294581890106,-0.401928424835205
-0.570241987705231,0.220929861068726,-0.41274106502533,0.0154731944203377,0.553705453872681,0.755544722080231,0.594950497150421,0.015846798196435,0.50012081861496,0.388006150722504,0.721193969249725,0.790049254894257,0.592487454414368,0.325679272413254,0.282175004482269,0.769182145595551,0.934538900852203,0.0881048440933228,0.35282102227211,0.530257880687714,0.531672537326813,0.4577596783638,0.450769990682602,0.360182493925095,0.137976884841919,-0.186743333935738,0.679976165294647,0.211798042058945,0.66380387544632,0.512057483196259,-0.243853628635406,-0.084373451769352,0.936138153076172,-0.267569810152054,-0.099660761654377,-0.118010871112347,-0.0407184287905693,0.0340064503252506,-0.390084117650986,-0.158418282866478,0.438877671957016,0.328744173049927,0.235045954585075,-0.00493330229073763,0.642313659191132,-0.0548480711877346,-0.243436947464943,-0.209872722625732,-0.0814549326896667,-0.112892657518387,-0.180902078747749,-0.625070750713348,-0.0840987637639046,-0.198069334030151,-0.335149586200714,0.932292580604553,1,0.826408207416534,0.788328588008881,0.402232736349106,0.181807115674019,0.798576235771179,0.591739296913147,0.888911068439484,0.936263084411621,0.684033513069153,0.718441069126129,0.269463390111923,-0.106526434421539,0.68038684129715,0.19087216258049,0.927577674388885,0.641989707946777,0.57442182302475,0.323840618133545,-0.224444061517715,0.832999110221863,0.329645901918411,0.0701499059796333,0.492298871278763,0.666403353214264,0.583880305290222,0.484631359577179,0.826701819896698,0.582746744155884,0.82101845741272,0.287097603082657,-0.348141044378281,0.790084719657898,0.898576378822327,0.620620667934418,0.860438585281372,0.943571269512177,-0.631014704704285,-0.322316467761993,0.797068119049072,0.148094728589058,0.197223290801048,-0.185161903500557,0.356733828783035,0.685874342918396,0.721412658691406,0.161988914012909,0.24341307580471,0.10307951271534,-0.11195469647646,-0.239741608500481,-0.560270965099335,-0.374112635850906,0.664544582366943,0.738259494304657,0.776691257953644,0.695318818092346,-0.149692699313164,0.519553422927856,0.0984287187457085,0.858299195766449,0.617068231105804,0.831239283084869,0.514340400695801,0.925063669681549,0.930443704128265,0.868706345558167,0.791215538978577,0.203579664230347,0.769515931606293,-0.259260594844818,0.757306754589081,-0.0014742404455319,0.667830109596252,0.338751554489136,0.835607469081879,0.0121325505897403,0.354743003845215,0.403064101934433,0.570619463920593,-0.233424201607704,0.741125345230103,0.396624445915222,0.913317859172821,0.210839077830315,0.596714079380035,0.338085532188416,0.122281104326248,0.597217977046967,-0.122508935630322,0.36260136961937,0.321027159690857,0.562191009521484,-0.409026861190796,0.424438774585724,0.188518986105919,-0.685921192169189,-0.572632074356079,-0.509018778800964,-0.417532235383987,0.10747342556715,-0.456206470727921,0.0193119924515486,-0.500874936580658,-0.630606234073639,-0.165693774819374,-0.367459386587143,-0.337839990854263,-0.280314713716507,-0.187987476587296,0.371741414070129,-0.48177495598793,-0.226019144058228,-0.618935823440552,-0.360989362001419,-0.283730417490005,-0.466518759727478,-0.304740697145462,-0.816388964653015,0.462159365415573,-0.553288757801056,0.276513397693634,-0.284976810216904,0.135756343603134,-0.444238156080246,-0.0817151144146919,-0.476720869541168,-0.378411561250687,-0.382813215255737,0.218226417899132,-0.224396198987961,0.634031057357788,-0.357865840196609,-0.418582230806351,-0.24837090075016,-0.217471644282341,0.132192060351372,-0.226741567254066,-0.28252649307251,-0.190113186836243,0.537126064300537,0.474254757165909,0.0240172892808914,-0.0170320067554712,0.389830887317657,0.149313777685165,0.272193282842636,0.264945596456528,-0.0427191033959389,0.432903170585632,0.375313252210617,0.202344685792923,-0.0582586340606213,-0.0298204775899649,0.215689107775688,0.407597035169601,-0.547053039073944,0.81611156463623,0.0540108270943165,-0.146195709705353,-0.342764735221863,0.197861149907112,-0.366038829088211,-0.707901656627655,0.700267374515533,-0.733080327510834,-0.413624346256256,0.605220675468445,-0.296915501356125,-0.406978011131287,-0.628722488880157,-0.545857965946198,-0.0673255696892738,-0.410614758729935,-0.265217542648315,-0.412645399570465,-0.287580400705338,-0.455576241016388,-0.349198460578918,-0.153344288468361,-0.191634967923164,-0.290201216936111,-0.540209949016571,-0.282865107059479,-0.447669625282288,0.0314162150025368,-0.241340413689613,0.632075130939484,-0.605828166007996,-0.0935634821653366,-0.055166881531477,-0.467838853597641,0.00629932479932904,-0.411872744560242,-0.375837862491608
-0.0447423346340656,-0.159215688705444,0.119021743535995,-0.231685638427734,0.689967095851898,0.919165372848511,0.836638987064362,0.221619307994843,0.725897789001465,0.00755328359082341,0.884108006954193,0.942282557487488,0.246204510331154,0.314975142478943,0.249450713396072,0.923399984836578,0.801558494567871,0.0145168881863356,-0.0736919865012169,0.718129932880402,0.765925884246826,0.218230858445168,0.0333331935107708,0.641537070274353,0.346049815416336,0.285375654697418,0.61765468120575,0.640371739864349,0.460294246673584,0.707505345344543,-0.415970802307129,-0.263702303171158,0.818333983421326,-0.142773628234863,-0.0243326369673014,-0.334078252315521,-0.369922131299973,-0.294988572597504,-0.547043979167938,-0.479040831327438,0.0442874133586884,-0.0339922234416008,0.62184351682663,-0.134642586112022,0.233047395944595,-0.3900406062603,-0.402375996112823,-0.409701317548752,-0.395280390977859,-0.430060267448425,-0.454994887113571,-0.757706701755524,-0.450555205345154,-0.409165263175964,-0.541027665138245,0.896697700023651,0.826408207416534,1,0.789767622947693,0.252199530601501,-0.168801829218864,0.525364816188812,0.816896975040436,0.745870292186737,0.816146671772003,0.250414997339249,0.368644595146179,-0.153599292039871,-0.421058595180511,0.261809974908829,-0.226414039731026,0.847064614295959,0.23962339758873,0.138547137379646,-0.0833496600389481,-0.490974932909012,0.692383229732513,0.708131313323975,-0.28947988152504,-0.0190308075398207,0.321859896183014,0.577925264835358,0.0085878474637866,0.560168385505676,0.531152188777924,0.660617053508759,0.598392903804779,-0.224970817565918,0.966667354106903,0.603024780750275,0.370744526386261,0.47684982419014,0.747433483600616,-0.805358111858368,-0.675603210926056,0.538843333721161,0.11676961183548,0.271297097206116,-0.146602436900139,0.442300885915756,0.539811134338379,0.345742225646973,0.30781888961792,-0.0107096815481782,0.24006225168705,-0.312802344560623,-0.509609580039978,-0.798062264919281,-0.403663724660873,0.273193627595901,0.388785153627396,0.810769021511078,0.256328076124191,-0.531438052654266,0.0276719946414232,-0.179471299052238,0.722940981388092,0.319875180721283,0.512725532054901,0.420062065124512,0.822683215141296,0.709513783454895,0.561016738414764,0.792843043804169,-0.0619269013404846,0.426341354846954,-0.450171500444412,0.53631466627121,-0.375600159168243,0.213118925690651,0.22725847363472,0.393620312213898,-0.38311105966568,-0.156584724783897,-0.0136265782639384,0.097234271466732,-0.559942364692688,0.349445402622223,0.0146198235452175,0.733693420886993,-0.0288167744874954,0.143659308552742,-0.163358137011528,-0.331319361925125,0.277640104293823,-0.370709151029587,-0.0299176909029484,0.356777340173721,0.102913148701191,-0.607772529125214,0.0758165866136551,-0.107522808015347,-0.480560272932053,-0.283056944608688,-0.0106695732101798,-0.269984871149063,0.16075199842453,0.0108535811305046,0.0673583671450615,-0.0824295803904533,-0.214396581053734,-0.14085279405117,-0.347516715526581,0.176418229937553,0.0284050144255161,0.160258963704109,0.315719127655029,0.0466988086700439,0.156995415687561,-0.261309057474136,-0.21115930378437,0.223854407668114,-0.332474619150162,0.0742457509040833,-0.42682757973671,0.337850213050842,-0.102317482233047,0.50369918346405,0.236970990896225,-0.0336385145783424,0.00870880298316479,-0.0446090772747993,-0.175721049308777,-0.228653937578201,-0.236162319779396,0.270303398370743,-0.0285816118121147,0.511305928230286,0.11628794670105,-0.0537998788058758,0.175082862377167,0.255944609642029,0.307389706373215,-0.259560644626617,-0.0263323932886124,0.282462805509567,0.239588916301727,0.340355277061462,0.271122425794601,-0.222470059990883,0.133174359798431,0.242696404457092,0.4901984333992,0.0181028917431831,0.0723402202129364,0.311175107955933,0.331564903259277,0.29107129573822,0.153477877378464,0.0412554740905762,0.380926638841629,0.59569376707077,-0.611906111240387,0.867244184017181,0.360788583755493,0.0126727567985654,-0.20077146589756,0.540311336517334,-0.34133192896843,-0.637893259525299,0.491665899753571,-0.558049499988556,-0.570565223693848,0.391832202672958,-0.497949868440628,-0.0991305038332939,-0.424405515193939,-0.410215675830841,0.119441770017147,-0.343231409788132,0.0829481333494186,-0.192147955298424,0.09995386749506,-0.310094058513641,-0.131911545991898,-0.232511922717094,0.0576171688735485,-0.138445302844048,-0.39364892244339,0.163369506597519,-0.29030567407608,-0.212834149599075,-0.560667932033539,0.594935894012451,-0.313035309314728,0.193163275718689,0.254024386405945,-0.519686579704285,-0.196661293506622,-0.614946961402893,-0.104281850159168
-0.113327696919441,-0.143116667866707,0.0146567020565271,-0.287345290184021,0.533658564090729,0.788085341453552,0.784022152423859,0.0224789641797543,0.753426909446716,0.132352247834206,0.87202525138855,0.809662282466888,0.257518857717514,-0.0686878338456154,0.33110898733139,0.914132297039032,0.947526395320892,0.260032385587692,0.0545088462531567,0.731875419616699,0.869345247745514,0.188400581479073,0.15206690132618,0.586389601230621,0.397670984268188,0.184979915618896,0.936144530773163,0.532535970211029,0.819364964962006,0.916361629962921,-0.60988587141037,-0.499460101127625,0.781894385814667,-0.566899597644806,-0.448935449123383,-0.540442883968353,-0.45026296377182,-0.426487237215042,-0.7586669921875,-0.623070180416107,0.116212956607342,-0.115499995648861,0.304819315671921,-0.48492431640625,0.573240041732788,-0.470161527395248,-0.641096770763397,-0.583006143569946,-0.495154768228531,-0.534982740879059,-0.550529599189758,-0.640611469745636,-0.520188093185425,-0.529229044914246,-0.763561606407166,0.719316124916077,0.788328588008881,0.789767622947693,1,-0.0990759953856468,-0.347676396369934,0.618269562721252,0.611695408821106,0.550833106040955,0.786121010780334,0.440291076898575,0.570901691913605,-0.113294206559658,-0.402624636888504,0.426715761423111,-0.172374576330185,0.874078691005707,0.405372500419617,0.352210372686386,-0.0621080547571182,-0.633025407791138,0.909264624118805,0.631105720996857,-0.404682129621506,0.268367230892181,0.640376150608063,0.73906272649765,0.161516636610031,0.801124453544617,0.865183055400848,0.845912933349609,0.33844530582428,-0.144090175628662,0.729593694210052,0.830833554267883,0.634021759033203,0.594893097877502,0.662353813648224,-0.683836281299591,-0.448377847671509,0.759404718875885,0.164998233318329,0.564988970756531,0.303643792867661,0.573172688484192,0.721200346946716,0.565574169158936,0.629296839237213,0.127706930041313,0.178990289568901,-0.475166618824005,-0.668407738208771,-0.522655129432678,-0.750736176967621,0.37855139374733,0.547295093536377,0.929572939872742,0.346436589956284,-0.591364860534668,0.399971932172775,-0.300968438386917,0.767033338546753,0.200596138834953,0.703703641891479,0.366655826568604,0.909139096736908,0.729683399200439,0.743766486644745,0.953077971935272,-0.0345504023134708,0.556521475315094,-0.65505850315094,0.731198012828827,-0.429491549730301,0.276402771472931,-0.0270009413361549,0.546665489673615,-0.399148374795914,0.316214799880981,0.0695241391658783,0.170752376317978,-0.54758620262146,0.637834370136261,0.0823349356651306,0.795735538005829,0.169475317001343,0.425316870212555,-0.0122227845713496,-0.0761243924498558,0.485033124685287,-0.560002326965332,0.106067433953285,0.637941181659698,0.249392405152321,-0.820744574069977,0.256777167320251,-0.402524203062057,-0.450369447469711,-0.210960149765015,0.00587518326938152,-0.0637190639972687,0.0475162975490093,-0.172493368387222,-0.174166724085808,-0.332559645175934,-0.172869473695755,-0.352266401052475,-0.632373452186584,-0.0829532444477081,-0.0616123788058758,0.200402811169624,0.318112105131149,-0.0144531521946192,0.375808358192444,-0.136503428220749,0.11082673817873,0.207465723156929,0.0422801002860069,-0.179987967014313,-0.600796639919281,0.539892792701721,-0.0888872519135475,0.605259239673615,0.169356614351273,0.456524670124054,-0.262777000665665,-0.0484847910702229,-0.387042939662933,0.208052232861519,0.148802638053894,0.358821094036102,0.252720564603806,0.490947872400284,0.00383716030046344,0.183818221092224,-0.123218074440956,-0.0683294758200645,0.58578097820282,-0.306530565023422,0.0838221833109856,0.200022995471954,0.0958202704787254,0.124155521392822,0.131779238581657,-0.326653838157654,0.201756730675697,0.133749827742577,0.342542350292206,0.0442693270742893,-0.0100206499919295,0.227508872747421,0.32694998383522,0.395890742540359,0.0326644368469715,0.388094067573547,0.123744010925293,0.368762969970703,-0.717052698135376,0.858769774436951,0.223934456706047,0.235136777162552,-0.168281570076942,0.2554030418396,-0.376318275928497,-0.405276566743851,0.497556656599045,-0.356738269329071,-0.60490483045578,0.406819015741348,-0.678623735904694,-0.113867044448853,-0.46544474363327,-0.481164216995239,0.152025029063225,-0.373492956161499,0.176691547036171,-0.10204228758812,0.0364382490515709,-0.427685290575027,-0.191280737519264,-0.124846875667572,-0.135927841067314,-0.229741975665092,-0.395460069179535,0.13326957821846,-0.36262983083725,-0.163746535778046,-0.192257165908813,0.769162058830261,-0.148193001747131,-0.170632794499397,0.177342161536217,-0.634796619415283,-0.121993869543076,-0.526317000389099,0.195869356393814
-0.532965064048767,0.73451691865921,-0.406097829341888,0.761134088039398,-0.113019421696663,0.219040617346764,-0.276449054479599,0.449923574924469,-0.453406274318695,0.676292300224304,-0.194324061274529,0.239740446209908,0.782381772994995,0.726070165634155,0.370501548051834,-0.102245964109898,0.134224265813828,0.193095415830612,0.701080322265625,-0.379449963569641,-0.354081571102142,0.601049840450287,0.38678389787674,-0.493018507957458,-0.413228362798691,-0.340205371379852,-0.275767385959625,-0.217054843902588,-0.0349068641662598,-0.366565376520157,0.658210396766663,0.715231776237488,0.351326823234558,0.637154459953308,0.715742826461792,0.677417397499084,0.695519685745239,0.749961614608765,0.595754265785217,0.629108548164368,0.703231811523438,0.838383555412292,0.181403160095215,0.720006704330444,0.313518583774567,0.665921151638031,0.734777271747589,0.711324989795685,0.749792873859406,0.661446869373322,0.71702116727829,0.0181653629988432,0.698917865753174,0.714986443519592,0.591204404830933,0.3948854804039,0.402232736349106,0.252199530601501,-0.0990759953856468,1,0.817418992519379,0.244739562273026,-0.0386587269604206,0.410756826400757,0.338795989751816,0.538450062274933,0.418937474489212,0.749243557453156,0.645114421844482,0.535497725009918,0.678045928478241,0.317371964454651,0.598763883113861,0.42697811126709,0.694425821304321,0.669768452644348,-0.0200305040925741,-0.345413833856583,0.617003262042999,0.323371082544327,0.339274257421494,-0.406440913677216,0.646212160587311,0.300897419452667,-0.136758461594582,0.321677088737488,-0.251333445310593,-0.556293964385986,0.235244750976562,0.217674389481544,0.185974478721619,0.541160523891449,0.564256727695465,0.188323140144348,0.199726849794388,0.143354818224907,0.409929484128952,-0.734593272209167,-0.66201251745224,-0.542202293872833,0.294565171003342,0.288515210151672,-0.720741450786591,0.286711484193802,0.311704903841019,0.752087414264679,0.640735149383545,0.0113413371145725,0.568911135196686,0.650852918624878,0.549610495567322,-0.0873728692531586,0.565238237380981,0.640977025032043,0.283248990774155,0.787983000278473,0.23822882771492,0.864633321762085,0.070674404501915,0.599554121494293,0.211264103651047,0.192774683237076,0.319338291883469,-0.164731591939926,0.687719762325287,0.53040885925293,0.708909869194031,0.392104119062424,0.747640132904053,0.607870995998383,0.821086466312408,0.443972110748291,0.642975866794586,0.0119393188506365,0.68691498041153,0.681938052177429,0.607968807220459,0.139454618096352,0.773481726646423,0.363247245550156,0.432908594608307,0.324836403131485,0.499816477298737,0.339997440576553,-0.00209681713022292,0.729094862937927,0.663064181804657,-0.17643229663372,0.61159074306488,0.496125519275665,0.343003183603287,0.824087083339691,-0.558953881263733,-0.802763342857361,-0.614422738552094,-0.568114161491394,-0.432696282863617,-0.638845324516296,-0.236302554607391,-0.5392125248909,-0.779859244823456,-0.176466763019562,-0.0666929334402084,-0.486116737127304,-0.673347473144531,-0.770107209682465,-0.396606892347336,-0.542122423648834,-0.746847987174988,-0.652036845684052,-0.830015778541565,-0.599931836128235,-0.77766478061676,-0.517141878604889,-0.251675337553024,-0.279951900243759,-0.747906565666199,-0.542613208293915,-0.508745193481445,-0.313370227813721,-0.430805116891861,-0.550443291664124,-0.374485552310944,-0.849201738834381,-0.876066327095032,-0.632290840148926,-0.909138560295105,-0.0732218623161316,-0.685122311115265,-0.806301474571228,-0.414289087057114,-0.371943801641464,-0.557651937007904,-0.384914606809616,-0.781521558761597,-0.412440747022629,0.726934790611267,0.606311559677124,-0.343821138143539,0.711909472942352,0.345280110836029,0.226402014493942,-0.35307389497757,0.70916485786438,-0.0116274887695909,0.662479281425476,-0.181955844163895,-0.507067739963531,-0.3183713555336,-0.506406962871552,0.191329091787338,-0.197558596730232,0.374756097793579,0.0365735329687595,-0.0655427798628807,-0.584252119064331,-0.0681980773806572,-0.0866944417357445,-0.0989023447036743,-0.395342886447906,0.313014656305313,-0.529409348964691,0.498637825250626,0.512425124645233,0.420924335718155,-0.640477061271667,-0.28703585267067,-0.174374267458916,-0.392166167497635,-0.277088701725006,-0.707156360149384,-0.562038362026215,-0.445513784885406,-0.116067111492157,-0.200392499566078,-0.115653440356255,-0.188786253333092,-0.211982041597366,-0.220746636390686,-0.572661817073822,-0.228281497955322,-0.294882148504257,-0.051959190517664,-0.281793057918549,-0.857729434967041,-0.163604438304901,-0.335375607013702,0.0760814771056175,0.0261324513703585,0.252560257911682,-0.797791242599487
-0.722446620464325,0.82764083147049,-0.663370728492737,0.689470946788788,-0.416685461997986,-0.164383545517921,-0.611718535423279,0.180783838033676,-0.674310922622681,0.752364337444305,-0.495504289865494,-0.156432077288628,0.783455908298492,0.707124710083008,0.143361032009125,-0.446917414665222,-0.0814172700047493,0.139656290411949,0.735332310199738,-0.646451354026794,-0.683842599391937,0.535079061985016,0.651359260082245,-0.733635485172272,-0.404577344655991,-0.668942093849182,-0.421267181634903,-0.669208109378815,-0.0214688628911972,-0.643109202384949,0.867867827415466,0.70807021856308,0.197203561663628,0.59188038110733,0.587639570236206,0.841438710689545,0.911129593849182,0.955887317657471,0.801947414875031,0.781023979187012,0.782942771911621,0.941478073596954,-0.18725161254406,0.877843141555786,0.289096266031265,0.921007812023163,0.825699508190155,0.839830994606018,0.900494992733002,0.821719884872437,0.80187714099884,0.279809236526489,0.919820547103882,0.851619362831116,0.855679094791412,0.0740016549825668,0.181807115674019,-0.168801829218864,-0.347676396369934,0.817418992519379,1,0.179559826850891,-0.384253472089767,0.316745012998581,0.0376357287168503,0.574489653110504,0.382590442895889,0.898637652397156,0.677859008312225,0.618392527103424,0.843919575214386,-0.00730125047266483,0.604492008686066,0.623702585697174,0.91703462600708,0.907282531261444,-0.177028089761734,-0.75607818365097,0.747031688690186,0.519480109214783,0.258172631263733,-0.517739713191986,0.727491617202759,0.203378617763519,-0.299564242362976,0.040904562920332,-0.588217735290527,-0.45113542675972,-0.187615796923637,0.120910800993443,0.29059362411499,0.507041156291962,0.350510150194168,0.464177429676056,0.453637659549713,0.0260987803339958,0.189609616994858,-0.708633005619049,-0.654586493968964,-0.652031421661377,0.108932055532932,0.415518432855606,-0.818985342979431,0.272647500038147,-0.0303214006125927,0.718805611133575,0.849474430084229,0.274149298667908,0.727504014968872,0.653020858764648,0.528696537017822,-0.389820545911789,0.6267369389534,0.855654895305634,0.486037075519562,0.780342698097229,-0.00496584083884954,0.770035266876221,0.150607734918594,0.518898725509644,-0.0328881330788136,0.0401010811328888,0.290197759866714,-0.437774121761322,0.638814032077789,0.525632858276367,0.807802021503448,0.1893070936203,0.903723180294037,0.748606741428375,0.726456522941589,0.486870765686035,0.885309100151062,0.336269468069077,0.82329261302948,0.801755309104919,0.811503708362579,0.174472153186798,0.806953728199005,0.0733021721243858,0.442269653081894,0.365270644426346,0.76880270242691,0.707560002803802,0.170506104826927,0.874397575855255,0.786815226078033,-0.429147839546204,0.663638353347778,0.791864812374115,0.329435914754868,0.806477308273315,-0.517855942249298,-0.779123723506927,-0.751537024974823,-0.567489385604858,-0.395601570606232,-0.725578367710114,-0.236038461327553,-0.606972336769104,-0.806104183197021,-0.167986899614334,0.0642134919762611,-0.709426760673523,-0.733563005924225,-0.88082492351532,-0.365358769893646,-0.702783584594727,-0.906470000743866,-0.682760417461395,-0.765212893486023,-0.832079768180847,-0.68209183216095,-0.620652139186859,-0.243147149682045,-0.462781667709351,-0.861881196498871,-0.854235410690308,-0.761243224143982,-0.21076275408268,-0.488957822322845,-0.501813650131226,-0.35199847817421,-0.76775187253952,-0.805693328380585,-0.607386708259583,-0.854484081268311,-0.15786674618721,-0.800228595733643,-0.887448847293854,-0.520046532154083,-0.552767395973206,-0.645650565624237,-0.089554101228714,-0.817440152168274,-0.661690413951874,0.530335307121277,0.312189668416977,-0.477476418018341,0.664534509181976,0.184257924556732,0.00567311234772205,-0.569601058959961,0.567830204963684,-0.29557728767395,0.38702180981636,-0.275503724813461,-0.556292831897736,-0.12906751036644,-0.563929200172424,-0.137690052390099,-0.44909605383873,0.383404791355133,-0.330095291137695,-0.554932832717896,-0.543671727180481,-0.372011870145798,-0.49366557598114,0.220368236303329,-0.119876556098461,0.0275480523705482,-0.24555216729641,0.669779598712921,0.316875815391541,0.542628526687622,-0.707916259765625,0.00519574573263526,0.16221097111702,-0.196468323469162,0.104431815445423,-0.644896864891052,-0.285083264112473,-0.403231680393219,0.182600617408752,0.0145055204629898,0.26944375038147,-0.036414485424757,0.0490725561976433,0.0832518935203552,-0.620152413845062,0.0621515512466431,0.10997024923563,0.435232251882553,-0.273684650659561,-0.771225810050964,-0.100571148097515,-0.657336592674255,0.452652335166931,0.3834627866745,0.636003434658051,-0.693060457706451
-0.576445519924164,0.411805361509323,-0.583519279956818,-0.062248982489109,0.558206737041473,0.527514457702637,0.313496351242065,0.0635211765766144,0.299588114023209,0.503497004508972,0.464260458946228,0.645126044750214,0.554454922676086,0.223416045308113,0.544049441814423,0.53973001241684,0.773739099502563,0.290560722351074,0.3487329185009,0.223251089453697,0.444520890712738,0.548559665679932,0.730447113513947,0.159997031092644,0.195814579725266,-0.371940314769745,0.500382959842682,0.0562647581100464,0.450566053390503,0.316295832395554,-0.148710757493973,0.148542687296867,0.791269063949585,-0.231489077210426,-0.0738155692815781,0.130283758044243,0.16604819893837,0.162445142865181,-0.235878363251686,0.107716776430607,0.589229583740234,0.363899827003479,0.0669080168008804,-0.150439217686653,0.69649863243103,0.151723220944405,-0.149737745523453,-0.0448638647794724,0.0603140704333782,0.156433537602425,-0.0381992496550083,-0.653999328613281,0.009586569853127,-0.153297498822212,-0.225206896662712,0.563254654407501,0.798576235771179,0.525364816188812,0.618269562721252,0.244739562273026,0.179559826850891,1,0.345642954111099,0.631943106651306,0.818801581859589,0.722275376319885,0.879997432231903,0.313476860523224,0.0159190613776445,0.772736728191376,0.337677508592606,0.820126473903656,0.720981180667877,0.573918342590332,0.315516442060471,-0.163198903203011,0.821345746517181,0.0186420921236277,0.388852804899216,0.760643839836121,0.561411499977112,0.434587687253952,0.497414767742157,0.801296234130859,0.2729332447052,0.67753142118454,0.232425570487976,-0.523762404918671,0.424845516681671,0.802183091640472,0.68612003326416,0.7918820977211,0.844814956188202,-0.308634012937546,0.0256979465484619,0.490309983491898,0.0394668728113174,0.000840630265884101,0.0364963263273239,0.188802182674408,0.283331990242004,0.853467404842377,0.153493329882622,0.711503088474274,-0.363290965557098,0.0459350906312466,-0.00900346878916025,-0.245494946837425,-0.246508240699768,0.724202871322632,0.736977934837341,0.448207974433899,0.81284373998642,0.0205874647945166,0.645551383495331,-0.0281775407493114,0.942486345767975,0.63746190071106,0.710134267807007,0.43013408780098,0.738501667976379,0.866765677928925,0.878903090953827,0.64529812335968,-0.0728117376565933,0.812163412570953,-0.133782625198364,0.513028204441071,0.108846478164196,0.589417695999146,0.327419817447662,0.840973734855652,0.00529184984043241,0.418458819389343,0.534100711345673,0.61284875869751,-0.190860077738762,0.60122287273407,0.370967924594879,0.747750163078308,-0.0911504551768303,0.602522790431976,0.585163056850433,0.22295854985714,0.882420539855957,0.0360991545021534,0.382822245359421,0.207683607935905,0.72321093082428,-0.21670238673687,0.528682351112366,0.202127814292908,-0.788979709148407,-0.480586767196655,-0.614477932453156,-0.630588710308075,0.075535424053669,-0.465710371732712,0.0422863848507404,-0.436532825231552,-0.622816145420074,0.16605481505394,-0.0194074828177691,-0.407645672559738,-0.306596040725708,-0.28026282787323,0.364298850297928,-0.581785500049591,-0.177074119448662,-0.808705747127533,-0.414807736873627,-0.420892298221588,-0.536082029342651,-0.228235393762589,-0.932466566562653,0.489224225282669,-0.621533930301666,0.197193205356598,-0.403009623289108,-0.0669818520545959,-0.422982752323151,-0.0107477447018027,-0.26382714509964,-0.376255363225937,-0.394950419664383,0.141039788722992,0.00190510903485119,0.701776027679443,-0.366278052330017,-0.496875464916229,-0.17345429956913,-0.204907014966011,0.00693620648235083,-0.357101887464523,-0.241098344326019,-0.264589339494705,0.604278445243835,0.215648457407951,-0.281430155038834,-0.267437636852264,0.159857749938965,-0.397772967815399,-0.0737214684486389,0.0328970104455948,0.119154497981071,0.199388220906258,0.262807905673981,0.0513140745460987,-0.22273813188076,-0.0819575637578964,0.33332422375679,0.14872895181179,-0.586239635944366,0.589277625083923,-0.0977668091654778,-0.126318752765656,-0.297713786363602,0.143906578421593,-0.278498351573944,-0.556620597839355,0.496447265148163,-0.663202583789825,-0.496696442365646,0.849435091018677,0.0599714927375317,-0.18817774951458,-0.497234493494034,-0.412408918142319,-0.0261002406477928,-0.244955196976662,-0.208386838436127,-0.315535247325897,-0.262223154306412,-0.328529983758926,-0.254095703363419,0.140527278184891,-0.230558201670647,-0.120513044297695,-0.589069008827209,-0.350382447242737,-0.301299899816513,0.294921696186066,-0.0337344482541084,0.70991188287735,-0.65438449382782,-0.331172227859497,-0.187735885381699,-0.42406439781189,0.28532412648201,-0.156133025884628,-0.279208064079285
0.0462810024619102,-0.347986847162247,0.0913774818181992,-0.479202479124069,0.59098494052887,0.555192112922668,0.871367156505585,-0.22586427628994,0.84044361114502,-0.345526665449142,0.818442821502686,0.776694715023041,-0.120861083269119,-0.00770897651091218,-0.0811628326773643,0.815325140953064,0.587173998355865,-0.443830072879791,-0.41009110212326,0.797318637371063,0.688652575016022,-0.324938714504242,-0.176414549350739,0.843905806541443,0.623560786247253,0.132271021604538,0.600505411624908,0.458822339773178,0.297022879123688,0.628764450550079,-0.550789356231689,-0.527798473834991,0.506644546985626,-0.369838207960129,-0.361301511526108,-0.566759347915649,-0.623734533786774,-0.570112407207489,-0.59667694568634,-0.561390161514282,-0.318239331245422,-0.38173434138298,0.269821017980576,-0.293662905693054,0.0315824002027512,-0.617103576660156,-0.640583693981171,-0.657882392406464,-0.639207005500793,-0.651999235153198,-0.624984323978424,-0.870204031467438,-0.681882977485657,-0.683377504348755,-0.603744029998779,0.730579316616058,0.591739296913147,0.816896975040436,0.611695408821106,-0.0386587269604206,-0.384253472089767,0.345642954111099,1,0.613073289394379,0.710631549358368,-0.148850306868553,0.0322320461273193,-0.500682473182678,-0.636538207530975,-0.0416542924940586,-0.6096271276474,0.562243640422821,-0.138326436281204,-0.258953303098679,-0.321232676506042,-0.674562931060791,0.628460466861725,0.704500496387482,-0.479700148105621,-0.159645259380341,0.0851549580693245,0.785581231117249,-0.354821771383286,0.206811040639877,0.338196277618408,0.398650586605072,0.839734375476837,0.295285999774933,0.745796382427216,0.43288055062294,0.0713260993361473,0.143923625349998,0.387629985809326,-0.769015192985535,-0.540966928005219,0.420365929603577,-0.413480162620544,0.462567746639252,0.155301749706268,0.764623939990997,0.27021923661232,0.0707590356469154,0.581588983535767,-0.191329658031464,0.218550235033035,-0.413837403059006,-0.670937240123749,-0.629375815391541,-0.42962971329689,-0.131058529019356,-0.0231579095125198,0.722667157649994,-0.104679428040981,-0.665473163127899,-0.189660206437111,-0.534883499145508,0.56036901473999,-0.0482232272624969,0.459290683269501,0.224817395210266,0.690229713916779,0.578740119934082,0.235484734177589,0.727200090885162,-0.349471539258957,0.0728333070874214,-0.677408993244171,0.138417795300484,-0.63279789686203,-0.125707283616066,-0.264455378055573,0.150328889489174,-0.685132920742035,-0.330966532230377,-0.375943750143051,-0.254962772130966,-0.716341376304626,0.0763291567564011,-0.332867205142975,0.400877952575684,-0.365725427865982,-0.217354625463486,-0.453359007835388,-0.660651803016663,0.081932045519352,-0.647554814815521,-0.308869481086731,0.51069962978363,-0.196863442659378,-0.636901795864105,-0.381359666585922,-0.187694668769836,-0.0939869433641434,0.199937254190445,0.075505793094635,0.112848423421383,0.590212821960449,0.284094899892807,0.492757707834244,0.286474317312241,0.163783371448517,0.175707191228867,-0.0837841704487801,0.329891800880432,0.50253301858902,0.566132605075836,0.651867926120758,0.108509108424187,0.204440951347351,-0.0398716554045677,0.199605420231819,0.254582077264786,-0.00265279784798622,0.450070768594742,-0.201532930135727,0.489758729934692,0.191442295908928,0.691882908344269,0.207928746938705,0.0219863764941692,0.0798281654715538,0.446615964174271,-0.174920380115509,0.0362945273518562,0.101756319403648,0.622395038604736,0.318907171487808,0.740821182727814,0.296008199453354,0.16502757370472,0.288549095392227,0.347959935665131,0.579796433448792,0.185653671622276,0.472469717264175,0.125976651906967,0.104530602693558,0.416050255298615,0.720559120178223,-0.425969481468201,-0.132905200123787,-0.000790924939792603,0.737375676631927,-0.296081036329269,0.419026523828506,-0.188631519675255,0.750094056129456,0.733966886997223,0.300965428352356,0.389691412448883,0.0787073373794556,0.878766536712646,-0.559349000453949,0.874552607536316,0.264187902212143,0.457863718271255,-0.166083693504333,0.402926534414291,-0.0159436836838722,-0.311503410339355,0.455874711275101,-0.569100797176361,-0.724765777587891,0.136813670396805,-0.594947576522827,0.381558507680893,-0.439317971467972,-0.425307214260101,-4.07859297411051e-05,-0.39809861779213,0.0897373333573341,-0.170268133282661,0.0435786359012127,-0.386949300765991,-0.250977456569672,-0.361699134111404,-0.0721403807401657,-0.257258117198944,-0.485724419355392,0.139002040028572,-0.399043470621109,-0.126489132642746,-0.648604273796082,0.448360651731491,-0.0703093856573105,0.33750107884407,0.669628143310547,-0.668685257434845,-0.497669547796249,-0.679626643657684,-0.0945615395903587
-0.587934851646423,0.131941229104996,-0.438681304454803,-0.122923508286476,0.461946159601212,0.611194491386414,0.53228485584259,-0.132628083229065,0.477689206600189,0.232868045568466,0.636299252510071,0.65091472864151,0.494341939687729,0.51887035369873,-0.0472037605941296,0.634249269962311,0.728554487228394,-0.219681307673454,0.165263161063194,0.480330467224121,0.323839098215103,0.288471400737762,0.457193583250046,0.380184203386307,0.234171584248543,-0.287469685077667,0.470775693655014,0.028213394805789,0.510021388530731,0.299854725599289,-0.0770943760871887,-0.118371814489365,0.870432674884796,-0.115726806223392,-0.0326137691736221,-0.0283770821988583,0.00427527818828821,0.118780694901943,-0.2269017547369,-0.130479291081429,0.309553354978561,0.324738681316376,0.203554227948189,0.285307198762894,0.33892348408699,0.0262406971305609,-0.170529723167419,-0.163070917129517,-0.0703142583370209,-0.115368269383907,-0.218946471810341,-0.584396421909332,-0.0318859592080116,-0.156605735421181,-0.115927085280418,0.885661900043488,0.888911068439484,0.745870292186737,0.550833106040955,0.410756826400757,0.316745012998581,0.631943106651306,0.613073289394379,1,0.762255668640137,0.485122591257095,0.46539643406868,0.213024139404297,-0.260211586952209,0.546057403087616,0.109208889305592,0.682347238063812,0.42894122004509,0.500690102577209,0.382400780916214,-0.0895121395587921,0.622186839580536,0.223626881837845,0.0511882640421391,0.334073573350906,0.371862918138504,0.528614819049835,0.319014459848404,0.570451736450195,0.337156653404236,0.500604212284088,0.310816377401352,-0.182528808712959,0.725738167762756,0.693038582801819,0.505076706409454,0.705968201160431,0.809949040412903,-0.638899803161621,-0.415781915187836,0.625501215457916,-0.133356437087059,0.178878888487816,-0.426551789045334,0.343179792165756,0.489307016134262,0.613387525081635,0.0122030731290579,-0.0150204012170434,-0.0310732983052731,-0.180118709802628,-0.152767136693001,-0.652020037174225,-0.128413915634155,0.48686820268631,0.54372900724411,0.594546377658844,0.56455409526825,-0.119838126003742,0.345194280147552,0.0462061576545238,0.634461939334869,0.51160991191864,0.813038766384125,0.484687656164169,0.751887261867523,0.816598534584045,0.695431113243103,0.573527097702026,0.0889449566602707,0.611700177192688,-0.213798061013222,0.4721759557724,-0.0159523878246546,0.6550452709198,0.318611472845078,0.710425198078156,0.0651815533638,0.228683963418007,0.310902267694473,0.490246802568436,-0.225282415747643,0.564087271690369,0.262500137090683,0.650642514228821,0.0621139667928219,0.348649829626083,0.283722162246704,0.110524728894234,0.524907946586609,-0.0597302354872227,0.267068237066269,0.0371048524975777,0.370502889156342,-0.183467537164688,0.161145836114883,0.244559794664383,-0.59966254234314,-0.505485892295837,-0.509026110172272,-0.429676979780197,0.309873342514038,-0.292882919311523,0.234565123915672,-0.304054528474808,-0.559626817703247,-0.0657583400607109,-0.155779868364334,-0.234390556812286,-0.137439027428627,-0.13604973256588,0.483487904071808,-0.452859312295914,-0.393763840198517,-0.602605938911438,-0.395924001932144,-0.323286861181259,-0.530831456184387,-0.127604231238365,-0.630943953990936,0.225705251097679,-0.524160444736481,0.0949227958917618,-0.323999911546707,-0.028882622718811,-0.249111816287041,0.0339554436504841,-0.341716170310974,-0.497367948293686,-0.470152765512466,0.309546560049057,-0.278097659349442,0.631819128990173,-0.259510040283203,-0.503625452518463,-0.0702502354979515,-0.0647660195827484,0.0414815507829189,0.123880036175251,-0.253031075000763,-0.251068770885468,0.37325644493103,0.402599781751633,0.192681014537811,-0.0576409474015236,0.174942642450333,0.123335108160973,0.368317842483521,0.0687077715992928,-0.196873098611832,0.207805663347244,0.414807736873627,0.25512558221817,0.293236881494522,-0.185167476534843,0.0690324008464813,0.510913193225861,-0.554615259170532,0.651351153850555,-0.192056775093079,-0.130037739872932,-0.632052063941956,0.110533304512501,-0.0626606568694115,-0.62793505191803,0.492461889982224,-0.635267913341522,-0.352688908576965,0.337993264198303,-0.273311823606491,-0.373699992895126,-0.382564634084702,-0.256181925535202,0.115794412791729,-0.119557455182076,-0.189434424042702,-0.206790536642075,-0.139583393931389,-0.169123455882072,-0.134561166167259,0.0129016758874059,0.0938580110669136,-0.0439383871853352,-0.290618926286697,-0.190936282277107,-0.196663036942482,0.260191321372986,-0.190101832151413,0.572256326675415,-0.547141492366791,0.310287326574326,-0.118089385330677,-0.172628194093704,0.12156093865633,-0.291715860366821,-0.419347196817398
-0.480939984321594,0.230649098753929,-0.393962353467941,-0.00783740542829037,0.575721681118011,0.676550090312958,0.626715958118439,-0.0278965178877115,0.537433981895447,0.317021280527115,0.708607256412506,0.845361828804016,0.485577285289764,0.146237403154373,0.380639851093292,0.779090762138367,0.904964625835419,0.0409777127206326,0.273378074169159,0.541835844516754,0.597511351108551,0.299620747566223,0.354854226112366,0.428655862808228,0.255606472492218,-0.203777462244034,0.705385386943817,0.251201778650284,0.57260537147522,0.545987963676453,-0.330886363983154,-0.104554526507854,0.819691300392151,-0.341731250286102,-0.19149874150753,-0.196796178817749,-0.139942824840546,-0.103140950202942,-0.425792574882507,-0.151364371180534,0.357542902231216,0.193552926182747,0.149579271674156,-0.191934525966644,0.664628922939301,-0.164281964302063,-0.328063905239105,-0.284880518913269,-0.158911645412445,-0.162535265088081,-0.187654167413712,-0.772516489028931,-0.208575502038002,-0.311218708753586,-0.429463684558868,0.872431039810181,0.936263084411621,0.816146671772003,0.786121010780334,0.338795989751816,0.0376357287168503,0.818801581859589,0.710631549358368,0.762255668640137,1,0.564034223556519,0.692408859729767,0.131128683686256,-0.104225315153599,0.598607301712036,0.0512596629559994,0.932072937488556,0.568128228187561,0.35923820734024,0.176833540201187,-0.353795826435089,0.894025146961212,0.370030403137207,0.0440303944051266,0.487068235874176,0.653579890727997,0.653831481933594,0.36291441321373,0.760422646999359,0.520933508872986,0.848995268344879,0.451090276241302,-0.238629505038261,0.731196224689484,0.878902733325958,0.510472893714905,0.753965139389038,0.858453214168549,-0.572395026683807,-0.190644666552544,0.739681005477905,0.0279413927346468,0.180749744176865,0.0588186830282211,0.461096853017807,0.586310684680939,0.621181190013885,0.323139846324921,0.359424382448196,0.159997373819351,-0.0315220877528191,-0.30369159579277,-0.425459980964661,-0.415670305490494,0.564748644828796,0.627425730228424,0.774688303470612,0.580506920814514,-0.206406682729721,0.449262380599976,-0.0457678660750389,0.932063162326813,0.551294088363647,0.742970883846283,0.498094290494919,0.942853629589081,0.905308365821838,0.775546073913574,0.836936235427856,0.0939109325408936,0.682364583015442,-0.330254167318344,0.659368395805359,-0.0935195088386536,0.466958612203598,0.179823786020279,0.748343348503113,-0.188973724842072,0.213571488857269,0.288654804229736,0.426433950662613,-0.31005534529686,0.590832471847534,0.304851591587067,0.866818428039551,0.0498511344194412,0.472015172243118,0.212400808930397,-0.0995001941919327,0.514751434326172,-0.231803894042969,0.279016256332397,0.531601309776306,0.523461222648621,-0.487525999546051,0.294368296861649,0.181055560708046,-0.591711819171906,-0.386368989944458,-0.470045864582062,-0.300842851400375,0.187848314642906,-0.38734957575798,0.129641592502594,-0.376116394996643,-0.488728076219559,0.00159766897559166,-0.275741130113602,-0.278504401445389,-0.12742418050766,-0.0420893207192421,0.437041133642197,-0.450310677289963,-0.133000254631042,-0.57334041595459,-0.224983975291252,-0.251607149839401,-0.3638556599617,-0.163360983133316,-0.772641360759735,0.61415708065033,-0.438349068164825,0.441433697938919,-0.265286922454834,0.124767825007439,-0.472865134477615,0.0708463788032532,-0.508802473545074,-0.274980455636978,-0.26293084025383,0.273033648729324,-0.0557569600641727,0.759706616401672,-0.31184321641922,-0.315210431814194,-0.231006681919098,-0.190503224730492,0.27445188164711,-0.258680939674377,-0.0718213692307472,-0.219010710716248,0.619401633739471,0.586413562297821,0.144335970282555,-0.0999480113387108,0.300443768501282,-0.0255257785320282,0.299685478210449,0.201680317521095,0.301359206438065,0.303457528352737,0.547605812549591,0.348979264497757,-0.188148185610771,0.181573405861855,0.217473208904266,0.49370476603508,-0.493035644292831,0.90826678276062,0.162679329514503,0.0528073981404305,-0.149922668933868,0.228916168212891,-0.334572643041611,-0.595209002494812,0.766667783260345,-0.843625128269196,-0.522057473659515,0.697818458080292,-0.288374483585358,-0.139717817306519,-0.754679143428802,-0.690170884132385,-0.243356540799141,-0.604776501655579,-0.326424300670624,-0.537567913532257,-0.375603854656219,-0.620783865451813,-0.498891294002533,-0.29912593960762,-0.398976027965546,-0.460032492876053,-0.750927329063416,-0.34844645857811,-0.625470697879791,-0.100361764431,-0.37371164560318,0.558117628097534,-0.594638347625732,-0.226460799574852,0.217098027467728,-0.71884560585022,-0.222966492176056,-0.48118856549263,-0.402455359697342
-0.767268478870392,0.705715417861938,-0.654767572879791,0.492579728364944,0.0566159375011921,0.364307343959808,-0.101511023938656,0.211553573608398,-0.174487933516502,0.877555072307587,0.0976587682962418,0.313663840293884,0.894589364528656,0.359147191047668,0.540199756622314,0.185951858758926,0.635897219181061,0.559514403343201,0.853034496307373,-0.135472550988197,0.0331608429551125,0.799630999565125,0.769941329956055,-0.365559250116348,-0.28545880317688,-0.457438856363297,0.335708200931549,-0.215835735201836,0.589199125766754,0.0800552889704704,0.238476619124413,0.378015607595444,0.672069370746613,-0.0206192620098591,0.143991202116013,0.383499175310135,0.547372221946716,0.563453495502472,0.104532182216644,0.350212246179581,0.895789265632629,0.773802101612091,-0.0552279502153397,0.208647280931473,0.869167268276215,0.521503567695618,0.277644693851471,0.360235184431076,0.511476516723633,0.475183993577957,0.402051836252213,-0.0639010965824127,0.514761686325073,0.390386790037155,0.138052046298981,0.438412010669708,0.684033513069153,0.250414997339249,0.440291076898575,0.538450062274933,0.574489653110504,0.722275376319885,-0.148850306868553,0.485122591257095,0.564034223556519,1,0.929694890975952,0.811258018016815,0.49756446480751,0.947575449943542,0.79422390460968,0.657857179641724,0.979475378990173,0.926043629646301,0.736126959323883,0.334967881441116,0.5374795794487,-0.302543610334396,0.533391535282135,0.853303194046021,0.831107556819916,0.0224031172692776,0.937736749649048,0.878275692462921,0.416374802589417,0.72595226764679,-0.421204596757889,-0.665528297424316,0.21336530148983,0.769988238811493,0.762685835361481,0.951617062091827,0.794717133045197,0.0354421809315681,0.25440913438797,0.603100955486298,0.493926256895065,-0.222351834177971,-0.204018712043762,-0.243394866585732,0.60532557964325,0.872877061367035,-0.248734563589096,0.593014061450958,-0.028859069570899,0.338851630687714,0.330162405967712,0.0367954298853874,-0.0504925176501274,0.97909289598465,0.971145689487457,0.2892806828022,0.958661139011383,0.442175209522247,0.898533403873444,0.556520700454712,0.614806413650513,0.847807466983795,0.617320954799652,0.552410900592804,0.571487605571747,0.600623428821564,0.883880734443665,0.330130875110626,0.574243605136871,0.939487397670746,0.293877840042114,0.807862937450409,0.593385636806488,0.909105598926544,0.615211963653564,0.920596420764923,0.586988627910614,0.753983914852142,0.889254570007324,0.945056259632111,0.399151504039764,0.79167640209198,0.851780831813812,0.741697907447815,0.583670735359192,0.905630528926849,0.853555381298065,0.735068321228027,0.663482546806335,0.425736844539642,0.820379972457886,0.0942098349332809,0.9446781873703,0.0729653835296631,0.804914355278015,0.408180683851242,-0.795755207538605,-0.864987909793854,-0.730256319046021,-0.584140777587891,-0.445823222398758,-0.895060241222382,-0.462176412343979,-0.92121809720993,-0.915265619754791,-0.365704029798508,-0.404157370328903,-0.809852242469788,-0.820936799049377,-0.745457887649536,-0.159467622637749,-0.734320223331451,-0.454950928688049,-0.750554382801056,-0.578596413135529,-0.642441868782043,-0.523230969905853,-0.821723341941833,-0.831666052341461,0.152113854885101,-0.883097410202026,-0.2811638712883,-0.607988834381104,0.217562913894653,-0.740172863006592,-0.510819673538208,-0.555033624172211,-0.439775496721268,-0.523847341537476,-0.337620496749878,-0.506346940994263,0.161222666501999,-0.790845334529877,-0.6470006108284,-0.669706404209137,-0.682053983211517,-0.248875632882118,-0.497864633798599,-0.722648561000824,-0.446149975061417,0.625845491886139,0.261515766382217,-0.611126363277435,0.355573952198029,0.509977102279663,0.0378316715359688,-0.426638692617416,0.615762412548065,-0.27218160033226,0.629204034805298,-0.145181030035019,-0.357608407735825,-0.402727276086807,-0.233090698719025,0.0976002141833305,-0.339827984571457,-0.138362109661102,0.247354179620743,-0.234093174338341,-0.444687992334366,-0.241495594382286,-0.237420067191124,-0.332469046115875,-0.450569242238998,0.454560548067093,-0.433211654424667,0.154639303684235,0.724282681941986,0.158338159322739,-0.762254595756531,-0.424140930175781,-0.328445553779602,-0.162572920322418,-0.238241463899612,-0.475565224885941,-0.407472282648087,-0.457233160734177,-0.272223144769669,-0.24917559325695,0.143016144633293,-0.302544295787811,-0.205748096108437,-0.314743340015411,-0.556790888309479,-0.276718884706497,0.0531263500452042,0.350172221660614,0.348976463079453,-0.757465898990631,-0.552018880844116,-0.587962448596954,-0.097943976521492,0.371948719024658,0.190732851624489,-0.397026717662811
-0.634049892425537,0.660097122192383,-0.587794423103333,0.299127370119095,0.224401831626892,0.462271004915237,0.0413235053420067,0.265977263450623,-0.00429208157584071,0.815726697444916,0.230008482933044,0.517292141914368,0.810341656208038,0.292624443769455,0.721915006637573,0.342416018247604,0.72306215763092,0.611440718173981,0.691010177135468,-0.0460310988128185,0.260811984539032,0.734347939491272,0.790165662765503,-0.201306462287903,-0.0299992524087429,-0.401083916425705,0.436782747507095,-0.0525739081203938,0.573499798774719,0.243864074349403,0.0994808673858643,0.311763435602188,0.731318831443787,-0.0856439396739006,0.0656804144382477,0.304294228553772,0.4207683801651,0.402870237827301,-0.0241252183914185,0.247235327959061,0.843753397464752,0.62904965877533,0.0279439706355333,-0.00564012071117759,0.878831326961517,0.39040744304657,0.114277847111225,0.229688987135887,0.352271795272827,0.366405606269836,0.259092569351196,-0.3486108481884,0.296918153762817,0.198136582970619,-0.0403464511036873,0.436749368906021,0.718441069126129,0.368644595146179,0.570901691913605,0.418937474489212,0.382590442895889,0.879997432231903,0.0322320461273193,0.46539643406868,0.692408859729767,0.929694890975952,1,0.634096443653107,0.345143556594849,0.936786234378815,0.638286769390106,0.779968023300171,0.948754489421844,0.794996619224548,0.576342523097992,0.118708036839962,0.712871730327606,-0.184339642524719,0.473795384168625,0.87006813287735,0.793728590011597,0.152287095785141,0.78040736913681,0.926184892654419,0.399972826242447,0.793370127677917,-0.192403018474579,-0.682711362838745,0.267146408557892,0.815291881561279,0.82061892747879,0.907583832740784,0.827020525932312,-0.0209218487143517,0.233478516340256,0.531959354877472,0.374587267637253,-0.184915900230408,0.0112031158059835,-0.120259769260883,0.496286630630493,0.915856063365936,-0.0361910909414291,0.767654001712799,-0.140336111187935,0.280104368925095,0.196529507637024,0.00764845078811049,-0.134682148694992,0.934843182563782,0.943455040454865,0.353037863969803,0.917429745197296,0.257926523685455,0.85659646987915,0.294016808271408,0.811588764190674,0.810093581676483,0.617197215557098,0.603104770183563,0.680241823196411,0.673347413539886,0.928870022296906,0.482411682605743,0.316538244485855,0.955320656299591,0.129617065191269,0.733865559101105,0.406422048807144,0.747369289398193,0.531895935535431,0.890619277954102,0.309531360864639,0.620175182819366,0.802248239517212,0.816897869110107,0.169827237725258,0.677627503871918,0.712469696998596,0.760472536087036,0.332533627748489,0.784883260726929,0.765688419342041,0.536067545413971,0.77208000421524,0.272662132978439,0.713428556919098,0.24681231379509,0.913771033287048,-0.0777154043316841,0.708020448684692,0.268296629190445,-0.866902232170105,-0.731786608695984,-0.640465617179871,-0.630661189556122,-0.366428732872009,-0.76733410358429,-0.39296543598175,-0.778737366199493,-0.790216147899628,-0.211712449789047,-0.322089999914169,-0.682813048362732,-0.685397982597351,-0.587056696414948,-0.0557008497416973,-0.631317853927612,-0.252595335245132,-0.774136602878571,-0.514992475509644,-0.52216237783432,-0.510025024414062,-0.640214264392853,-0.876939237117767,0.270905822515488,-0.780923008918762,-0.0812241807579994,-0.486250758171082,0.138902828097343,-0.654464364051819,-0.409751147031784,-0.476088583469391,-0.361219614744186,-0.454995602369308,-0.243834555149078,-0.257719099521637,0.342639297246933,-0.641712427139282,-0.537010312080383,-0.512756407260895,-0.523079097270966,-0.0771261528134346,-0.597023248672485,-0.53875344991684,-0.334673404693604,0.627339899539948,0.203531548380852,-0.558719336986542,0.0798944234848022,0.30550155043602,-0.222170561552048,-0.406868040561676,0.407281845808029,-0.0459989979863167,0.465759724378586,-0.0391700267791748,-0.235549673438072,-0.39343199133873,-0.0943700298666954,0.20585897564888,-0.24538642168045,-0.328018426895142,0.397317975759506,-0.165637642145157,-0.25571021437645,-0.210972651839256,-0.103680871427059,-0.300942212343216,-0.417334884405136,0.429829120635986,-0.499838799238205,-0.103492565453053,0.884155452251434,0.105251736938953,-0.50219738483429,-0.441735565662384,-0.361803352832794,-0.102885149419308,-0.276830613613129,-0.343495756387711,-0.360463857650757,-0.346762925386429,-0.29880627989769,-0.219203725457191,0.186648786067963,-0.317990690469742,-0.174768015742302,-0.44727823138237,-0.454664200544357,-0.294037818908691,0.0343547500669956,0.246342867612839,0.518458843231201,-0.75640594959259,-0.590234100818634,-0.413072854280472,-0.306034624576569,0.327153950929642,0.114415414631367,-0.282365322113037
-0.734623849391937,0.896483659744263,-0.652165710926056,0.793907761573792,-0.398596704006195,-0.0489842742681503,-0.592498421669006,0.290452122688293,-0.669494807720184,0.931468605995178,-0.433362126350403,-0.0958723500370979,0.900350034236908,0.537006735801697,0.400879561901093,-0.350741267204285,0.116259045898914,0.47611677646637,0.936718940734863,-0.618653357028961,-0.5168137550354,0.72004246711731,0.703084826469421,-0.794772148132324,-0.504507780075073,-0.59006679058075,-0.199308782815933,-0.551496028900146,0.212513983249664,-0.434722483158112,0.730711579322815,0.689562737941742,0.276613414287567,0.415800899267197,0.480361342430115,0.756198585033417,0.895350098609924,0.908436059951782,0.643043696880341,0.716922640800476,0.930445611476898,0.972983479499817,-0.188765719532967,0.635557293891907,0.589872717857361,0.879948139190674,0.749700009822845,0.797243297100067,0.898138999938965,0.81683212518692,0.813685715198517,0.332999497652054,0.905142784118652,0.840168118476868,0.666972875595093,0.0762426257133484,0.269463390111923,-0.153599292039871,-0.113294206559658,0.749243557453156,0.898637652397156,0.313476860523224,-0.500682473182678,0.213024139404297,0.131128683686256,0.811258018016815,0.634096443653107,1,0.801657021045685,0.786213040351868,0.970018863677979,0.184703409671783,0.833654284477234,0.803983807563782,0.925603747367859,0.817199945449829,0.0082978755235672,-0.703977823257446,0.73660683631897,0.701263427734375,0.561976253986359,-0.478595435619354,0.928894102573395,0.482142776250839,-0.00696407910436392,0.322314023971558,-0.735217571258545,-0.610844314098358,-0.176320567727089,0.329714566469193,0.486522346735001,0.683309078216553,0.457260519266129,0.489034503698349,0.530229210853577,0.21623358130455,0.477328658103943,-0.628626465797424,-0.443675696849823,-0.664025366306305,0.337988764047623,0.581817448139191,-0.686206579208374,0.467551916837692,0.0439893305301666,0.707501590251923,0.768467485904694,0.366475820541382,0.476208686828613,0.849228262901306,0.756159543991089,-0.227085843682289,0.781269431114197,0.83299595117569,0.727963089942932,0.84209132194519,0.14596626162529,0.845656156539917,0.222780779004097,0.543784260749817,0.108479760587215,0.123245626688004,0.495641887187958,-0.255105644464493,0.773085415363312,0.707911610603333,0.754633963108063,0.490575283765793,0.933587431907654,0.833343029022217,0.748108863830566,0.636414468288422,0.907941401004791,0.585445582866669,0.955630123615265,0.924474537372589,0.836491227149963,0.418012976646423,0.960369646549225,0.300085991621017,0.666394293308258,0.657974123954773,0.884932219982147,0.85574197769165,0.296312212944031,0.823413848876953,0.924543559551239,-0.216426610946655,0.854493319988251,0.594336032867432,0.619148910045624,0.681524157524109,-0.615290880203247,-0.88233494758606,-0.740390777587891,-0.55428010225296,-0.632191598415375,-0.914734840393066,-0.523955881595612,-0.862347662448883,-0.893052518367767,-0.370664864778519,-0.21109676361084,-0.863892018795013,-0.929329454898834,-0.966663718223572,-0.500625193119049,-0.728797554969788,-0.739676475524902,-0.670272946357727,-0.713155388832092,-0.798937678337097,-0.577265024185181,-0.87234890460968,-0.427966594696045,-0.305275797843933,-0.912967562675476,-0.754174768924713,-0.733610451221466,0.0349736474454403,-0.683067739009857,-0.669300138950348,-0.486952781677246,-0.602230370044708,-0.688789904117584,-0.697191715240479,-0.805164456367493,-0.228244036436081,-0.910634696483612,-0.788991093635559,-0.729156076908112,-0.749523460865021,-0.556942105293274,-0.381940364837646,-0.894855976104736,-0.602796971797943,0.580435037612915,0.2593714594841,-0.696474969387054,0.699670135974884,0.385700017213821,0.0623927935957909,-0.7054523229599,0.749516367912292,-0.322609692811966,0.591529190540314,-0.391930431127548,-0.64029723405838,-0.381567984819412,-0.436670511960983,-0.0800016224384308,-0.632242202758789,0.34710630774498,-0.247206702828407,-0.430183589458466,-0.573218882083893,-0.202960669994354,-0.501101911067963,-0.0314393229782581,-0.154835402965546,0.145679354667664,-0.21461196243763,0.661494076251984,0.494864046573639,0.475555509328842,-0.832188725471497,-0.131595000624657,-0.0119902808219194,-0.254506886005402,-0.0497335679829121,-0.64367401599884,-0.363346755504608,-0.480892539024353,0.00736772827804089,-0.0920054540038109,0.229817792773247,-0.217373505234718,-0.0887972041964531,-0.0191808976233006,-0.656063079833984,-0.0703562498092651,-0.0273238364607096,0.536590874195099,-0.161888211965561,-0.776656448841095,-0.455442517995834,-0.727816104888916,0.291751325130463,0.397785872220993,0.600092768669128,-0.559845864772797
-0.453172296285629,0.79993337392807,-0.445828348398209,0.944778800010681,-0.45710289478302,-0.331266790628433,-0.746947169303894,0.305429577827454,-0.861797392368317,0.699736773967743,-0.687545716762543,-0.358684867620468,0.571809053421021,0.161300674080849,0.404625624418259,-0.598774194717407,-0.229698106646538,0.412084937095642,0.845405042171478,-0.741533756256104,-0.643921971321106,0.531983733177185,0.294229537248611,-0.870476543903351,-0.745817422866821,-0.408065885305405,-0.441936552524567,-0.477089434862137,-0.192837461829185,-0.612510919570923,0.643476903438568,0.813589572906494,-0.21190357208252,0.432335317134857,0.521595478057861,0.693055629730225,0.787534713745117,0.748875975608826,0.693802714347839,0.850217938423157,0.678904354572296,0.728985369205475,-0.296204924583435,0.402088910341263,0.419574469327927,0.741547167301178,0.810503959655762,0.814951181411743,0.890067756175995,0.861902892589569,0.952075898647308,0.537119746208191,0.864764750003815,0.825747311115265,0.648622632026672,-0.221925243735313,-0.106526434421539,-0.421058595180511,-0.402624636888504,0.645114421844482,0.677859008312225,0.0159190613776445,-0.636538207530975,-0.260211586952209,-0.104225315153599,0.49756446480751,0.345143556594849,0.801657021045685,1,0.400906383991241,0.822101771831512,-0.0826509073376656,0.550074458122253,0.358132690191269,0.580511689186096,0.76791924238205,-0.290409773588181,-0.679811060428619,0.762200951576233,0.46259143948555,0.366589784622192,-0.657691180706024,0.733423113822937,0.115782499313354,-0.23139762878418,0.123242035508156,-0.651850819587708,-0.456809103488922,-0.406938433647156,-0.0121659804135561,-0.0144450245425105,0.297843664884567,0.0971447750926018,0.69391256570816,0.728422939777374,-0.037074264138937,0.542074799537659,-0.750913321971893,-0.238021448254585,-0.718909621238708,0.0786363184452057,0.111552029848099,-0.678984701633453,0.486090898513794,0.212395325303078,0.896336376667023,0.804281651973724,0.641312181949615,0.476590692996979,0.53718113899231,0.383103668689728,-0.439107328653336,0.453852295875549,0.901908814907074,0.40772956609726,0.867788136005402,-0.0840447917580605,0.598655223846436,-0.241863667964935,0.174241811037064,-0.22750723361969,-0.174457892775536,0.0576622113585472,-0.460169732570648,0.751699507236481,0.298487573862076,0.857367396354675,0.256304502487183,0.915942311286926,0.411904364824295,0.527625024318695,0.258309602737427,0.788244307041168,0.294360935688019,0.6737340092659,0.611566424369812,0.899689555168152,0.117436751723289,0.769968330860138,0.0852193832397461,0.544240117073059,0.479101449251175,0.610371589660645,0.549798965454102,-0.102627255022526,0.804665565490723,0.657209634780884,-0.140458881855011,0.646280348300934,0.61211085319519,0.547557651996613,0.744212985038757,-0.190578028559685,-0.542758703231812,-0.556972503662109,-0.260687053203583,-0.625435531139374,-0.721538782119751,-0.408912926912308,-0.603680729866028,-0.603423774242401,-0.119125828146935,-0.00384945794939995,-0.652527332305908,-0.713846504688263,-0.811762809753418,-0.607902348041534,-0.571521103382111,-0.610664665699005,-0.397448986768723,-0.505151391029358,-0.65728771686554,-0.355260491371155,-0.667284071445465,-0.143658354878426,-0.176847845315933,-0.603941559791565,-0.610699057579041,-0.597298502922058,-0.0625545382499695,-0.585328221321106,-0.49444192647934,-0.329704254865646,-0.445423066616058,-0.476142525672913,-0.75957053899765,-0.703337907791138,-0.386242896318436,-0.773741781711578,-0.583154380321503,-0.665690004825592,-0.668260455131531,-0.627982437610626,-0.443513602018356,-0.668618083000183,-0.520012855529785,0.633124232292175,0.371822357177734,-0.638748049736023,0.813570320606232,0.490746289491653,0.0848123505711555,-0.688376486301422,0.792671680450439,0.0707436949014664,0.585710227489471,-0.392258048057556,-0.665781021118164,-0.752522766590118,-0.32263571023941,0.0456220209598541,-0.651839971542358,0.756781101226807,-0.403537064790726,-0.0509355515241623,-0.557982861995697,0.378880113363266,-0.356885462999344,-0.199538290500641,-0.0207964330911636,0.187610104680061,-0.183193951845169,0.746556878089905,0.404399961233139,0.697157144546509,-0.529387712478638,-0.239952206611633,-0.196206316351891,-0.632046282291412,-0.302037209272385,-0.763559699058533,-0.584052741527557,-0.650475800037384,-0.212431609630585,-0.351523488759995,-0.14274537563324,-0.512743830680847,-0.365471333265305,-0.18952476978302,-0.731985092163086,-0.27592933177948,-0.266177892684937,0.280888736248016,-0.593056499958038,-0.547920942306519,-0.67784857749939,-0.41153272986412,0.139112964272499,0.0497978962957859,0.477319866418839,-0.591105937957764
-0.789670646190643,0.774639546871185,-0.725814044475555,0.388859868049622,-0.0185078550130129,0.310005068778992,-0.111445754766464,0.15592922270298,-0.138377785682678,0.901451647281647,0.0842298269271851,0.388773828744888,0.924137949943542,0.448841601610184,0.552155792713165,0.180449724197388,0.624449908733368,0.48968368768692,0.772658228874207,-0.181821793317795,0.0204978864639997,0.674246370792389,0.88481205701828,-0.342827945947647,-0.0274449549615383,-0.607066094875336,0.334184229373932,-0.31692773103714,0.605011820793152,0.0708039477467537,0.333998769521713,0.331384271383286,0.707049667835236,0.0180042088031769,0.100764773786068,0.430792093276978,0.580419957637787,0.58752304315567,0.184369891881943,0.346954941749573,0.918131232261658,0.788741767406464,-0.112832732498646,0.276359558105469,0.845317780971527,0.572212755680084,0.259900689125061,0.369181782007217,0.505178987979889,0.458638548851013,0.380017757415771,-0.231461584568024,0.483796030282974,0.377458781003952,0.200584590435028,0.411478042602539,0.68038684129715,0.261809974908829,0.426715761423111,0.535497725009918,0.618392527103424,0.772736728191376,-0.0416542924940586,0.546057403087616,0.598607301712036,0.947575449943542,0.936786234378815,0.786213040351868,0.400906383991241,1,0.737861454486847,0.636464715003967,0.967317163944244,0.899471163749695,0.81115448474884,0.347875535488129,0.600416660308838,-0.386011123657227,0.511489927768707,0.904310345649719,0.786008656024933,0.0641799867153168,0.856154322624207,0.86491996049881,0.330612123012543,0.691002070903778,-0.371687114238739,-0.589824080467224,0.154881820082664,0.779522299766541,0.855461895465851,0.937294363975525,0.775240123271942,0.097400926053524,0.32165402173996,0.532146453857422,0.263916432857513,-0.252760589122772,-0.136935442686081,-0.205725654959679,0.52297580242157,0.942266941070557,-0.191248804330826,0.626750767230988,-0.10363631695509,0.36043506860733,0.346278756856918,0.0898665189743042,0.0689300522208214,0.964300274848938,0.961524844169617,0.236391738057137,0.933394551277161,0.413707584142685,0.924430131912231,0.40836039185524,0.654570996761322,0.864870250225067,0.67540055513382,0.727354228496552,0.619536757469177,0.581579267978668,0.898930490016937,0.308175176382065,0.457398891448975,0.980205953121185,0.257598370313644,0.684255003929138,0.556148886680603,0.887203335762024,0.582079112529755,0.924906194210052,0.503692805767059,0.704318821430206,0.909639000892639,0.921737194061279,0.364709109067917,0.660053193569183,0.834087908267975,0.630321264266968,0.454219788312912,0.74624228477478,0.861689150333405,0.701165676116943,0.711982131004333,0.408460527658463,0.871461927890778,0.141278997063637,0.939108312129974,0.136379525065422,0.598128378391266,0.388116151094437,-0.872314393520355,-0.826629638671875,-0.754250705242157,-0.617909967899323,-0.378701955080032,-0.87613433599472,-0.402999401092529,-0.864218354225159,-0.875282824039459,-0.320366710424423,-0.340153485536575,-0.837953627109528,-0.768262088298798,-0.700750410556793,-0.0984989702701569,-0.743000984191895,-0.482611805200577,-0.80685156583786,-0.567716956138611,-0.697575867176056,-0.538512527942657,-0.751718878746033,-0.795686364173889,0.0676517859101295,-0.907372951507568,-0.330998063087463,-0.665964901447296,0.192428216338158,-0.742938280105591,-0.468636095523834,-0.605530321598053,-0.442732810974121,-0.543049275875092,-0.308594077825546,-0.424508512020111,0.272356063127518,-0.793598711490631,-0.66536819934845,-0.640751123428345,-0.662385404109955,-0.126738250255585,-0.40545067191124,-0.643121600151062,-0.537203550338745,0.590652823448181,0.241331100463867,-0.51535028219223,0.234663680195808,0.242944315075874,-0.185769096016884,-0.470551341772079,0.478137522935867,-0.190306767821312,0.409406542778015,-0.0384626798331738,-0.246853172779083,-0.229762181639671,-0.140063852071762,-0.0470256172120571,-0.309034824371338,-0.226033985614777,0.26300123333931,-0.440904885530472,-0.245755776762962,-0.425360918045044,-0.367203176021576,-0.0546316988766193,-0.288652420043945,0.338238686323166,-0.44638454914093,0.110237181186676,0.750591635704041,0.106637097895145,-0.637970209121704,-0.332176893949509,-0.204269900918007,-0.0725661292672157,-0.157347500324249,-0.44212943315506,-0.308276981115341,-0.380265653133392,-0.161036178469658,-0.134346440434456,0.295940846204758,-0.243879869580269,-0.109118394553661,-0.284489899873734,-0.541099905967712,-0.206276059150696,0.0867715403437614,0.437295019626617,0.405892640352249,-0.832332253456116,-0.45738023519516,-0.533304870128632,-0.110147155821323,0.382986694574356,0.325326055288315,-0.394260823726654
-0.659269034862518,0.860833406448364,-0.605721354484558,0.752399444580078,-0.305663079023361,-0.0551721900701523,-0.644259095191956,0.373773574829102,-0.715492784976959,0.897944033145905,-0.47894948720932,-0.158436208963394,0.823866844177246,0.500404596328735,0.463933438062668,-0.397593170404434,0.0481443293392658,0.562417030334473,0.89629328250885,-0.670638501644135,-0.507518768310547,0.808590233325958,0.712604284286499,-0.826225638389587,-0.583771347999573,-0.508326828479767,-0.28885206580162,-0.490750640630722,0.0878860354423523,-0.484010070562363,0.700258553028107,0.780422806739807,0.221442461013794,0.450208514928818,0.549154102802277,0.812012195587158,0.917199969291687,0.914196670055389,0.637744724750519,0.768555879592896,0.91902095079422,0.937781751155853,-0.131096765398979,0.563434600830078,0.533355593681335,0.895332992076874,0.776724100112915,0.82930451631546,0.907308518886566,0.883628249168396,0.819963872432709,0.381626516580582,0.90759801864624,0.831974625587463,0.659876942634583,-0.0315779037773609,0.19087216258049,-0.226414039731026,-0.172374576330185,0.678045928478241,0.843919575214386,0.337677508592606,-0.6096271276474,0.109208889305592,0.0512596629559994,0.79422390460968,0.638286769390106,0.970018863677979,0.822101771831512,0.737861454486847,1,0.148109838366508,0.807347774505615,0.776028692722321,0.834463059902191,0.803330957889557,-0.0551672019064426,-0.718330860137939,0.826107382774353,0.692503094673157,0.465185850858688,-0.556860208511353,0.902521848678589,0.440391391515732,-0.103710740804672,0.24051696062088,-0.724499642848969,-0.72110915184021,-0.229335054755211,0.241165518760681,0.439249843358994,0.619136035442352,0.42701917886734,0.518877267837524,0.52781742811203,0.0910914912819862,0.542567491531372,-0.674222886562347,-0.448748171329498,-0.740177810192108,0.193745836615562,0.559045791625977,-0.726001977920532,0.572464942932129,-0.118068747222424,0.698707759380341,0.814802169799805,0.367806643247604,0.47486075758934,0.827446222305298,0.714924812316895,-0.321097284555435,0.793249070644379,0.851144731044769,0.679640710353851,0.830502808094025,0.140116751194,0.809675514698029,0.120057806372643,0.404607087373734,-0.00299303163774312,0.0991168841719627,0.462137013673782,-0.300320476293564,0.668386816978455,0.661907196044922,0.79448539018631,0.420060187578201,0.937098979949951,0.775102496147156,0.774662137031555,0.583462059497833,0.90466970205307,0.556637167930603,0.939122140407562,0.896729826927185,0.805039048194885,0.386246681213379,0.89265513420105,0.273561209440231,0.564589500427246,0.675860047340393,0.915144503116608,0.859145641326904,0.365241587162018,0.869903326034546,0.836475014686584,-0.338232010602951,0.844564497470856,0.621202349662781,0.722032427787781,0.657550573348999,-0.610733985900879,-0.847174286842346,-0.703603744506836,-0.640664517879486,-0.650059998035431,-0.842739343643188,-0.519477725028992,-0.794016182422638,-0.868916928768158,-0.254037022590637,-0.0858142673969269,-0.781982243061066,-0.921744287014008,-0.983633458614349,-0.522607982158661,-0.685870289802551,-0.667932868003845,-0.686997413635254,-0.754894912242889,-0.747732102870941,-0.620132923126221,-0.808134913444519,-0.447037756443024,-0.292748242616653,-0.875840187072754,-0.742396831512451,-0.667370676994324,-0.094022311270237,-0.56974869966507,-0.659794688224792,-0.297864764928818,-0.619135081768036,-0.700500667095184,-0.719718158245087,-0.749671816825867,-0.269093215465546,-0.824497640132904,-0.78588205575943,-0.613198399543762,-0.649365425109863,-0.675239264965057,-0.46337416768074,-0.907021224498749,-0.498517215251923,0.567535936832428,0.127251461148262,-0.832501411437988,0.617073476314545,0.390420109033585,-0.00888632424175739,-0.765946269035339,0.668086111545563,-0.339410036802292,0.599457621574402,-0.511264204978943,-0.75699645280838,-0.455499291419983,-0.55221039056778,0.0885429456830025,-0.702621817588806,0.329673647880554,-0.338917434215546,-0.355005294084549,-0.681915462017059,-0.124633073806763,-0.379476934671402,-0.136391937732697,-0.211784407496452,0.0808641687035561,-0.152210786938667,0.61471027135849,0.531520664691925,0.615358710289001,-0.792227566242218,-0.0694274306297302,0.0302106682211161,-0.207374349236488,0.0336093045771122,-0.561325252056122,-0.311491280794144,-0.419228941202164,0.0638334676623344,-0.0436835996806622,0.288277834653854,-0.163555309176445,0.00195497320964932,0.000772827421315014,-0.598033666610718,0.0193485766649246,0.0740555003285408,0.521335482597351,-0.131814330816269,-0.718995928764343,-0.493474453687668,-0.802133023738861,0.354496568441391,0.52195155620575,0.595072388648987,-0.484370976686478
-0.347138613462448,0.198568642139435,-0.217995017766953,0.00956360995769501,0.617166578769684,0.845308661460876,0.617826521396637,0.238862961530685,0.513613820075989,0.396935135126114,0.739071547985077,0.882803618907928,0.53564989566803,0.214589476585388,0.554238021373749,0.824257731437683,0.94739431142807,0.340101957321167,0.322580575942993,0.513495862483978,0.701425433158875,0.511538684368134,0.369704276323318,0.361014932394028,0.166912913322449,0.0161982942372561,0.712841093540192,0.440517127513885,0.630703747272491,0.654423773288727,-0.340508311986923,-0.0549987703561783,0.889476120471954,-0.259268909692764,-0.0711999088525772,-0.1589035987854,-0.10563138872385,-0.0753996223211288,-0.472805827856064,-0.222545191645622,0.429505378007889,0.232862547039986,0.378547012805939,-0.230443269014359,0.676484823226929,-0.143680810928345,-0.285766988992691,-0.231939628720284,-0.138510137796402,-0.141681611537933,-0.199074909090996,-0.673267781734467,-0.200589790940285,-0.243890658020973,-0.484445810317993,0.826335668563843,0.927577674388885,0.847064614295959,0.874078691005707,0.317371964454651,-0.00730125047266483,0.820126473903656,0.562243640422821,0.682347238063812,0.932072937488556,0.657857179641724,0.779968023300171,0.184703409671783,-0.0826509073376656,0.636464715003967,0.148109838366508,1,0.650999963283539,0.475626289844513,0.163441494107246,-0.35159370303154,0.876128911972046,0.433251857757568,0.026513809338212,0.455362409353256,0.687318444252014,0.527857840061188,0.420515656471252,0.876659393310547,0.633329689502716,0.9093217253685,0.324761480093002,-0.471169292926788,0.783486008644104,0.866335928440094,0.634793758392334,0.788674235343933,0.913960576057434,-0.573863208293915,-0.305195391178131,0.701931953430176,0.311245799064636,0.157244667410851,0.013125367462635,0.303336560726166,0.655329167842865,0.681610822677612,0.273564696311951,0.416834264993668,0.128230556845665,-0.0895192846655846,-0.308233678340912,-0.497982531785965,-0.466277927160263,0.652330935001373,0.738086104393005,0.788801431655884,0.63688713312149,-0.251782089471817,0.478595167398453,0.0179358515888453,0.933568120002747,0.586895942687988,0.666859567165375,0.506257176399231,0.923372685909271,0.856933951377869,0.856335997581482,0.850558638572693,0.130091652274132,0.7558513879776,-0.293539792299271,0.789448618888855,-0.0794477090239525,0.492620140314102,0.342105627059937,0.73182886838913,-0.140334829688072,0.258116126060486,0.361370205879211,0.462090790271759,-0.316511452198029,0.647672951221466,0.354757577180862,0.940609931945801,0.170466288924217,0.569738984107971,0.257409542798996,0.0200081057846546,0.577816188335419,-0.18095289170742,0.309152752161026,0.458834141492844,0.548327445983887,-0.543237566947937,0.478064835071564,0.0367797799408436,-0.703712821006775,-0.509859919548035,-0.327749282121658,-0.422873824834824,-0.0623826161026955,-0.395477592945099,-0.147267386317253,-0.468880295753479,-0.521392107009888,-0.184474393725395,-0.430108398199081,-0.236477434635162,-0.300121784210205,-0.145393818616867,0.21828804910183,-0.303585529327393,0.0348699130117893,-0.530032157897949,-0.318445384502411,-0.0956921800971031,-0.399434626102448,-0.285243183374405,-0.781235694885254,0.501614511013031,-0.426538735628128,0.402527868747711,-0.0815079212188721,0.125581964850426,-0.380910098552704,-0.182022228837013,-0.391061335802078,-0.251793265342712,-0.293822735548019,0.107886150479317,-0.0887683853507042,0.546705424785614,-0.250748813152313,-0.247656092047691,-0.189568310976028,-0.138007238507271,0.209934964776039,-0.510176122188568,-0.232387036085129,0.0216248650103807,0.514048159122467,0.368389189243317,-0.0976537987589836,-0.109139636158943,0.345507860183716,0.0743017047643661,0.160572916269302,0.252466142177582,0.0936352610588074,0.479309290647507,0.248340502381325,0.119973845779896,-0.215760961174965,0.0606401339173317,0.382524520158768,0.295183271169662,-0.560383498668671,0.83725506067276,0.256198406219482,-0.103858835995197,-0.118601106107235,0.340299218893051,-0.494892060756683,-0.662426233291626,0.64715987443924,-0.661229431629181,-0.481721729040146,0.737296998500824,-0.296028196811676,-0.2893146276474,-0.618032336235046,-0.586997210979462,-0.0655246898531914,-0.483128666877747,-0.148655116558075,-0.394302666187286,-0.191562294960022,-0.493610352277756,-0.322447210550308,-0.168742224574089,-0.245958670973778,-0.301338523626328,-0.593262791633606,-0.164352551102638,-0.458886355161667,-0.156653791666031,-0.295838475227356,0.65998512506485,-0.547003626823425,-0.287230461835861,0.0256471578031778,-0.611544907093048,-0.0408024601638317,-0.445181459188461,-0.199855789542198
-0.731717526912689,0.799657225608826,-0.645954012870789,0.543029069900513,-0.0130038261413574,0.335846185684204,-0.160940408706665,0.291340589523315,-0.233612343668938,0.938022077083588,0.0308532398194075,0.355283617973328,0.935999155044556,0.399764835834503,0.653565287590027,0.143294855952263,0.594415426254272,0.611992180347443,0.869833290576935,-0.228892758488655,0.00958524830639362,0.779251515865326,0.78971391916275,-0.427366554737091,-0.217593595385551,-0.490637063980103,0.284488707780838,-0.227635592222214,0.544784426689148,0.054288774728775,0.328358173370361,0.442333668470383,0.64074832201004,0.0702049285173416,0.202822357416153,0.456223517656326,0.607964515686035,0.605906784534454,0.198284611105919,0.40638193488121,0.945318222045898,0.813231408596039,-0.0486957095563412,0.233144879341125,0.876882791519165,0.57843542098999,0.344595044851303,0.438898712396622,0.573414921760559,0.529599189758301,0.481631964445114,-0.115730933845043,0.540137410163879,0.455033540725708,0.194781377911568,0.384590089321136,0.641989707946777,0.23962339758873,0.405372500419617,0.598763883113861,0.604492008686066,0.720981180667877,-0.138326436281204,0.42894122004509,0.568128228187561,0.979475378990173,0.948754489421844,0.833654284477234,0.550074458122253,0.967317163944244,0.807347774505615,0.650999963283539,1,0.878124892711639,0.768270909786224,0.379759967327118,0.531337320804596,-0.35815042257309,0.563611447811127,0.867987155914307,0.829461991786957,-0.0463062226772308,0.922182619571686,0.867117643356323,0.353964656591415,0.736925780773163,-0.425815910100937,-0.688154220581055,0.161511093378067,0.739310801029205,0.775216579437256,0.926312923431396,0.773204207420349,0.143628090620041,0.346683502197266,0.523460566997528,0.475955754518509,-0.336738854646683,-0.151263386011124,-0.309624880552292,0.563049852848053,0.863593757152557,-0.262245297431946,0.674968242645264,0.0079183392226696,0.456932008266449,0.391020208597183,0.132195979356766,0.0477761216461658,0.992614388465881,0.975095927715302,0.224112823605537,0.936411201953888,0.476511865854263,0.894876658916473,0.547673404216766,0.630508959293365,0.898849189281464,0.545532763004303,0.662335336208344,0.566977262496948,0.53135359287262,0.858760178089142,0.279875993728638,0.577410697937012,0.956121981143951,0.354994773864746,0.766862273216248,0.631856918334961,0.858722388744354,0.651868999004364,0.884001016616821,0.562249183654785,0.676766753196716,0.925891101360321,0.932071268558502,0.443658173084259,0.67207258939743,0.894321620464325,0.688676238059998,0.557542264461517,0.823801398277283,0.850325882434845,0.699801504611969,0.617768466472626,0.474290877580643,0.877795219421387,0.152987584471703,0.969476759433746,0.126101225614548,0.731432259082794,0.437702775001526,-0.835736513137817,-0.868646860122681,-0.72141820192337,-0.608343541622162,-0.519396066665649,-0.916313886642456,-0.509519398212433,-0.916520237922668,-0.902022898197174,-0.361835479736328,-0.390979140996933,-0.829298436641693,-0.851016223430634,-0.773617446422577,-0.244186013936996,-0.7168790102005,-0.454362690448761,-0.768873333930969,-0.609085261821747,-0.659333944320679,-0.545716643333435,-0.824454784393311,-0.776231288909912,0.088153749704361,-0.894226729869843,-0.324243932962418,-0.614558637142181,0.180326238274574,-0.762731969356537,-0.56727010011673,-0.588732123374939,-0.457020282745361,-0.56018078327179,-0.438047558069229,-0.511328458786011,0.143015787005424,-0.821830868721008,-0.653473198413849,-0.688925921916962,-0.692739903926849,-0.221055552363396,-0.572305738925934,-0.723322033882141,-0.468076378107071,0.663985192775726,0.288693159818649,-0.624572157859802,0.368498384952545,0.404650837182999,-0.0606760457158089,-0.525540947914124,0.630445599555969,-0.159137845039368,0.594912230968475,-0.156081050634384,-0.381929695606232,-0.427887797355652,-0.186441689729691,0.0791380852460861,-0.396171122789383,-0.0854616910219193,0.230449661612511,-0.257235437631607,-0.379319280385971,-0.212004393339157,-0.279710114002228,-0.241508707404137,-0.354018956422806,0.402071982622147,-0.446919500827789,0.197391495108604,0.797565579414368,0.190358236432076,-0.703375995159149,-0.401839852333069,-0.302565634250641,-0.197176918387413,-0.268958777189255,-0.509645164012909,-0.424094051122665,-0.452164798974991,-0.254195928573608,-0.224099650979042,0.166517347097397,-0.339878290891647,-0.211941137909889,-0.335898876190186,-0.57850044965744,-0.284060597419739,-0.0551671907305717,0.365650326013565,0.291195571422577,-0.829271733760834,-0.603017389774323,-0.538847208023071,-0.143139630556107,0.322408467531204,0.279553323984146,-0.420260488986969
-0.73829048871994,0.603989362716675,-0.609802186489105,0.360371828079224,-0.0894050970673561,0.283579111099243,-0.16727901995182,0.136688187718391,-0.185238853096962,0.818590819835663,0.0445836149156094,0.16911593079567,0.846562504768372,0.459860533475876,0.328444838523865,0.093274287879467,0.527769029140472,0.500130951404572,0.751185119152069,-0.175881549715996,-0.0705301612615585,0.722586989402771,0.809033811092377,-0.393131881952286,-0.209664896130562,-0.467319488525391,0.273408055305481,-0.326350539922714,0.634251892566681,0.0303303524851799,0.329836279153824,0.260285288095474,0.647350788116455,0.0179814714938402,0.113407000899315,0.39681875705719,0.568601489067078,0.60691511631012,0.156814694404602,0.260590374469757,0.831052243709564,0.766718566417694,-0.068756565451622,0.362901210784912,0.708159565925598,0.571124196052551,0.279599905014038,0.362473011016846,0.490397304296494,0.421252191066742,0.317619144916534,0.0701484680175781,0.53962630033493,0.428818970918655,0.236969321966171,0.333283722400665,0.57442182302475,0.138547137379646,0.352210372686386,0.42697811126709,0.623702585697174,0.573918342590332,-0.258953303098679,0.500690102577209,0.35923820734024,0.926043629646301,0.794996619224548,0.803983807563782,0.358132690191269,0.899471163749695,0.776028692722321,0.475626289844513,0.878124892711639,1,0.809351563453674,0.417435944080353,0.408315092325211,-0.380593091249466,0.427772343158722,0.769242465496063,0.699550092220306,-0.0299864038825035,0.865522146224976,0.788735210895538,0.394551008939743,0.535500228404999,-0.567875504493713,-0.579766511917114,0.118072852492332,0.660410165786743,0.822069406509399,0.873502314090729,0.670176267623901,0.0560880675911903,0.165279760956764,0.525787889957428,0.395617753267288,-0.132868021726608,-0.308779209852219,-0.282739967107773,0.563653111457825,0.875703752040863,-0.299049615859985,0.38183057308197,-0.143928572535515,0.176594600081444,0.335907638072968,-0.00527206994593143,0.0317872203886509,0.89267498254776,0.907746553421021,0.191941022872925,0.882607042789459,0.410826802253723,0.880217969417572,0.505411326885223,0.405624628067017,0.72572124004364,0.642204821109772,0.541599571704865,0.448409587144852,0.467533737421036,0.828644096851349,0.19446587562561,0.526370942592621,0.878604054450989,0.273709744215012,0.697615325450897,0.561498522758484,0.942976415157318,0.592980921268463,0.847043633460999,0.660002171993256,0.82588130235672,0.866932988166809,0.912394523620605,0.413486808538437,0.761181890964508,0.787790596485138,0.557551622390747,0.614791572093964,0.812363922595978,0.859960675239563,0.87814074754715,0.671796858310699,0.432096481323242,0.809782147407532,-0.0925485268235207,0.815735161304474,0.17055007815361,0.690740764141083,0.272293150424957,-0.759488999843597,-0.853595554828644,-0.636642098426819,-0.562923014163971,-0.436019897460938,-0.817732930183411,-0.508338034152985,-0.887749910354614,-0.849581062793732,-0.49448573589325,-0.433078825473785,-0.788395285606384,-0.815248608589172,-0.73182612657547,-0.179912999272346,-0.639484643936157,-0.45290145277977,-0.646182775497437,-0.537734925746918,-0.594864547252655,-0.455595463514328,-0.827542841434479,-0.701578736305237,-0.0807294547557831,-0.842160284519196,-0.444806188344955,-0.565620422363281,0.269729226827621,-0.614704370498657,-0.556172549724579,-0.47651195526123,-0.376947045326233,-0.482177644968033,-0.310392409563065,-0.495843142271042,0.0254193283617496,-0.713699400424957,-0.596055626869202,-0.604876577854156,-0.63834547996521,-0.242837056517601,-0.30088672041893,-0.745713472366333,-0.40798881649971,0.347279489040375,0.0203459020704031,-0.598132789134979,0.301044583320618,0.35541832447052,0.0692013055086136,-0.444247394800186,0.489790678024292,-0.575616955757141,0.48902702331543,-0.258947789669037,-0.374298363924026,-0.097052775323391,-0.301563113927841,-0.0824643447995186,-0.416296601295471,-0.213968336582184,0.0660824105143547,-0.476117789745331,-0.41572967171669,-0.50758945941925,-0.383643835783005,-0.122142605483532,-0.315607935190201,0.19947013258934,-0.167634859681129,0.242132753133774,0.471366494894028,0.0669871866703033,-0.836939811706543,-0.131735935807228,-0.0210950598120689,0.121858917176723,0.0833149552345276,-0.279520779848099,-0.10129389166832,-0.237091645598412,0.0258607696741819,0.032541424036026,0.396963596343994,-0.0121448626741767,0.070656843483448,0.0228806585073471,-0.374515235424042,0.0181602537631989,0.222299933433533,0.574347019195557,0.399022072553635,-0.618793189525604,-0.307778358459473,-0.765961706638336,0.19756692647934,0.578237652778625,0.354716002941132,-0.227071017026901
-0.781189620494843,0.851834297180176,-0.70702052116394,0.610004127025604,-0.473120391368866,-0.0676436051726341,-0.497302651405334,0.115469180047512,-0.520355761051178,0.877612709999084,-0.343137681484222,-0.0159364975988865,0.899599492549896,0.626685738563538,0.243603423237801,-0.279633074998856,0.163626492023468,0.291781485080719,0.801531374454498,-0.533059477806091,-0.495969444513321,0.518368601799011,0.772994220256805,-0.665740370750427,-0.203747168183327,-0.724033713340759,-0.10443239659071,-0.65556013584137,0.340952068567276,-0.369172096252441,0.757066667079926,0.484779387712479,0.367810696363449,0.361345440149307,0.332759231328964,0.681704998016357,0.828227460384369,0.860303938388824,0.628444850444794,0.579492747783661,0.869503021240234,0.934042036533356,-0.25528946518898,0.728419303894043,0.535144925117493,0.842560589313507,0.628131806850433,0.688610374927521,0.788521289825439,0.664753973484039,0.666288495063782,0.171086996793747,0.807812333106995,0.748696267604828,0.670559763908386,0.144398048520088,0.323840618133545,-0.0833496600389481,-0.0621080547571182,0.694425821304321,0.91703462600708,0.315516442060471,-0.321232676506042,0.382400780916214,0.176833540201187,0.736126959323883,0.576342523097992,0.925603747367859,0.580511689186096,0.81115448474884,0.834463059902191,0.163441494107246,0.768270909786224,0.809351563453674,1,0.775292873382568,0.0984028205275536,-0.704359531402588,0.577823340892792,0.692421793937683,0.526507318019867,-0.323367565870285,0.815273880958557,0.473570972681046,0.0164247117936611,0.287823230028152,-0.673070788383484,-0.420483112335205,-0.154017820954323,0.385259598493576,0.597139239311218,0.686126172542572,0.441625744104385,0.419940859079361,0.470224887132645,0.257234066724777,0.189950913190842,-0.5005042552948,-0.419203281402588,-0.508018732070923,0.357951074838638,0.651437163352966,-0.570862472057343,0.316535770893097,0.0176350381225348,0.576621472835541,0.669059574604034,0.303837209939957,0.513868987560272,0.787145793437958,0.729447543621063,-0.17107492685318,0.718088328838348,0.710937559604645,0.744818270206451,0.655364155769348,0.143195301294327,0.791296899318695,0.393169581890106,0.704755961894989,0.211051717400551,0.147188127040863,0.526140332221985,-0.214678481221199,0.668472468852997,0.728043019771576,0.604815781116486,0.405362486839294,0.808791279792786,0.853077173233032,0.645356595516205,0.658621609210968,0.809036076068878,0.588152647018433,0.911010682582855,0.878248035907745,0.739879965782166,0.369949132204056,0.894873857498169,0.206956967711449,0.591589570045471,0.498933404684067,0.833212554454803,0.827903628349304,0.330180197954178,0.701712667942047,0.939898133277893,-0.164005160331726,0.771678268909454,0.583004236221313,0.356533616781235,0.589451909065247,-0.643631100654602,-0.828171610832214,-0.733132839202881,-0.500610530376434,-0.474467992782593,-0.862091779708862,-0.424347221851349,-0.803529798984528,-0.826245725154877,-0.413000673055649,-0.236292496323586,-0.873514235019684,-0.818653523921967,-0.843328952789307,-0.347897857427597,-0.714214324951172,-0.766942501068115,-0.655320286750793,-0.623793065547943,-0.814169824123383,-0.521112442016602,-0.798078000545502,-0.38043811917305,-0.383535534143448,-0.900972366333008,-0.769506216049194,-0.770394504070282,0.11651099473238,-0.672775149345398,-0.579579472541809,-0.583817183971405,-0.548862159252167,-0.643047392368317,-0.54567015171051,-0.715704083442688,-0.093268521130085,-0.877409815788269,-0.757102072238922,-0.699236750602722,-0.726649522781372,-0.354528725147247,-0.143880859017372,-0.776294767856598,-0.688436090946198,0.443634212017059,0.237616434693336,-0.476174533367157,0.569378077983856,0.143491625785828,-0.0370773524045944,-0.606950879096985,0.589581668376923,-0.361987262964249,0.347142159938812,-0.214689329266548,-0.418651044368744,-0.0628795251250267,-0.307411432266235,-0.328503251075745,-0.497865110635757,0.185890004038811,-0.174878731369972,-0.682256281375885,-0.329485207796097,-0.502183675765991,-0.6613649725914,0.276690274477005,-0.00976109225302935,0.0514780841767788,-0.197420686483383,0.590337812900543,0.381810218095779,0.267933309078217,-0.755289614200592,-0.0296777784824371,0.128147795796394,-0.0890502333641052,0.0691315084695816,-0.556680083274841,-0.202680215239525,-0.366741627454758,0.132101267576218,0.0425818860530853,0.371473401784897,-0.0861690193414688,0.022854283452034,0.0814232379198074,-0.580505967140198,0.0163306035101414,0.0520324744284153,0.629891812801361,-0.0493464469909668,-0.775614440441132,-0.225470125675201,-0.665952146053314,0.314558446407318,0.395105868577957,0.667503237724304,-0.521284818649292
-0.447444826364517,0.736979067325592,-0.429646700620651,0.740130126476288,-0.64063549041748,-0.416755139827728,-0.856217682361603,0.267496585845947,-0.899268746376038,0.62896865606308,-0.783657133579254,-0.46741595864296,0.566976845264435,0.568314909934998,0.0963736400008202,-0.745569288730621,-0.441852152347565,0.208859920501709,0.641481935977936,-0.866957366466522,-0.868752002716064,0.420078188180923,0.434967368841171,-0.912767946720123,-0.531154096126556,-0.507686972618103,-0.684977233409882,-0.682104647159576,-0.267019510269165,-0.80968165397644,0.954050064086914,0.766194105148315,-0.17780701816082,0.71818220615387,0.667855679988861,0.885463953018188,0.931328237056732,0.942822992801666,0.940517365932465,0.828681230545044,0.629097461700439,0.822797477245331,-0.216301411390305,0.85266101360321,0.0574592240154743,0.937109231948853,0.946305930614471,0.944406509399414,0.949635565280914,0.875685155391693,0.895981550216675,0.587966859340668,0.964745223522186,0.965465545654297,0.963404893875122,-0.306731969118118,-0.224444061517715,-0.490974932909012,-0.633025407791138,0.669768452644348,0.907282531261444,-0.163198903203011,-0.674562931060791,-0.0895121395587921,-0.353795826435089,0.334967881441116,0.118708036839962,0.817199945449829,0.76791924238205,0.347875535488129,0.803330957889557,-0.35159370303154,0.379759967327118,0.417435944080353,0.775292873382568,1,-0.524246573448181,-0.854529917240143,0.708382666110992,0.302629351615906,0.0331409722566605,-0.800557613372803,0.570465743541718,-0.0899450480937958,-0.472294539213181,-0.241845116019249,-0.754632413387299,-0.378699898719788,-0.482953757047653,-0.23937876522541,0.0536434687674046,0.174317255616188,-0.0152189824730158,0.725098013877869,0.562624037265778,-0.281183838844299,0.262449204921722,-0.802177965641022,-0.582252264022827,-0.848787367343903,-0.108989425003529,0.117041379213333,-0.901025235652924,0.187188491225243,-0.0150517672300339,0.773495733737946,0.941145300865173,0.497071743011475,0.844139814376831,0.416684985160828,0.26876300573349,-0.680643737316132,0.356294929981232,0.914021909236908,0.284334510564804,0.797699689865112,-0.356412649154663,0.538729906082153,-0.227588400244713,0.307603180408478,-0.407416999340057,-0.358528465032578,-0.0465628951787949,-0.747279226779938,0.619680762290955,0.23099048435688,0.936505496501923,-0.0402253903448582,0.923763751983643,0.481108844280243,0.638638317584991,0.140110149979591,0.905234217643738,0.20611783862114,0.681061029434204,0.583454072475433,0.92861419916153,-0.0949349850416183,0.685308694839478,-0.249783530831337,0.44004100561142,0.176211163401604,0.630640864372253,0.685358166694641,-0.0955826342105865,0.939351856708527,0.659797310829163,-0.543640792369843,0.452147215604782,0.922694742679596,0.23459392786026,0.703173816204071,-0.252043038606644,-0.591449081897736,-0.499246299266815,-0.402920633554459,-0.544161200523376,-0.566435277462006,-0.351668328046799,-0.457038283348083,-0.56598287820816,-0.183552697300911,0.129349544644356,-0.571626424789429,-0.688120663166046,-0.844144999980927,-0.611511945724487,-0.465639680624008,-0.763929009437561,-0.398460775613785,-0.637515008449554,-0.667022347450256,-0.485498338937759,-0.563053488731384,0.0913538262248039,-0.662743389606476,-0.629792630672455,-0.964407980442047,-0.58840149641037,-0.236761808395386,-0.313371390104294,-0.562197804450989,-0.156932145357132,-0.597000122070312,-0.648741662502289,-0.768854200839996,-0.798971116542816,-0.502363204956055,-0.659615159034729,-0.686335504055023,-0.446253716945648,-0.48008731007576,-0.717321634292603,-0.104220859706402,-0.759978830814362,-0.514073550701141,0.308058530092239,0.0990058332681656,-0.560253083705902,0.721295714378357,0.0950085818767548,0.0250343233346939,-0.7186199426651,0.535492241382599,-0.316330999135971,0.315128356218338,-0.518912196159363,-0.714582860469818,-0.169723317027092,-0.567998588085175,-0.170773506164551,-0.679846942424774,0.632404804229736,-0.668688833713531,-0.499109894037247,-0.543902814388275,-0.161633849143982,-0.535401999950409,0.276499480009079,0.138825625181198,-0.250035226345062,0.0897310748696327,0.876838088035583,0.089989960193634,0.65730744600296,-0.605218172073364,0.256128311157227,0.362882554531097,-0.173760995268822,0.245779201388359,-0.523431658744812,-0.128227606415749,-0.274805933237076,0.351414412260056,0.157791689038277,0.307708650827408,0.033521730452776,0.152132675051689,0.317711681127548,-0.478066056966782,0.239585906267166,0.01832090690732,0.531441807746887,-0.541154384613037,-0.513478755950928,-0.127198502421379,-0.66799259185791,0.63970410823822,0.382649451494217,0.789976894855499,-0.501426637172699
-0.371131122112274,0.102167390286922,-0.328627288341522,-0.24911005795002,0.497284978628159,0.610493540763855,0.649336755275726,-0.142174780368805,0.65285861492157,0.26915118098259,0.747328639030457,0.783574104309082,0.368665724992752,-0.0578711181879044,0.376068979501724,0.803971171379089,0.940704762935638,0.161693915724754,0.150344714522362,0.589089334011078,0.728720605373383,0.174987301230431,0.403412669897079,0.492145657539368,0.471510887145996,-0.179719999432564,0.886627852916718,0.250905483961105,0.766531527042389,0.732834100723267,-0.480826437473297,-0.365245461463928,0.787810921669006,-0.584260821342468,-0.486737549304962,-0.373449146747589,-0.276530891656876,-0.272899597883224,-0.600022852420807,-0.375595241785049,0.279962927103043,0.0210492126643658,0.0405624657869339,-0.426532536745071,0.711970686912537,-0.28624439239502,-0.564710676670074,-0.473005741834641,-0.346794962882996,-0.345317602157593,-0.398814886808395,-0.766466915607452,-0.383631646633148,-0.47929659485817,-0.609940469264984,0.68967342376709,0.832999110221863,0.692383229732513,0.909264624118805,-0.0200305040925741,-0.177028089761734,0.821345746517181,0.628460466861725,0.622186839580536,0.894025146961212,0.5374795794487,0.712871730327606,0.0082978755235672,-0.290409773588181,0.600416660308838,-0.0551672019064426,0.876128911972046,0.531337320804596,0.408315092325211,0.0984028205275536,-0.524246573448181,1,0.378534972667694,-0.155753955245018,0.545869290828705,0.688829481601715,0.774199783802032,0.270113319158554,0.827718675136566,0.679955065250397,0.841807246208191,0.358149886131287,-0.132071867585182,0.57455962896347,0.921177327632904,0.688019096851349,0.698484003543854,0.716258704662323,-0.536041676998138,-0.165511384606361,0.747350811958313,-0.0652872398495674,0.435805171728134,0.365254163742065,0.581679403781891,0.584070146083832,0.71952760219574,0.597889304161072,0.36466246843338,0.0049815783277154,-0.282540112733841,-0.488180011510849,-0.332402795553207,-0.614154756069183,0.496984839439392,0.616108894348145,0.811248004436493,0.510091185569763,-0.393856018781662,0.569155097007751,-0.309420466423035,0.901249706745148,0.343349397182465,0.823687314987183,0.45490226149559,0.945172190666199,0.840470969676971,0.824820160865784,0.915166854858398,-0.083753265440464,0.67707347869873,-0.563554525375366,0.634151101112366,-0.281314015388489,0.385733544826508,-0.0410706885159016,0.718086719512939,-0.334597110748291,0.406660467386246,0.224585935473442,0.325099110603333,-0.446089833974838,0.636778116226196,0.18237829208374,0.771670758724213,0.0267307534813881,0.466770559549332,0.20083275437355,-0.0143054705113173,0.655955016613007,-0.441546827554703,0.24170084297657,0.648019969463348,0.453975081443787,-0.646187663078308,0.246388137340546,-0.179042190313339,-0.552216589450836,-0.229869440197945,-0.296890676021576,-0.171065226197243,0.178075447678566,-0.320723474025726,0.00641827099025249,-0.373902142047882,-0.308299750089645,-0.11210985481739,-0.405727207660675,-0.286069929599762,-0.0674266666173935,0.111149713397026,0.472861647605896,-0.312184453010559,0.142961114645004,-0.401329755783081,0.0397881083190441,-0.109568893909454,-0.0786889493465424,-0.174309059977531,-0.767921030521393,0.635188281536102,-0.295368164777756,0.526240348815918,-0.153955951333046,0.37765821814537,-0.449365854263306,0.102147959172726,-0.495110303163528,0.0765204951167107,0.0426359735429287,0.397503048181534,0.263949930667877,0.734623074531555,-0.193176925182343,-0.0459928400814533,-0.230062335729599,-0.212426126003265,0.535626411437988,-0.213451698422432,0.101617157459259,-0.128195941448212,0.325684994459152,0.259639233350754,0.121600851416588,-0.356732845306396,0.119620196521282,-0.185680985450745,0.240051493048668,0.00186406017746776,0.187764391303062,0.0724666640162468,0.516413927078247,0.465506225824356,-0.0452820137143135,0.4102843105793,0.0368632115423679,0.38127937912941,-0.698147296905518,0.86150586605072,0.00939018372446299,0.303672283887863,-0.255623340606689,0.0855823531746864,-0.215083613991737,-0.355117499828339,0.573359668254852,-0.568185985088348,-0.634551644325256,0.59716135263443,-0.489901453256607,-0.026990033686161,-0.579439461231232,-0.540689885616302,0.00232250662520528,-0.429364383220673,-0.0409086085855961,-0.244625225663185,-0.176249399781227,-0.499499678611755,-0.320155382156372,-0.0688389614224434,-0.30851012468338,-0.306467562913895,-0.588759362697601,-0.148380294442177,-0.471068859100342,0.00543234730139375,-0.111619368195534,0.76594740152359,-0.367058634757996,-0.272366732358932,0.181484580039978,-0.704520404338837,-0.0923972725868225,-0.393290609121323,-0.030342623591423
0.506244480609894,-0.750477135181427,0.622882902622223,-0.522497594356537,0.672544300556183,0.667030811309814,0.915736138820648,0.0260100718587637,0.851735711097717,-0.589019358158112,0.847714066505432,0.579444825649261,-0.432542532682419,-0.268557161092758,-0.0936836525797844,0.816910624504089,0.458649277687073,-0.16191303730011,-0.538757503032684,0.897341787815094,0.846364498138428,-0.229646727442741,-0.584018588066101,0.871066987514496,0.305702060461044,0.743470072746277,0.577522039413452,0.875018954277039,0.230095759034157,0.804709017276764,-0.829832017421722,-0.629492282867432,0.290252894163132,-0.425254791975021,-0.329386383295059,-0.796585917472839,-0.866077065467834,-0.822603583335876,-0.858191609382629,-0.829316675662994,-0.59201717376709,-0.669952273368835,0.56462162733078,-0.583843111991882,-0.169826209545135,-0.888137638568878,-0.740200638771057,-0.79809296131134,-0.835333168506622,-0.830748438835144,-0.797038435935974,-0.479623407125473,-0.850755751132965,-0.767842888832092,-0.8644660115242,0.521833598613739,0.329645901918411,0.708131313323975,0.631105720996857,-0.345413833856583,-0.75607818365097,0.0186420921236277,0.704500496387482,0.223626881837845,0.370030403137207,-0.302543610334396,-0.184339642524719,-0.703977823257446,-0.679811060428619,-0.386011123657227,-0.718330860137939,0.433251857757568,-0.35815042257309,-0.380593091249466,-0.704359531402588,-0.854529917240143,0.378534972667694,1,-0.72552090883255,-0.529232382774353,-0.043572049587965,0.624917507171631,-0.498309195041656,0.092563159763813,0.530121803283691,0.295425564050674,0.720195829868317,0.207507193088531,0.763480246067047,0.178602412343025,-0.124120153486729,-0.122052200138569,0.161075487732887,-0.852951049804688,-0.824084401130676,0.314820200204849,0.0488667339086533,0.647417426109314,0.192528679966927,0.665540099143982,0.301444679498672,-0.228188619017601,0.625847458839417,-0.38803818821907,0.30083492398262,-0.692410409450531,-0.877526640892029,-0.747163951396942,-0.720503985881805,-0.355909913778305,-0.206356436014175,0.74871301651001,-0.352867841720581,-0.876523911952972,-0.439821153879166,-0.50320965051651,0.282106101512909,-0.381806194782257,0.118984028697014,-0.207122668623924,0.422482699155807,0.326695650815964,0.0238148961216211,0.695865392684937,-0.34909650683403,-0.217166528105736,-0.759596168994904,0.210721641778946,-0.81386935710907,-0.388623148202896,-0.327256560325623,-0.184202015399933,-0.744992911815643,-0.380385488271713,-0.639141321182251,-0.523864090442657,-0.829858064651489,0.0967220440506935,-0.554397583007812,0.375464528799057,-0.205974191427231,-0.167964234948158,-0.709768891334534,-0.692012131214142,-0.121097601950169,-0.784969210624695,-0.614891409873962,0.405997425317764,-0.491333931684494,-0.877941429615021,-0.163961112499237,-0.565642893314362,0.187125667929649,0.343889445066452,0.562850713729858,0.299623936414719,0.349127262830734,0.542470753192902,0.199065163731575,0.383057832717896,0.430459648370743,-0.0424658432602882,-0.29255199432373,0.659400463104248,0.518994212150574,0.684441447257996,0.375660926103592,0.562590181827545,0.66376656293869,0.412963926792145,0.380569815635681,0.757813036441803,0.274505376815796,0.455550998449326,0.0205118656158447,0.454799294471741,0.578467547893524,0.845141410827637,0.720260202884674,0.113374032080173,0.401946902275085,0.27977392077446,0.171554774045944,0.346954017877579,0.388289272785187,0.545296430587769,0.423983752727509,0.273672372102737,0.643027663230896,0.579938888549805,0.472333371639252,0.558486521244049,0.520638406276703,-0.0437863580882549,0.478584825992584,0.680260241031647,-0.256450176239014,0.0429357402026653,0.52593058347702,-0.427236616611481,0.101242661476135,0.39794659614563,0.774260878562927,-0.271637797355652,0.135036364197731,0.0558409579098225,0.318240612745285,0.492332339286804,0.18183995783329,0.30708983540535,0.346534043550491,0.68976628780365,-0.499856740236282,0.687136590480804,0.700119435787201,0.241429686546326,0.200163990259171,0.71909111738205,-0.448779970407486,-0.37680658698082,0.303455501794815,-0.121776729822159,-0.680704772472382,-0.139021143317223,-0.668402910232544,0.313749849796295,-0.250712156295776,-0.3614581823349,0.165804445743561,-0.282292932271957,0.459911197423935,0.0468370690941811,0.320167541503906,-0.310986161231995,-0.113185681402683,-0.445599555969238,0.104354962706566,-0.146668136119843,-0.21190682053566,0.546052038669586,-0.212044551968575,-0.258602112531662,-0.715935409069061,0.404666185379028,0.415703147649765,0.277284741401672,0.581299960613251,-0.517651557922363,-0.432760179042816,-0.873348295688629,0.365052819252014
-0.593811333179474,0.783139705657959,-0.659718871116638,0.595085024833679,-0.0664695054292679,-0.206341296434402,-0.639660000801086,0.258868783712387,-0.699695825576782,0.640628755092621,-0.537705659866333,-0.209443867206573,0.551493287086487,0.399677723646164,0.389216423034668,-0.47115433216095,-0.147901892662048,0.270892739295959,0.642151534557343,-0.676956653594971,-0.554246485233307,0.66350907087326,0.636442601680756,-0.697591185569763,-0.547125637531281,-0.556176900863647,-0.512982308864594,-0.501134991645813,-0.339639991521835,-0.70003879070282,0.629495859146118,0.912170171737671,0.0415546335279942,0.491511046886444,0.605388164520264,0.864046335220337,0.854398012161255,0.832207798957825,0.677273809909821,0.938956618309021,0.729518711566925,0.757469534873962,-0.188025385141373,0.473667532205582,0.303643673658371,0.834114611148834,0.761315047740936,0.796738743782043,0.841312229633331,0.944231271743774,0.80445522069931,0.20811253786087,0.814500451087952,0.670439183712006,0.688412189483643,-0.117551326751709,0.0701499059796333,-0.28947988152504,-0.404682129621506,0.617003262042999,0.747031688690186,0.388852804899216,-0.479700148105621,0.0511882640421391,0.0440303944051266,0.533391535282135,0.473795384168625,0.73660683631897,0.762200951576233,0.511489927768707,0.826107382774353,0.026513809338212,0.563611447811127,0.427772343158722,0.577823340892792,0.708382666110992,-0.155753955245018,-0.72552090883255,1,0.606149673461914,0.127214044332504,-0.52758914232254,0.652822256088257,0.141851529479027,-0.520960330963135,-0.0185964461416006,-0.358423411846161,-0.634219169616699,-0.293272644281387,0.0310476776212454,0.100546777248383,0.380177021026611,0.319256365299225,0.502167463302612,0.580479025840759,-0.179714500904083,0.248211875557899,-0.782225728034973,-0.436284095048904,-0.650419354438782,-0.25225704908371,0.353193044662476,-0.731950581073761,0.695618033409119,-0.371472984552383,0.770173668861389,0.875534892082214,0.364016860723495,0.582002520561218,0.597024738788605,0.411249428987503,-0.508849501609802,0.669446229934692,0.869915962219238,0.396409600973129,0.656907856464386,0.177234292030334,0.690065443515778,-0.0484250634908676,0.141196206212044,-0.174858421087265,0.130116209387779,0.233172580599785,-0.382009744644165,0.321811318397522,0.417536169290543,0.801622927188873,0.0360978953540325,0.846707820892334,0.522741615772247,0.632882177829742,0.423966616392136,0.712376594543457,0.233908832073212,0.720775187015533,0.697165489196777,0.648370206356049,0.119170390069485,0.605893909931183,0.119320765137672,0.0665487870573997,0.444081723690033,0.796052634716034,0.52643609046936,0.357637166976929,0.861752450466156,0.522187530994415,-0.476638108491898,0.710826396942139,0.721040427684784,0.578301250934601,0.820644497871399,-0.457059472799301,-0.565762341022491,-0.762541353702545,-0.686483383178711,-0.286997407674789,-0.573117136955261,-0.0466294102370739,-0.399631440639496,-0.718822956085205,0.325701624155045,0.453621357679367,-0.531868636608124,-0.580978155136108,-0.804621279239655,-0.238720342516899,-0.7142214179039,-0.715813517570496,-0.785024166107178,-0.754578113555908,-0.773439228534698,-0.731765151023865,-0.369985163211823,-0.417977899312973,-0.11749092489481,-0.752221345901489,-0.592191219329834,-0.688125431537628,-0.499659657478333,-0.353752702474594,-0.259601175785065,-0.00102791283279657,-0.756393134593964,-0.74179869890213,-0.525006890296936,-0.58096307516098,-0.00154300173744559,-0.631272673606873,-0.864469945430756,-0.295040667057037,-0.361920744180679,-0.815599083900452,-0.312753885984421,-0.660145998001099,-0.527078211307526,0.715613663196564,0.218550816178322,-0.688017189502716,0.406635254621506,0.263334333896637,-0.307492733001709,-0.61778736114502,0.368950307369232,0.0268271565437317,0.358118414878845,-0.294235944747925,-0.647018671035767,-0.533582925796509,-0.641904473304749,0.314521044492722,-0.453521013259888,0.358015090227127,-0.346042186021805,-0.226307705044746,-0.669124007225037,0.0225943271070719,-0.138435512781143,-0.128182455897331,-0.290846943855286,0.120959915220737,-0.356539875268936,0.380197882652283,0.586138367652893,0.903653025627136,-0.404368728399277,-0.142686992883682,-0.0418646894395351,-0.357488393783569,-0.00168043468147516,-0.613332331180573,-0.423913955688477,-0.487638205289841,0.00221585691906512,-0.176639005541801,0.170621678233147,-0.226904556155205,-0.0232553593814373,-0.2288788408041,-0.671240329742432,-0.0376501977443695,0.287360072135925,0.209677919745445,-0.213034585118294,-0.69240391254425,-0.396466553211212,-0.568964660167694,0.265083312988281,0.439606696367264,0.447919338941574,-0.644128382205963
-0.825459897518158,0.768666863441467,-0.865187287330627,0.343025088310242,-0.0616713017225266,0.000422332464950159,-0.24833881855011,-0.0973240286111832,-0.224787384271622,0.80173397064209,-0.085070826113224,0.142791673541069,0.738907039165497,0.133554250001907,0.464841455221176,-0.00553810875862837,0.469852298498154,0.372568070888519,0.722865164279938,-0.263353765010834,-0.0962342172861099,0.519358456134796,0.86687445640564,-0.380227625370026,-0.0680846348404884,-0.760279536247253,0.276924222707748,-0.5023512840271,0.463330447673798,-0.078769288957119,0.251323610544205,0.32942795753479,0.453131437301636,-0.169882699847221,-0.0883514657616615,0.390547782182693,0.549565076828003,0.516312062740326,0.185129657387733,0.46698859333992,0.826448202133179,0.653540253639221,-0.439425766468048,0.0854392945766449,0.861019134521484,0.544671595096588,0.194080114364624,0.316301375627518,0.482418984174728,0.505457997322083,0.409372538328171,-0.155948147177696,0.477087378501892,0.282637447118759,0.194868087768555,0.183915883302689,0.492298871278763,-0.0190308075398207,0.268367230892181,0.323371082544327,0.519480109214783,0.760643839836121,-0.159645259380341,0.334073573350906,0.487068235874176,0.853303194046021,0.87006813287735,0.701263427734375,0.46259143948555,0.904310345649719,0.692503094673157,0.455362409353256,0.867987155914307,0.769242465496063,0.692421793937683,0.302629351615906,0.545869290828705,-0.529232382774353,0.606149673461914,1,0.72064870595932,0.101981975138187,0.804418802261353,0.713350832462311,0.178538367152214,0.545961678028107,-0.35825902223587,-0.421918869018555,-0.126108139753342,0.698349297046661,0.689199149608612,0.799562931060791,0.567089140415192,0.248174220323563,0.57779586315155,0.450917273759842,0.0830958113074303,-0.203665688633919,0.0980266556143761,-0.121504493057728,0.301451623439789,0.855859041213989,-0.0892476886510849,0.736765384674072,-0.262221068143845,0.390960246324539,0.378785222768784,0.343777567148209,0.0119433840736747,0.837849140167236,0.79563969373703,0.0890310481190681,0.868293225765228,0.498499393463135,0.935721635818481,0.308475613594055,0.588538885116577,0.696662127971649,0.616371750831604,0.470735967159271,0.454843670129776,0.530339360237122,0.760089874267578,0.230381697416306,0.323015868663788,0.826799035072327,0.232294455170631,0.492737978696823,0.548799395561218,0.756867587566376,0.319232970476151,0.867770791053772,0.458043456077576,0.775844097137451,0.815578699111938,0.839192748069763,0.384708255529404,0.620028257369995,0.71204000711441,0.483709514141083,0.287897616624832,0.746443331241608,0.88087409734726,0.663514673709869,0.732070922851562,0.361521661281586,0.762206017971039,0.168128937482834,0.925130665302277,0.18038073182106,0.589057981967926,0.411874175071716,-0.661563217639923,-0.582716226577759,-0.823753118515015,-0.463136166334152,-0.204859152436256,-0.833663165569305,-0.205664545297623,-0.754267156124115,-0.754169106483459,-0.0489298030734062,-0.110586173832417,-0.867769598960876,-0.599880695343018,-0.595389544963837,0.0584518052637577,-0.845646440982819,-0.48266065120697,-0.770541131496429,-0.36620768904686,-0.795184135437012,-0.365860432386398,-0.635842621326447,-0.810935199260712,0.263362973928452,-0.828224718570709,-0.254427492618561,-0.794513344764709,0.219754740595818,-0.796732008457184,-0.188348069787025,-0.55992990732193,-0.29194250702858,-0.344297051429749,-0.164209827780724,-0.21807074546814,0.374912172555923,-0.79071170091629,-0.612684428691864,-0.667313396930695,-0.728852450847626,-0.123122163116932,-0.259212046861649,-0.431757807731628,-0.693841993808746,0.621163189411163,0.227088510990143,-0.489162087440491,0.147983729839325,0.242878958582878,-0.405373781919479,-0.479835957288742,0.35817739367485,0.0073061459697783,0.202842533588409,0.0998121723532677,-0.135859474539757,-0.388628721237183,-0.0128344101831317,-0.12157180160284,-0.313059419393539,-0.125491961836815,0.156719073653221,-0.46830877661705,-0.13532766699791,-0.267957508563995,-0.458210349082947,-0.0337841436266899,-0.150127604603767,0.366360515356064,-0.446100026369095,0.0543107874691486,0.721154093742371,0.260787129402161,-0.413448929786682,-0.404327899217606,-0.287547290325165,-0.241580307483673,-0.2103011906147,-0.514315009117126,-0.379062056541443,-0.546903789043427,-0.279381811618805,-0.304815411567688,0.233184263110161,-0.448193520307541,-0.228636965155602,-0.416506588459015,-0.689756631851196,-0.308757960796356,0.252375036478043,0.477375775575638,0.309725314378738,-0.706440448760986,-0.613987028598785,-0.432122707366943,-0.175774917006493,0.334723860025406,0.334429025650024,-0.399866789579391
-0.618891000747681,0.525026857852936,-0.496899843215942,0.44924458861351,-0.0487749651074409,0.323470264673233,0.122605435550213,-0.0120528610423207,0.0504743941128254,0.700318038463593,0.252337753772736,0.388717412948608,0.726832866668701,-0.0162663031369448,0.451435714960098,0.341447621583939,0.738093912601471,0.43091669678688,0.751940608024597,0.121145509183407,0.223284408450127,0.426199108362198,0.437640607357025,-0.135561108589172,-0.105421222746372,-0.363659709692001,0.650900602340698,-0.105788215994835,0.801008462905884,0.381098061800003,-0.0484920255839825,-0.00385380629450083,0.554900407791138,-0.364253491163254,-0.243503570556641,-0.0502871498465538,0.179548159241676,0.179064214229584,-0.167848244309425,0.0355636514723301,0.642217218875885,0.47212690114975,-0.211719021201134,-0.104119591414928,0.962025701999664,0.14609457552433,-0.0511254481971264,0.0194210112094879,0.210902035236359,0.100818157196045,0.198297590017319,-0.150186598300934,0.208857253193855,0.128176182508469,-0.183810397982597,0.499323040246964,0.666403353214264,0.321859896183014,0.640376150608063,0.339274257421494,0.258172631263733,0.561411499977112,0.0851549580693245,0.371862918138504,0.653579890727997,0.831107556819916,0.793728590011597,0.561976253986359,0.366589784622192,0.786008656024933,0.465185850858688,0.687318444252014,0.829461991786957,0.699550092220306,0.526507318019867,0.0331409722566605,0.688829481601715,-0.043572049587965,0.127214044332504,0.72064870595932,1,0.303743362426758,0.77329033613205,0.86746871471405,0.729706287384033,0.903643131256104,-0.303009331226349,-0.273972690105438,0.255451172590256,0.872659027576447,0.668264031410217,0.848109424114227,0.632230460643768,-0.0570848695933819,0.26242059469223,0.831588804721832,0.396354556083679,0.0896765366196632,0.201489731669426,0.103344455361366,0.845514357089996,0.692842304706573,0.159334525465965,0.383903026580811,0.382392764091492,0.199188858270645,-0.0412572883069515,0.126703783869743,-0.370072424411774,0.77721107006073,0.83613783121109,0.571035742759705,0.677860260009766,0.167664423584938,0.847073376178741,0.352639675140381,0.593090295791626,0.606276214122772,0.653050303459167,0.54684966802597,0.732713520526886,0.552750766277313,0.777994930744171,0.543607473373413,0.623483002185822,0.788788616657257,-0.0289254989475012,0.904099404811859,0.313540607690811,0.674635231494904,0.22868524491787,0.803474485874176,0.284830302000046,0.727912664413452,0.618928253650665,0.687549650669098,0.255179613828659,0.786825239658356,0.727786064147949,0.757021069526672,0.688237845897675,0.802057087421417,0.512688159942627,0.469270974397659,0.384181708097458,0.0261864233762026,0.72175806760788,0.598505675792694,0.763233840465546,-0.285746693611145,0.562217652797699,0.177469670772552,-0.513194978237152,-0.589448213577271,-0.517029464244843,-0.0976435542106628,-0.357853412628174,-0.829581379890442,-0.45409744977951,-0.879193484783173,-0.632920801639557,-0.526626169681549,-0.69946300983429,-0.765996992588043,-0.594808578491211,-0.405724853277206,-0.073481947183609,-0.577742218971252,-0.21730038523674,-0.398643761873245,-0.129889965057373,-0.450060576200485,-0.0739125683903694,-0.784877240657806,-0.687551617622375,0.386676728725433,-0.601422786712646,0.0438138395547867,-0.478192150592804,0.63214910030365,-0.882788479328156,-0.349162608385086,-0.845799386501312,-0.0192721504718065,-0.0997278913855553,-0.142992913722992,-0.27229031920433,0.223859935998917,-0.72621351480484,-0.260118842124939,-0.824604034423828,-0.789352416992188,0.221183285117149,-0.406555831432343,-0.367691785097122,-0.439740777015686,0.518489420413971,0.447623819112778,-0.239683568477631,0.361527591943741,0.53918182849884,0.173962369561195,-0.184160590171814,0.676330089569092,-0.00204708217643201,0.527309954166412,0.162434786558151,0.0365534462034702,-0.439197361469269,0.300013661384583,-0.181827366352081,-0.143334969878197,-0.0834783464670181,0.497601300477982,-0.070921391248703,-0.0238381363451481,-0.0223065484315157,-0.33012118935585,-0.308003783226013,-0.220347240567207,0.630038022994995,-0.452270328998566,0.0724156126379967,0.577969789505005,-0.24053530395031,-0.54196834564209,-0.64156836271286,-0.592366397380829,-0.36351814866066,-0.586086452007294,-0.494072496891022,-0.528489768505096,-0.565234839916229,-0.592321276664734,-0.493664294481277,-0.195095971226692,-0.596930503845215,-0.565163314342499,-0.483767062425613,-0.544374883174896,-0.608631253242493,-0.304496079683304,0.229205578565598,0.255739390850067,-0.547293603420258,-0.674011290073395,-0.140701174736023,-0.485019713640213,-0.119980737566948,-0.0288676228374243,-0.292086988687515
-0.131683498620987,-0.424915164709091,-0.107565641403198,-0.588463962078094,0.542009711265564,0.382093906402588,0.841155827045441,-0.586238384246826,0.887725174427032,-0.334198772907257,0.826426923274994,0.529028296470642,-0.185238614678383,-0.393688291311264,-0.229876264929771,0.783858120441437,0.701003313064575,-0.398482471704483,-0.324614405632019,0.882084429264069,0.711567223072052,-0.346357882022858,-0.0630671679973602,0.84719306230545,0.546161830425262,-0.0105538042262197,0.863935589790344,0.272770494222641,0.579336524009705,0.721483469009399,-0.791783213615417,-0.760519802570343,0.466574132442474,-0.84222286939621,-0.793819427490234,-0.781185150146484,-0.722294449806213,-0.68715626001358,-0.834970712661743,-0.660288751125336,-0.320924311876297,-0.48276162147522,-0.103729747235775,-0.578162729740143,0.28482973575592,-0.704614996910095,-0.890507876873016,-0.870534896850586,-0.758923411369324,-0.744801759719849,-0.763087213039398,-0.683001339435577,-0.715873658657074,-0.852760910987854,-0.788789033889771,0.61688619852066,0.583880305290222,0.577925264835358,0.73906272649765,-0.406440913677216,-0.517739713191986,0.434587687253952,0.785581231117249,0.528614819049835,0.653831481933594,0.0224031172692776,0.152287095785141,-0.478595435619354,-0.657691180706024,0.0641799867153168,-0.556860208511353,0.527857840061188,-0.0463062226772308,-0.0299864038825035,-0.323367565870285,-0.800557613372803,0.774199783802032,0.624917507171631,-0.52758914232254,0.101981975138187,0.303743362426758,1,-0.198105186223984,0.358640670776367,0.592036008834839,0.459893316030502,0.634246110916138,0.427581191062927,0.543547987937927,0.630446374416351,0.21762926876545,0.258256375789642,0.3146832883358,-0.768952965736389,-0.400938212871552,0.673541843891144,-0.436642825603485,0.825260162353516,0.433919221162796,0.958495318889618,0.386578470468521,0.256630539894104,0.820206165313721,-0.16375969350338,0.0402763411402702,-0.662387073040009,-0.81121838092804,-0.477186024188995,-0.790887057781219,-0.0766734033823013,0.0632095038890839,0.82924872636795,0.0175190735608339,-0.679561674594879,0.126374393701553,-0.610736131668091,0.551602065563202,-0.218257799744606,0.717450201511383,-0.0214733146131039,0.70888739824295,0.694125115871429,0.385149210691452,0.86538952589035,-0.357454061508179,0.130493119359016,-0.883450627326965,0.272969096899033,-0.679714202880859,0.00983166042715311,-0.551607549190521,0.338787019252777,-0.621565639972687,0.177578255534172,-0.347436547279358,-0.154443219304085,-0.724090576171875,0.461098551750183,-0.343631684780121,0.471746057271957,-0.230122968554497,0.122541852295399,-0.275028914213181,-0.387105852365494,0.337445169687271,-0.820354402065277,-0.281618058681488,0.598211407661438,-0.0903516411781311,-0.795764327049255,-0.140509009361267,-0.384279429912567,0.0162073336541653,0.292326509952545,-0.0115005280822515,0.30560776591301,0.677473187446594,0.15454925596714,0.46292245388031,0.104295320808887,0.160676166415215,0.110972121357918,-0.211965039372444,0.111378520727158,0.503521203994751,0.622470438480377,0.836351633071899,-0.0536960922181606,0.289731472730637,0.0314134135842323,0.496158838272095,0.167374551296234,0.309017211198807,0.281422108411789,-0.438693284988403,0.764357030391693,0.179989501833916,0.794847846031189,0.0608034618198872,0.422615379095078,-0.130244463682175,0.608384013175964,-0.285607904195786,0.372273653745651,0.444391518831253,0.866805851459503,0.553011894226074,0.802302181720734,0.210913196206093,0.295356512069702,0.0672689750790596,0.0756968483328819,0.705768287181854,0.33602836728096,0.580090522766113,-0.0133474636822939,-0.0173793081194162,0.229957476258278,0.633014678955078,-0.526623606681824,0.0621599406003952,-0.0285516194999218,0.746635735034943,-0.327270805835724,0.232228189706802,-0.271348029375076,0.811724424362183,0.866438984870911,0.220038846135139,0.576720237731934,-0.13103449344635,0.783605933189392,-0.677404046058655,0.839940309524536,0.122014403343201,0.538070440292358,-0.195219546556473,0.183789253234863,-0.126096993684769,-0.243618756532669,0.541868925094604,-0.424087822437286,-0.802386701107025,0.044028889387846,-0.691924691200256,0.320583403110504,-0.516722202301025,-0.517175793647766,0.0235048327594995,-0.365582466125488,0.14800401031971,-0.107332296669483,-0.0848915725946426,-0.511419773101807,-0.375370740890503,-0.300727397203445,-0.211798951029778,-0.333657681941986,-0.488463968038559,0.0595810785889626,-0.458102464675903,0.164168789982796,-0.352821528911591,0.628552377223969,0.142621412873268,0.116712667047977,0.528731822967529,-0.668127655982971,-0.346763968467712,-0.695351779460907,0.106848329305649
-0.810648858547211,0.805810511112213,-0.701764285564423,0.731149852275848,-0.181356236338615,0.107027135789394,-0.356425762176514,0.16995944082737,-0.450805008411407,0.900726616382599,-0.18611703813076,0.0418193116784096,0.888738453388214,0.33023938536644,0.426587015390396,-0.10493778437376,0.38702717423439,0.482871502637863,0.969930112361908,-0.352827131748199,-0.274642467498779,0.755824029445648,0.676690459251404,-0.595231652259827,-0.519850552082062,-0.5449258685112,0.101818241178989,-0.41816458106041,0.415889889001846,-0.195586547255516,0.429233938455582,0.533499360084534,0.421444028615952,0.106502525508404,0.254906088113785,0.51618218421936,0.697329163551331,0.712753355503082,0.339968740940094,0.565646350383759,0.902837157249451,0.863629400730133,-0.2202969789505,0.368417501449585,0.801237523555756,0.669177889823914,0.502084314823151,0.554356515407562,0.714193344116211,0.653267979621887,0.645546674728394,0.21198196709156,0.737935423851013,0.608291327953339,0.375041127204895,0.27821284532547,0.484631359577179,0.0085878474637866,0.161516636610031,0.646212160587311,0.727491617202759,0.497414767742157,-0.354821771383286,0.319014459848404,0.36291441321373,0.937736749649048,0.78040736913681,0.928894102573395,0.733423113822937,0.856154322624207,0.902521848678589,0.420515656471252,0.922182619571686,0.865522146224976,0.815273880958557,0.570465743541718,0.270113319158554,-0.498309195041656,0.652822256088257,0.804418802261353,0.77329033613205,-0.198105186223984,1,0.681885302066803,0.257022321224213,0.565523147583008,-0.602503299713135,-0.589668571949005,0.00466356473043561,0.585878670215607,0.553992211818695,0.840945184230804,0.615006744861603,0.259125739336014,0.447183161973953,0.503453850746155,0.534887909889221,-0.388660788536072,-0.292345881462097,-0.414185911417007,0.535999119281769,0.689384639263153,-0.456966251134872,0.515228271484375,0.0938273891806602,0.550639986991882,0.539431273937225,0.25190931558609,0.134166687726974,0.92059338092804,0.861782431602478,0.0722400546073914,0.882525622844696,0.68675571680069,0.843036592006683,0.775645136833191,0.366939544677734,0.835150420665741,0.432908684015274,0.461701631546021,0.339866369962692,0.390440076589584,0.674957454204559,0.0599531158804893,0.768619000911713,0.800692677497864,0.529820501804352,0.714726567268372,0.799217581748962,0.891700625419617,0.624439418315887,0.80969101190567,0.791602373123169,0.737430930137634,0.912130296230316,0.960058808326721,0.670633733272552,0.694305956363678,0.937624275684357,0.576277792453766,0.705386638641357,0.880010008811951,0.872102439403534,0.803256034851074,0.432172894477844,0.610182762145996,0.875732183456421,-0.00552076101303101,0.931825637817383,0.301442444324493,0.788462102413177,0.604012429714203,-0.620944857597351,-0.859544575214386,-0.789634108543396,-0.475189864635468,-0.519691109657288,-0.963829100131989,-0.46708881855011,-0.943565845489502,-0.928397357463837,-0.364403903484344,-0.33711439371109,-0.891298353672028,-0.873012483119965,-0.858833730220795,-0.304835915565491,-0.806416749954224,-0.639376223087311,-0.687536001205444,-0.590017378330231,-0.769443094730377,-0.490168988704681,-0.896997630596161,-0.667610943317413,0.037944246083498,-0.904916107654572,-0.473008960485458,-0.733535945415497,0.208057552576065,-0.808938324451447,-0.538383781909943,-0.595155894756317,-0.488310277462006,-0.551619946956635,-0.488370597362518,-0.685587108135223,-0.0268773715943098,-0.91779100894928,-0.718822121620178,-0.800731778144836,-0.814620137214661,-0.418789833784103,-0.422753989696503,-0.797531425952911,-0.594289302825928,0.676547884941101,0.366329312324524,-0.636819064617157,0.626882016658783,0.611512303352356,0.141592666506767,-0.519304752349854,0.786852896213531,-0.25441786646843,0.686241328716278,-0.214406177401543,-0.471781581640244,-0.524451732635498,-0.292614370584488,-0.00805127713829279,-0.464970678091049,0.199902296066284,0.0235308054834604,-0.256605207920074,-0.541844069957733,-0.103288024663925,-0.384334862232208,-0.289692014455795,-0.340179115533829,0.434559464454651,-0.382985025644302,0.44064462184906,0.59942501783371,0.334495663642883,-0.828590631484985,-0.412645101547241,-0.313005685806274,-0.361460894346237,-0.27593120932579,-0.673606812953949,-0.522772490978241,-0.622604668140411,-0.28414312005043,-0.336916863918304,0.0358363911509514,-0.408447116613388,-0.308241575956345,-0.265631526708603,-0.719986200332642,-0.317312270402908,-0.0183956976979971,0.402903527021408,0.0144911212846637,-0.749411582946777,-0.605584800243378,-0.616566896438599,0.0309004988521338,0.290033727884293,0.32124200463295,-0.551945805549622
-0.527833163738251,0.427636027336121,-0.404685378074646,0.163403898477554,0.272127687931061,0.641262292861938,0.305652260780334,0.204834029078484,0.254819005727768,0.68181037902832,0.485860407352448,0.648178696632385,0.741599023342133,0.235005870461464,0.594393670558929,0.576942265033722,0.889831900596619,0.560443103313446,0.57965624332428,0.235641747713089,0.474760830402374,0.619053244590759,0.622531116008759,0.0307992082089186,0.0868899300694466,-0.213729217648506,0.686260879039764,0.132632493972778,0.808784604072571,0.531812489032745,-0.110016234219074,0.00495762098580599,0.844646573066711,-0.260085314512253,-0.116189956665039,0.01294962503016,0.160369008779526,0.171720564365387,-0.282580941915512,-0.0876808539032936,0.679337322711945,0.465640187263489,0.139777630567551,-0.104837357997894,0.864551663398743,0.134251028299332,-0.127209901809692,-0.0290661305189133,0.100523263216019,0.0533870123326778,-0.00372220808640122,-0.402547359466553,0.070871464908123,0.0109752798452973,-0.280809313058853,0.609470009803772,0.826701819896698,0.560168385505676,0.801124453544617,0.300897419452667,0.203378617763519,0.801296234130859,0.206811040639877,0.570451736450195,0.760422646999359,0.878275692462921,0.926184892654419,0.482142776250839,0.115782499313354,0.86491996049881,0.440391391515732,0.876659393310547,0.867117643356323,0.788735210895538,0.473570972681046,-0.0899450480937958,0.827718675136566,0.092563159763813,0.141851529479027,0.713350832462311,0.86746871471405,0.358640670776367,0.681885302066803,1,0.697122693061829,0.910745084285736,-0.123066030442715,-0.53818553686142,0.478374719619751,0.918618261814117,0.877353847026825,0.918929576873779,0.849053502082825,-0.269939750432968,-0.0300758741796017,0.731396555900574,0.395875751972198,0.102367833256721,0.0600305534899235,0.0940258130431175,0.739888548851013,0.889141380786896,0.167557910084724,0.503414750099182,0.0501143001019955,0.00506822904571891,-0.105281360447407,-0.202926486730576,-0.37262898683548,0.849583268165588,0.933830618858337,0.629573345184326,0.801162302494049,-0.0184112638235092,0.810291588306427,0.176115930080414,0.806397438049316,0.676195025444031,0.741685330867767,0.62112957239151,0.840446949005127,0.726394653320312,0.969711482524872,0.683552861213684,0.331296265125275,0.927031457424164,-0.129959926009178,0.88060986995697,0.17203676700592,0.717034459114075,0.41294339299202,0.867668807506561,0.159508302807808,0.638057708740234,0.647372364997864,0.700928926467896,-0.01474704220891,0.787440180778503,0.614713191986084,0.856371343135834,0.450054913759232,0.767010748386383,0.565842926502228,0.451868295669556,0.698205351829529,0.00884126033633947,0.626851737499237,0.406347155570984,0.757422208786011,-0.35186293721199,0.62138569355011,0.0285590644925833,-0.799466550350189,-0.68172162771225,-0.448620110750198,-0.448517858982086,-0.322026938199997,-0.677599549293518,-0.447659611701965,-0.775976836681366,-0.673957765102386,-0.441840171813965,-0.597195506095886,-0.58132141828537,-0.596672475337982,-0.39982008934021,0.00630874652415514,-0.456360846757889,-0.0727847442030907,-0.567543745040894,-0.336052179336548,-0.303255647420883,-0.326725006103516,-0.638277411460876,-0.828321814537048,0.316759169101715,-0.626975357532501,0.093407891690731,-0.293686330318451,0.367092847824097,-0.611225545406342,-0.410740464925766,-0.560408532619476,-0.169648051261902,-0.276187509298325,-0.089675173163414,-0.177450090646744,0.336103677749634,-0.513289749622345,-0.315313279628754,-0.495372593402863,-0.474758863449097,0.168430835008621,-0.528976023197174,-0.434889554977417,-0.174632430076599,0.434029906988144,0.184360727667809,-0.364390075206757,0.0305070448666811,0.342948824167252,0.0164908356964588,-0.178706169128418,0.399655133485794,-0.169038161635399,0.487461715936661,0.0360816866159439,-0.0537232309579849,-0.218906685709953,0.0681209564208984,0.110345989465714,-0.0901391580700874,-0.477546155452728,0.579110980033875,-0.0856472551822662,-0.124028727412224,-0.273522555828094,-0.0570332631468773,-0.340731114149094,-0.434137165546417,0.477601557970047,-0.428327679634094,-0.199593439698219,0.716483473777771,-0.247617855668068,-0.53141450881958,-0.455006986856461,-0.398768037557602,0.0204653199762106,-0.307851821184158,-0.183043748140335,-0.264665096998215,-0.223276272416115,-0.337350636720657,-0.188599869608879,0.107463546097279,-0.237515851855278,-0.197031304240227,-0.373763203620911,-0.262520968914032,-0.3159099817276,-0.0777484178543091,0.184637546539307,0.640721917152405,-0.594588220119476,-0.460710525512695,-0.304994583129883,-0.383894234895706,0.209242254495621,-0.0704074427485466,-0.116009540855885
-0.106166400015354,-0.162636980414391,0.0793821662664413,-0.0625244677066803,0.171283841133118,0.560232400894165,0.589830338954926,-0.0788372457027435,0.550590574741364,0.147442474961281,0.660386741161346,0.48802387714386,0.242003157734871,-0.219992727041245,0.133878633379936,0.679606676101685,0.781190991401672,0.269543796777725,0.203165024518967,0.619322538375854,0.635562658309937,0.0949844792485237,-0.0330240875482559,0.384401500225067,0.155781552195549,0.203017681837082,0.892090082168579,0.373132705688477,0.900068819522858,0.826899111270905,-0.530223429203033,-0.571093797683716,0.538776695728302,-0.615706741809845,-0.524320662021637,-0.606147885322571,-0.424591809511185,-0.393382668495178,-0.677687525749207,-0.628986954689026,0.0665892660617828,-0.0967950746417046,0.110968984663486,-0.414149969816208,0.579943060874939,-0.444576591253281,-0.553293168544769,-0.525505423545837,-0.404557883739471,-0.534613490104675,-0.428849250078201,-0.220466941595078,-0.370571851730347,-0.358552157878876,-0.666211903095245,0.559299468994141,0.582746744155884,0.531152188777924,0.865183055400848,-0.136758461594582,-0.299564242362976,0.2729332447052,0.338196277618408,0.337156653404236,0.520933508872986,0.416374802589417,0.399972826242447,-0.00696407910436392,-0.23139762878418,0.330612123012543,-0.103710740804672,0.633329689502716,0.353964656591415,0.394551008939743,0.0164247117936611,-0.472294539213181,0.679955065250397,0.530121803283691,-0.520960330963135,0.178538367152214,0.729706287384033,0.592036008834839,0.257022321224213,0.697122693061829,1,0.778010070323944,-0.00932511035352945,0.0308744329959154,0.527810275554657,0.725205898284912,0.527316987514496,0.513065576553345,0.422730952501297,-0.509620785713196,-0.332385808229446,0.833994746208191,0.320991724729538,0.627353608608246,0.319473505020142,0.478334575891495,0.893464922904968,0.397424280643463,0.556394100189209,-0.133463963866234,0.458509981632233,-0.449180871248245,-0.633218050003052,-0.311800718307495,-0.768133461475372,0.307499289512634,0.485556870698929,0.864486336708069,0.213001921772957,-0.469697117805481,0.434605807065964,-0.0890771150588989,0.419221997261047,0.0713884457945824,0.599481701850891,0.266315519809723,0.728710174560547,0.465868085622787,0.575670123100281,0.763977766036987,0.284086287021637,0.422057300806046,-0.559185981750488,0.810938537120819,-0.309177160263062,0.289544284343719,-0.120386876165867,0.435554891824722,-0.186289489269257,0.490641742944717,0.0582049787044525,0.163753136992455,-0.281234860420227,0.699508845806122,0.187217652797699,0.667452991008759,0.543567478656769,0.495905876159668,-0.0505365170538425,0.105588056147099,0.199661523103714,-0.524460911750793,0.19990299642086,0.666360318660736,0.179661005735397,-0.761671841144562,0.270789444446564,-0.431004405021667,-0.195865973830223,-0.203650206327438,0.0922274366021156,0.24260887503624,-0.13473254442215,-0.282197535037994,-0.385718137025833,-0.487695157527924,-0.122178696095943,-0.664862334728241,-0.886866331100464,-0.217601984739304,-0.166418090462685,0.142848700284958,0.0951972007751465,0.0195832960307598,0.337839722633362,0.143058702349663,0.287443310022354,0.206689924001694,0.320746243000031,-0.421096652746201,-0.393208146095276,0.414118230342865,-0.0241225715726614,0.450173139572144,0.142905920743942,0.776951849460602,-0.398578584194183,-0.177582040429115,-0.557175517082214,0.411777913570404,0.336732298135757,0.235588490962982,0.11757754534483,0.149869367480278,-0.118695840239525,0.319749623537064,-0.392478168010712,-0.324165880680084,0.594695389270782,-0.214439362287521,0.0221398361027241,0.129535600543022,-0.0611759908497334,0.12119472771883,0.125738650560379,-0.00619454216212034,0.393763661384583,0.452979177236557,0.28442907333374,0.306565403938293,-0.197618767619133,0.341072857379913,0.194235071539879,0.334691435098648,-0.0201079845428467,0.488202631473541,-0.162532076239586,0.169638007879257,-0.411321520805359,0.644005358219147,0.187262520194054,0.220998778939247,-0.0503528118133545,-0.0103839235380292,-0.367589294910431,-0.198144271969795,0.456446677446365,-0.108317904174328,-0.2520751953125,0.110746629536152,-0.760075390338898,-0.304762363433838,-0.412022680044174,-0.450547486543655,0.047907330095768,-0.396121710538864,0.0950896143913269,-0.104554563760757,-0.065088152885437,-0.445234537124634,-0.235813289880753,-0.231168895959854,-0.218506246805191,-0.350747048854828,-0.198072135448456,0.0859042033553123,-0.388306945562363,-0.330546408891678,0.00986859295517206,0.480139672756195,0.0326210036873817,-0.257704257965088,0.108274258673191,-0.485221415758133,-0.224075004458427,-0.410302966833115,0.246666073799133
-0.408824115991592,0.334833055734634,-0.271703392267227,0.240785747766495,0.292682021856308,0.650027811527252,0.447505950927734,0.158783495426178,0.344232350587845,0.537451982498169,0.561557292938232,0.724464654922485,0.623499274253845,0.0486945509910583,0.570437490940094,0.662771284580231,0.899864435195923,0.428552001714706,0.528521537780762,0.381096035242081,0.559203445911407,0.433146953582764,0.321262627840042,0.167396232485771,0.0761149749159813,-0.0941199064254761,0.764804184436798,0.270838648080826,0.769846200942993,0.632379233837128,-0.261093348264694,-0.0884404331445694,0.733702480792999,-0.348445534706116,-0.194310203194618,-0.191989377140999,-0.0444546900689602,-0.0366654358804226,-0.391471832990646,-0.178372919559479,0.504866361618042,0.298412263393402,0.133061587810516,-0.25150939822197,0.855675101280212,-0.0892211869359016,-0.229683384299278,-0.168304935097694,-0.0274648200720549,-0.102975197136402,-0.0394631363451481,-0.4665806889534,-0.0795928686857224,-0.10526342689991,-0.431787192821503,0.703290998935699,0.82101845741272,0.660617053508759,0.845912933349609,0.321677088737488,0.040904562920332,0.67753142118454,0.398650586605072,0.500604212284088,0.848995268344879,0.72595226764679,0.793370127677917,0.322314023971558,0.123242035508156,0.691002070903778,0.24051696062088,0.9093217253685,0.736925780773163,0.535500228404999,0.287823230028152,-0.241845116019249,0.841807246208191,0.295425564050674,-0.0185964461416006,0.545961678028107,0.903643131256104,0.459893316030502,0.565523147583008,0.910745084285736,0.778010070323944,1,0.0549013316631317,-0.350243091583252,0.581549346446991,0.906895637512207,0.656374335289001,0.813311755657196,0.780373930931091,-0.348010540008545,-0.0482240281999111,0.813792824745178,0.399343222379684,0.158732578158379,0.196788415312767,0.252593666315079,0.832349359989166,0.656472563743591,0.306412696838379,0.392040282487869,0.382437080144882,0.0451386980712414,-0.266308069229126,-0.192024454474449,-0.4929578602314,0.700162351131439,0.792199373245239,0.770663678646088,0.606110215187073,-0.126332551240921,0.643345952033997,0.149845317006111,0.803560972213745,0.583404779434204,0.643054664134979,0.572511732578278,0.899705469608307,0.700795769691467,0.819970309734344,0.774741768836975,0.399965703487396,0.770388662815094,-0.224895894527435,0.911389350891113,0.0512725114822388,0.520918667316437,0.254240542650223,0.739973843097687,-0.0173889026045799,0.447045773267746,0.445899933576584,0.518673717975616,-0.0784200057387352,0.703312516212463,0.535672187805176,0.89583683013916,0.46570411324501,0.663725256919861,0.296283036470413,0.162112414836884,0.41400346159935,-0.160358160734177,0.506486594676971,0.670904874801636,0.63075453042984,-0.52533221244812,0.487450182437897,0.0441389046609402,-0.593807101249695,-0.523617029190063,-0.344045996665955,-0.190763771533966,-0.253019094467163,-0.602531373500824,-0.356634110212326,-0.679513037204742,-0.525701403617859,-0.423237770795822,-0.669642806053162,-0.471178352832794,-0.433087021112442,-0.217742681503296,0.0367464646697044,-0.368408411741257,0.00218981876969337,-0.393853187561035,-0.16403341293335,-0.189485311508179,-0.170030415058136,-0.541164875030518,-0.705654919147491,0.485544741153717,-0.451380580663681,0.312872976064682,-0.200453102588654,0.449270695447922,-0.652624428272247,-0.293594568967819,-0.678680419921875,-0.0602845400571823,-0.133825495839119,-0.0268653612583876,-0.144580036401749,0.379046201705933,-0.464704960584641,-0.159261360764503,-0.529464483261108,-0.463693737983704,0.325210899114609,-0.533964335918427,-0.251006364822388,-0.14917978644371,0.513249695301056,0.454680591821671,-0.118422605097294,0.130800142884254,0.449735999107361,0.168055191636086,0.0188101883977652,0.505918025970459,0.1260686814785,0.535818219184875,0.234660670161247,0.127551883459091,-0.36455711722374,0.291903674602509,0.101278387010098,0.103915013372898,-0.320888042449951,0.757074177265167,0.18775463104248,0.0115790469571948,0.0128336902707815,0.0390782244503498,-0.437550097703934,-0.418655455112457,0.682460784912109,-0.574813306331635,-0.231394812464714,0.682231664657593,-0.365484654903412,-0.376900225877762,-0.686995208263397,-0.664657831192017,-0.255256712436676,-0.641031444072723,-0.312674462795258,-0.500743508338928,-0.376116514205933,-0.622391164302826,-0.450357854366302,-0.26659420132637,-0.485289812088013,-0.51476514339447,-0.593365669250488,-0.324177086353302,-0.614519536495209,-0.384176462888718,-0.0962920039892197,0.452532142400742,-0.531222105026245,-0.53646457195282,0.0511404499411583,-0.671452403068542,-0.203317642211914,-0.30175855755806,-0.210773751139641
0.308553427457809,-0.549542188644409,0.262328565120697,-0.61915111541748,0.77825391292572,0.405472427606583,0.774517476558685,-0.172451093792915,0.756589889526367,-0.628890812397003,0.674285709857941,0.548469483852386,-0.485525697469711,-0.192400723695755,-0.121872842311859,0.646053850650787,0.281209588050842,-0.492299437522888,-0.659477114677429,0.718927562236786,0.640928864479065,-0.351134926080704,-0.355428278446198,0.859228491783142,0.468002468347549,0.338210463523865,0.308498233556747,0.574340879917145,-0.150798544287682,0.43619379401207,-0.660006582736969,-0.384218692779541,0.203790828585625,-0.302666753530502,-0.24801330268383,-0.527540981769562,-0.691745162010193,-0.67043662071228,-0.599405288696289,-0.45861491560936,-0.552401065826416,-0.617599010467529,0.328501254320145,-0.468148201704025,-0.272960990667343,-0.694339692592621,-0.620659589767456,-0.659245610237122,-0.704899847507477,-0.584394216537476,-0.650686264038086,-0.756362438201904,-0.756690382957458,-0.782381176948547,-0.613653779029846,0.442513912916183,0.287097603082657,0.598392903804779,0.33844530582428,-0.251333445310593,-0.588217735290527,0.232425570487976,0.839734375476837,0.310816377401352,0.451090276241302,-0.421204596757889,-0.192403018474579,-0.735217571258545,-0.651850819587708,-0.371687114238739,-0.724499642848969,0.324761480093002,-0.425815910100937,-0.567875504493713,-0.673070788383484,-0.754632413387299,0.358149886131287,0.720195829868317,-0.358423411846161,-0.35825902223587,-0.303009331226349,0.634246110916138,-0.602503299713135,-0.123066030442715,-0.00932511035352945,0.0549013316631317,1,0.265415579080582,0.584811389446259,0.0753843113780022,-0.286329686641693,-0.202768906950951,0.146953627467155,-0.714314699172974,-0.553267657756805,0.0483037196099758,-0.432432800531387,0.387647897005081,0.167400524020195,0.688937306404114,-0.182294920086861,-0.216939821839333,0.524632632732391,-0.110910221934319,-0.071437269449234,-0.441164612770081,-0.613951623439789,-0.609328031539917,-0.398522675037384,-0.40823021531105,-0.359610557556152,0.453114867210388,-0.29249033331871,-0.665291368961334,-0.512306272983551,-0.638446092605591,0.412424951791763,-0.2957643866539,0.108506441116333,-0.223694413900375,0.323663830757141,0.424021482467651,-0.0699232965707779,0.544618904590607,-0.661053419113159,-0.263429880142212,-0.626476168632507,-0.210216253995895,-0.719650328159332,-0.445168852806091,-0.37251403927803,-0.151574701070786,-0.801245152950287,-0.584531724452972,-0.622555255889893,-0.512437701225281,-0.833789169788361,-0.167540669441223,-0.655291199684143,0.187508076429367,-0.726549625396729,-0.377339035272598,-0.586021840572357,-0.862156093120575,0.0313091650605202,-0.625411689281464,-0.684836089611053,0.24416483938694,-0.413361489772797,-0.562248110771179,-0.356893837451935,-0.214606553316116,0.143766433000565,0.485152363777161,0.233376309275627,0.0960335358977318,0.727918922901154,0.613838851451874,0.711179733276367,0.65138053894043,0.394123524427414,0.586588025093079,0.337633073329926,0.660812675952911,0.741837680339813,0.698761880397797,0.702698528766632,0.278677374124527,0.359168648719788,0.0568603537976742,0.239072233438492,0.426686972379684,0.00358037161640823,0.794844150543213,-0.0684416890144348,0.547657907009125,0.440790563821793,0.791466116905212,0.398016571998596,-0.324646830558777,0.43170177936554,0.664138376712799,0.303936004638672,0.0457214117050171,0.170326828956604,0.682997167110443,0.50480729341507,0.682948589324951,0.603003561496735,0.253792971372604,0.647782385349274,0.676377058029175,0.349110782146454,0.185800120234489,0.629424870014191,0.348043352365494,0.037373598664999,0.214331075549126,0.634848296642303,-0.613662958145142,-0.172633394598961,-0.145306512713432,0.75994074344635,-0.563154935836792,0.536868274211884,-0.303604453802109,0.62800544500351,0.61281681060791,0.171177357435226,0.201662391424179,0.402363389730453,0.878962397575378,-0.485212862491608,0.652750372886658,0.500807344913483,0.315742760896683,0.104952313005924,0.707105875015259,-0.176481932401657,-0.363540947437286,0.317579299211502,-0.450027704238892,-0.845637619495392,0.0604778043925762,-0.282605946063995,0.656582951545715,-0.316806018352509,-0.356683999300003,0.00169428414665163,-0.266232043504715,0.244476050138474,-0.0958132445812225,0.148641794919968,-0.305007606744766,-0.219496190547943,-0.384044975042343,0.00735374446958303,-0.132029995322227,-0.474578022956848,0.269707441329956,-0.257589876651764,0.0726761147379875,-0.834651708602905,0.350074678659439,0.179074019193649,0.367015451192856,0.711519837379456,-0.564447462558746,-0.410345464944839,-0.777648627758026,0.0201825443655252
0.224109917879105,-0.533524513244629,0.154309526085854,-0.390870481729507,-0.255052655935287,-0.490814507007599,0.206016883254051,-0.794355511665344,0.311400592327118,-0.673596739768982,0.0384501218795776,-0.310163736343384,-0.638117432594299,-0.598073363304138,-0.761655151844025,-0.0656609758734703,-0.261974185705185,-0.769397675991058,-0.543931543827057,0.338241547346115,-0.0527432262897491,-0.95462691783905,-0.571639358997345,0.428508192300797,0.363130331039429,-0.0389354415237904,0.159309387207031,-0.183805078268051,-0.013975964859128,0.0752721652388573,-0.361402094364166,-0.705012559890747,-0.482457727193832,-0.518380701541901,-0.691642463207245,-0.646039009094238,-0.609744310379028,-0.601581394672394,-0.274754971265793,-0.425717443227768,-0.738603413105011,-0.663795471191406,-0.510930776596069,-0.269163519144058,-0.344289779663086,-0.564201414585114,-0.528179705142975,-0.583380401134491,-0.553560793399811,-0.615884959697723,-0.443698197603226,0.0130524663254619,-0.469734072685242,-0.501632511615753,-0.254641026258469,-0.150624468922615,-0.348141044378281,-0.224970817565918,-0.144090175628662,-0.556293964385986,-0.45113542675972,-0.523762404918671,0.295285999774933,-0.182528808712959,-0.238629505038261,-0.665528297424316,-0.682711362838745,-0.610844314098358,-0.456809103488922,-0.589824080467224,-0.72110915184021,-0.471169292926788,-0.688154220581055,-0.579766511917114,-0.420483112335205,-0.378699898719788,-0.132071867585182,0.207507193088531,-0.634219169616699,-0.421918869018555,-0.273972690105438,0.427581191062927,-0.589668571949005,-0.53818553686142,0.0308744329959154,-0.350243091583252,0.265415579080582,1,-0.217042028903961,-0.22953325510025,-0.482743322849274,-0.534310460090637,-0.632262170314789,-0.121489740908146,-0.0192386172711849,0.0433500893414021,-0.697366952896118,0.58910995721817,0.447007954120636,0.63546347618103,-0.107645213603973,-0.537388861179352,0.528712511062622,-0.677660584449768,0.262589424848557,-0.410309225320816,-0.494937479496002,0.121660009026527,-0.262769609689713,-0.733220398426056,-0.675474464893341,0.0858697071671486,-0.711016833782196,-0.385462641716003,-0.377913653850555,-0.514996647834778,-0.439801692962646,-0.747852265834808,-0.0144722629338503,-0.370577484369278,-0.161836609244347,-0.262627005577087,-0.546954154968262,-0.0179192051291466,-0.261358290910721,-0.643632292747498,-0.52352899312973,-0.433220893144608,-0.537886321544647,-0.514749646186829,-0.884945929050446,-0.44196555018425,-0.462465584278107,-0.164155200123787,-0.705832719802856,-0.634754359722137,-0.275766670703888,-0.261493891477585,-0.57668137550354,-0.470789313316345,-0.220224291086197,-0.513516187667847,-0.638356804847717,-0.479767650365829,-0.502534985542297,-0.628838241100311,-0.480492234230042,0.334972739219666,-0.644245207309723,-0.251721411943436,-0.741291522979736,-0.3308325111866,0.784657537937164,0.770234107971191,0.33512607216835,0.883015751838684,0.629356205463409,0.456415772438049,0.522582530975342,0.49709764122963,0.687637686729431,0.133578300476074,0.0484581664204597,0.278160780668259,0.755527257919312,0.750327348709106,0.477940261363983,0.259881377220154,0.189166188240051,0.65263032913208,0.849509298801422,0.242536410689354,0.776564240455627,0.465498089790344,0.480668067932129,0.210622936487198,0.611803650856018,0.361065924167633,0.116766072809696,0.419563114643097,0.106993481516838,0.694941580295563,-0.126257106661797,0.640704810619354,0.743039846420288,0.632072746753693,0.50292432308197,0.172021135687828,0.34049516916275,0.573837637901306,0.0802546441555023,0.0797492116689682,0.591584920883179,0.810751795768738,0.799862325191498,-0.118204593658447,-0.456420719623566,0.0991186648607254,0.856028437614441,-0.182195484638214,-0.235150679945946,0.0495250187814236,0.588453471660614,-0.354683697223663,0.278879731893539,-0.656854152679443,0.629408955574036,0.791878521442413,0.366736739873886,0.668078660964966,-0.656962752342224,0.496297776699066,0.0944806784391403,0.0615675300359726,-0.0774541646242142,0.732126235961914,0.042903408408165,-0.264587491750717,0.428422003984451,0.527748286724091,-0.0166744515299797,0.164832189679146,-0.147112444043159,-0.712461948394775,-0.488879710435867,0.578227996826172,-0.00867076311260462,-0.0400316454470158,-0.113382130861282,-0.102566994726658,0.114533022046089,0.116641543805599,-0.025485510006547,-0.152324929833412,-0.178067833185196,-0.332095861434937,-0.135427936911583,-0.247154399752617,0.0377697572112083,0.117013365030289,-0.18354594707489,-0.0104562863707542,-0.11485943198204,-0.254595845937729,0.614428281784058,0.334961652755737,0.66753476858139,-0.183977708220482,-0.590345144271851,-0.237047016620636,0.171044796705246
-0.0192040093243122,-0.270199745893478,0.180763155221939,-0.207828387618065,0.73862212896347,0.917341351509094,0.841951608657837,0.204389005899429,0.70681232213974,-0.0880827084183693,0.881043314933777,0.832955420017242,0.164694860577583,0.278270661830902,0.119038082659245,0.894656896591187,0.745417714118958,-0.0419443212449551,-0.087097629904747,0.761610209941864,0.723295927047729,0.251656860113144,-0.0803263336420059,0.651523232460022,0.165342211723328,0.391097605228424,0.561332523822784,0.678135216236115,0.393663734197617,0.657864153385162,-0.469032287597656,-0.254291027784348,0.759694516658783,-0.147298738360405,0.0145258195698261,-0.369369059801102,-0.409442543983459,-0.314364910125732,-0.584120512008667,-0.484074980020523,-0.0410573817789555,-0.0750379860401154,0.657251060009003,-0.121132969856262,0.146307691931725,-0.432733952999115,-0.387547701597214,-0.427416771650314,-0.411402970552444,-0.438256144523621,-0.470389902591705,-0.609791219234467,-0.431061178445816,-0.411269277334213,-0.54479193687439,0.905422210693359,0.790084719657898,0.966667354106903,0.729593694210052,0.235244750976562,-0.187615796923637,0.424845516681671,0.745796382427216,0.725738167762756,0.731196224689484,0.21336530148983,0.267146408557892,-0.176320567727089,-0.406938433647156,0.154881820082664,-0.229335054755211,0.783486008644104,0.161511093378067,0.118072852492332,-0.154017820954323,-0.482953757047653,0.57455962896347,0.763480246067047,-0.293272644281387,-0.126108139753342,0.255451172590256,0.543547987937927,0.00466356473043561,0.478374719619751,0.527810275554657,0.581549346446991,0.584811389446259,-0.217042028903961,1,0.525463819503784,0.23955075442791,0.425078868865967,0.710784316062927,-0.876371920108795,-0.773532807826996,0.545660018920898,0.208178371191025,0.312820196151733,-0.26667320728302,0.429496347904205,0.539684593677521,0.238326892256737,0.231823429465294,-0.132922396063805,0.258233428001404,-0.372786313295364,-0.51724648475647,-0.880997478961945,-0.4459408223629,0.207810640335083,0.315429031848907,0.80697363615036,0.219242408871651,-0.517337560653687,-0.065343052148819,-0.0909998342394829,0.616518139839172,0.248523771762848,0.457211822271347,0.240394353866577,0.725385427474976,0.692910730838776,0.481870979070663,0.75277853012085,-0.0184828378260136,0.322865962982178,-0.427149802446365,0.53999662399292,-0.37252414226532,0.208976536989212,0.223879158496857,0.33869943022728,-0.317741364240646,-0.163311690092087,-0.0860322192311287,0.0700114220380783,-0.550068914890289,0.402110695838928,-0.0385911948978901,0.741300880908966,0.0163780357688665,0.19038014113903,-0.208094343543053,-0.327852249145508,0.208992406725883,-0.360012501478195,-0.129468381404877,0.233518064022064,0.0273773781955242,-0.607789218425751,0.157035917043686,-0.0867085456848145,-0.36817792057991,-0.269081592559814,0.022257424890995,-0.227157413959503,0.191962644457817,0.0680049136281013,0.106495641171932,-0.0472328960895538,-0.204853594303131,-0.132230862975121,-0.326207965612411,0.252339839935303,0.0563907139003277,0.165495753288269,0.321122705936432,0.0743814259767532,0.142641454935074,-0.193152487277985,-0.209277853369713,0.273614376783371,-0.322749227285385,0.0939007624983788,-0.394255697727203,0.353199660778046,-0.0504550337791443,0.512651741504669,0.286394238471985,-0.0623230561614037,0.0855400711297989,-0.0175192672759295,-0.0798201262950897,-0.247275531291962,-0.226383879780769,0.300419330596924,-0.0926678776741028,0.428888291120529,0.170465722680092,-0.0469248294830322,0.222368106245995,0.302704483270645,0.188072666525841,-0.211557194590569,-0.0582782290875912,0.349715083837509,0.207495421171188,0.333284586668015,0.263577342033386,-0.150047212839127,0.290566831827164,0.423799604177475,0.581844091415405,0.0543313957750797,-0.0353857167065144,0.411619067192078,0.270877242088318,0.235239088535309,0.122175045311451,-0.0742551013827324,0.458891123533249,0.623684048652649,-0.548102378845215,0.811119437217712,0.471292406320572,-0.137717500329018,-0.12802329659462,0.635695517063141,-0.486128777265549,-0.750787734985352,0.530061542987823,-0.516227543354034,-0.534060120582581,0.272060573101044,-0.456883162260056,-0.172309339046478,-0.429965943098068,-0.432251483201981,0.100366614758968,-0.324038952589035,0.0894595980644226,-0.208914920687675,0.0844733938574791,-0.322848975658417,-0.169471710920334,-0.322447717189789,0.0961440429091454,-0.148032292723656,-0.347417205572128,0.188596427440643,-0.276692122220993,-0.161898881196976,-0.634864032268524,0.531951785087585,-0.209678873419762,0.248890683054924,0.208263501524925,-0.427079051733017,-0.182072877883911,-0.712834775447845,-0.110810473561287
-0.636062324047089,0.319341033697128,-0.528699457645416,0.0600153580307961,0.323300749063492,0.543759405612946,0.460438281297684,-0.147996678948402,0.422193795442581,0.502663493156433,0.595634698867798,0.644680082798004,0.614920556545258,0.0572852082550526,0.338752418756485,0.654808282852173,0.94282853603363,0.210891857743263,0.471771627664566,0.436278194189072,0.491519242525101,0.362204492092133,0.520508885383606,0.240995913743973,0.183035030961037,-0.348116546869278,0.819773614406586,0.0341741144657135,0.845155477523804,0.557242810726166,-0.275629609823227,-0.193451300263405,0.814844131469727,-0.501970589160919,-0.369408875703812,-0.199531361460686,-0.0328342989087105,-0.00369028234854341,-0.415331721305847,-0.164969190955162,0.505149304866791,0.308348268270493,-0.0784244611859322,-0.18784011900425,0.869113087654114,-0.0458761714398861,-0.32849845290184,-0.250809133052826,-0.0711302310228348,-0.120445840060711,-0.141024366021156,-0.523830235004425,-0.0657623335719109,-0.203756853938103,-0.388112038373947,0.742917835712433,0.898576378822327,0.603024780750275,0.830833554267883,0.217674389481544,0.120910800993443,0.802183091640472,0.43288055062294,0.693038582801819,0.878902733325958,0.769988238811493,0.815291881561279,0.329714566469193,-0.0121659804135561,0.779522299766541,0.241165518760681,0.866335928440094,0.739310801029205,0.660410165786743,0.385259598493576,-0.23937876522541,0.921177327632904,0.178602412343025,0.0310476776212454,0.698349297046661,0.872659027576447,0.630446374416351,0.585878670215607,0.918618261814117,0.725205898284912,0.906895637512207,0.0753843113780022,-0.22953325510025,0.525463819503784,1,0.742384672164917,0.894038021564484,0.810092031955719,-0.422275602817535,-0.0338716581463814,0.891932606697083,0.118265524506569,0.305837273597717,0.156692460179329,0.402687191963196,0.763467848300934,0.814822912216187,0.344477623701096,0.351383298635483,0.124096766114235,-0.0956016182899475,-0.266505390405655,-0.23674164712429,-0.504837691783905,0.713018953800201,0.803245663642883,0.76683098077774,0.711276233196259,-0.104630768299103,0.764609515666962,0.045078843832016,0.83202713727951,0.549399197101593,0.897526025772095,0.524799764156342,0.93209046125412,0.856411635875702,0.914527237415314,0.803959667682648,0.268531113862991,0.822533309459686,-0.32080265879631,0.821606278419495,0.0292389038950205,0.673784792423248,0.14501391351223,0.897237181663513,0.0263851191848516,0.634556472301483,0.474394172430038,0.61002117395401,-0.127779453992844,0.837590098381042,0.482354074716568,0.864587247371674,0.347099334001541,0.717155039310455,0.436571776866913,0.277681231498718,0.643060266971588,-0.19629992544651,0.505224406719208,0.550794184207916,0.669651567935944,-0.460799276828766,0.458414107561111,0.0693538188934326,-0.62043285369873,-0.496065318584442,-0.532672166824341,-0.226599797606468,0.0148874241858721,-0.615803897380829,-0.129062801599503,-0.664644718170166,-0.586522877216339,-0.284989893436432,-0.521975040435791,-0.566075444221497,-0.339809864759445,-0.180737376213074,0.33006888628006,-0.560226082801819,-0.15000906586647,-0.528541803359985,-0.128096833825111,-0.36836501955986,-0.190884321928024,-0.484242916107178,-0.858724415302277,0.555976688861847,-0.556784749031067,0.279770255088806,-0.406200975179672,0.469154238700867,-0.689414143562317,-0.075520858168602,-0.688845813274384,-0.0886222347617149,-0.126481115818024,0.218183651566505,-0.0642270445823669,0.602891445159912,-0.50181633234024,-0.28049248456955,-0.517673075199127,-0.502423286437988,0.326791286468506,-0.227797150611877,-0.188073933124542,-0.350857436656952,0.483927935361862,0.40584808588028,-0.0336499065160751,-0.0130275934934616,0.385111004114151,0.019875830039382,0.113687872886658,0.324496448040009,0.00896232202649117,0.325273275375366,0.411865502595901,0.28656730055809,-0.173821374773979,0.262432187795639,-0.0521328970789909,0.221273958683014,-0.493060678243637,0.75820779800415,-0.0912479981780052,0.0685070604085922,-0.2822285592556,-0.100121133029461,-0.281604588031769,-0.43336808681488,0.687411785125732,-0.617125809192657,-0.345391720533371,0.613141536712646,-0.370974361896515,-0.369080036878586,-0.664453268051147,-0.592135906219482,-0.145847350358963,-0.4814273416996,-0.30204513669014,-0.410183370113373,-0.404879242181778,-0.552852034568787,-0.428981512784958,-0.111844517290592,-0.406097829341888,-0.414623290300369,-0.566778838634491,-0.392558336257935,-0.544779419898987,-0.0080019049346447,0.0350055508315563,0.616954445838928,-0.53703498840332,-0.378793001174927,-0.0472606420516968,-0.564391314983368,-0.0300260093063116,-0.264915972948074,-0.252441465854645
-0.457257032394409,0.440413177013397,-0.386234909296036,-0.00423896731808782,0.0341544225811958,0.473732262849808,0.124675989151001,0.195161074399948,0.168092429637909,0.690455734729767,0.318036317825317,0.517087161540985,0.716933608055115,0.399555027484894,0.510555028915405,0.392063826322556,0.693182408809662,0.56619256734848,0.440536558628082,0.0358919315040112,0.324100077152252,0.500281929969788,0.774458587169647,-0.082079604268074,0.32592311501503,-0.319292098283768,0.530399024486542,-0.0503609962761402,0.778947293758392,0.416396796703339,0.11653496325016,-0.0418503247201443,0.775167644023895,-0.110967263579369,-0.10001614689827,0.156175643205643,0.284952580928802,0.287756681442261,-0.0918100997805595,-0.0977394878864288,0.680055379867554,0.497455626726151,0.098522461950779,0.0820169299840927,0.678293645381927,0.293522268533707,-0.0559257604181767,0.0753292590379715,0.149798035621643,0.0837507098913193,-0.0195003561675549,-0.352615356445312,0.122983083128929,0.111785806715488,-0.0824341475963593,0.357156366109848,0.620620667934418,0.370744526386261,0.634021759033203,0.185974478721619,0.29059362411499,0.68612003326416,0.0713260993361473,0.505076706409454,0.510472893714905,0.762685835361481,0.82061892747879,0.486522346735001,-0.0144450245425105,0.855461895465851,0.439249843358994,0.634793758392334,0.775216579437256,0.822069406509399,0.597139239311218,0.0536434687674046,0.688019096851349,-0.124120153486729,0.100546777248383,0.689199149608612,0.668264031410217,0.21762926876545,0.553992211818695,0.877353847026825,0.527316987514496,0.656374335289001,-0.286329686641693,-0.482743322849274,0.23955075442791,0.742384672164917,1,0.783271968364716,0.662869691848755,-0.0760462731122971,0.0220064520835876,0.479498267173767,0.181965693831444,0.0581794157624245,0.0444816425442696,-0.0353844314813614,0.541758894920349,0.931252956390381,0.112958684563637,0.436502784490585,-0.178897053003311,-0.0516045577824116,0.00119286694098264,-0.102915823459625,-0.131994873285294,0.765538334846497,0.858514726161957,0.377811551094055,0.707727789878845,-0.00948789156973362,0.809869587421417,0.0321339704096317,0.609070599079132,0.584982812404633,0.694717288017273,0.735554277896881,0.66811591386795,0.493110865354538,0.890963315963745,0.448998779058456,0.174819901585579,0.889778435230255,-0.0893478691577911,0.62756210565567,0.171011373400688,0.683771193027496,0.413267731666565,0.74639618396759,0.188724458217621,0.642834603786469,0.681033611297607,0.646685421466827,0.0264669861644506,0.575523257255554,0.557496249675751,0.530614197254181,0.354060858488083,0.536299765110016,0.618248999118805,0.592587113380432,0.746060013771057,0.083333320915699,0.673514902591705,0.222611129283905,0.653292119503021,-0.139518871903419,0.387006670236588,-0.117556124925613,-0.841309487819672,-0.640986084938049,-0.348519772291183,-0.508823931217194,-0.363694429397583,-0.590126574039459,-0.523420393466949,-0.694114506244659,-0.567769646644592,-0.504974067211151,-0.526349782943726,-0.580617964267731,-0.603946030139923,-0.41074126958847,-0.0771763175725937,-0.339717745780945,-0.0546604059636593,-0.516059756278992,-0.3284672498703,-0.291792839765549,-0.292566448450089,-0.60222464799881,-0.640452027320862,-0.0336804091930389,-0.603018224239349,-0.16053706407547,-0.274286478757858,0.334292471408844,-0.463660776615143,-0.490302741527557,-0.451941788196564,-0.114053882658482,-0.270772874355316,-0.153250798583031,-0.0937893018126488,0.205750435590744,-0.437595307826996,-0.27812397480011,-0.394822269678116,-0.406533658504486,0.207261279225349,-0.373363465070724,-0.431331813335419,-0.171193078160286,0.138430997729301,-0.145586475729942,-0.40114888548851,-0.121363960206509,-0.0609251819550991,-0.211702555418015,-0.368030250072479,0.166771322488785,-0.372803151607513,0.183206647634506,-0.108301289379597,-0.0996643751859665,0.138459980487823,0.0360310710966587,-0.116840817034245,-0.271680146455765,-0.565588653087616,0.312082201242447,-0.470888555049896,0.0233294386416674,-0.603938102722168,-0.295789480209351,0.0763532593846321,-0.122455462813377,0.049983698874712,-0.114091165363789,-0.100474707782269,0.545308291912079,-0.268638610839844,-0.48287108540535,-0.0309858955442905,0.0537772923707962,0.372039169073105,0.10834089666605,0.0541526935994625,0.13874252140522,0.0833436325192451,0.0949661806225777,0.228269323706627,0.537171244621277,0.0934080854058266,0.197734519839287,0.0069416705518961,-0.0606985427439213,0.0851451084017754,0.0918712392449379,0.52086865901947,0.692698240280151,-0.522509038448334,-0.233487829566002,-0.48432782292366,-0.0694612413644791,0.476845026016235,0.284758359193802,0.0948433503508568
-0.794842004776001,0.601172626018524,-0.658398866653442,0.352941244840622,0.187144443392754,0.498200505971909,0.14303457736969,0.0913273692131042,0.0658525452017784,0.771025657653809,0.326715111732483,0.509520947933197,0.870353698730469,0.38738602399826,0.437797039747238,0.403615653514862,0.794540047645569,0.369395285844803,0.735213816165924,0.0981395021080971,0.18672813475132,0.676034092903137,0.726838648319244,-0.123567707836628,-0.101004585623741,-0.460698425769806,0.503091633319855,-0.1402787566185,0.694756507873535,0.234207391738892,0.109611235558987,0.199918419122696,0.823031663894653,-0.126594379544258,0.0264851078391075,0.22071947157383,0.377082079648972,0.420642226934433,-0.0453887395560741,0.185820013284683,0.79634016752243,0.681906044483185,-0.0105231571942568,0.187767907977104,0.859142959117889,0.36039075255394,0.100412368774414,0.172279328107834,0.335124790668488,0.279232174158096,0.219164311885834,-0.291917860507965,0.342084348201752,0.208731964230537,0.00213807984255254,0.667640447616577,0.860438585281372,0.47684982419014,0.594893097877502,0.541160523891449,0.507041156291962,0.7918820977211,0.143923625349998,0.705968201160431,0.753965139389038,0.951617062091827,0.907583832740784,0.683309078216553,0.297843664884567,0.937294363975525,0.619136035442352,0.788674235343933,0.926312923431396,0.873502314090729,0.686126172542572,0.174317255616188,0.698484003543854,-0.122052200138569,0.380177021026611,0.799562931060791,0.848109424114227,0.258256375789642,0.840945184230804,0.918929576873779,0.513065576553345,0.813311755657196,-0.202768906950951,-0.534310460090637,0.425078868865967,0.894038021564484,0.783271968364716,1,0.897477865219116,-0.195786327123642,0.087216354906559,0.746195316314697,0.332991361618042,-0.0697073265910149,-0.205161288380623,-0.010801455937326,0.70165079832077,0.893848180770874,-0.103858172893524,0.468927174806595,0.0455824881792068,0.203607365489006,0.144579038023949,-0.157709449529648,-0.148971363902092,0.932595610618591,0.957568347454071,0.494874268770218,0.923715174198151,0.264769911766052,0.848714351654053,0.417462706565857,0.736220479011536,0.828081786632538,0.785449147224426,0.629093587398529,0.766236245632172,0.763869822025299,0.944534301757812,0.516756117343903,0.499009311199188,0.955264687538147,0.101190149784088,0.838531970977783,0.422281801700592,0.909063160419464,0.531762897968292,0.974523961544037,0.425148904323578,0.681344509124756,0.783642947673798,0.886476159095764,0.215899705886841,0.827263355255127,0.763879358768463,0.834649264812469,0.504001259803772,0.834041178226471,0.72842001914978,0.572820365428925,0.672658920288086,0.245314449071884,0.747130572795868,0.213258281350136,0.874255776405334,-0.0797708407044411,0.660997748374939,0.372209817171097,-0.808855175971985,-0.818755030632019,-0.731558918952942,-0.532151699066162,-0.244940280914307,-0.822712898254395,-0.296579360961914,-0.846960663795471,-0.880239844322205,-0.339538544416428,-0.435857832431793,-0.737049102783203,-0.671610772609711,-0.585518956184387,0.0513321347534657,-0.726616144180298,-0.450029462575912,-0.758871674537659,-0.517347097396851,-0.600495576858521,-0.520564377307892,-0.703185856342316,-0.873817682266235,0.260784149169922,-0.845922470092773,-0.121460519731045,-0.584494233131409,0.246348083019257,-0.728022277355194,-0.370671510696411,-0.634554445743561,-0.442037463188171,-0.502584278583527,-0.136541932821274,-0.447250187397003,0.374958485364914,-0.725891292095184,-0.621805906295776,-0.604995369911194,-0.6031334400177,-0.0831500738859177,-0.365749955177307,-0.595682263374329,-0.453632533550262,0.633800148963928,0.395562559366226,-0.36276763677597,0.260480225086212,0.468603610992432,0.0701087936758995,-0.187355175614357,0.534918546676636,-0.201211884617805,0.556044578552246,0.0942917093634605,-0.121319934725761,-0.253863394260406,-0.129628822207451,0.0537828505039215,-0.0664190575480461,-0.29340997338295,0.485657781362534,-0.219401299953461,-0.306832164525986,-0.355497419834137,-0.173454537987709,-0.28477418422699,-0.527317225933075,0.579047799110413,-0.589386522769928,-0.0224807690829039,0.706210970878601,-0.0374666675925255,-0.68512886762619,-0.532476603984833,-0.420975804328918,-0.146587818861008,-0.322621017694473,-0.463635593652725,-0.439681947231293,-0.449920684099197,-0.357359826564789,-0.307934284210205,0.0515935011208057,-0.294702708721161,-0.266464024782181,-0.414229273796082,-0.52711021900177,-0.374403119087219,0.0474573485553265,0.192311257123947,0.464990526437759,-0.777308702468872,-0.393192321062088,-0.414206385612488,-0.243548378348351,0.235529944300652,0.0151315787807107,-0.449177354574203
-0.580204546451569,0.404158532619476,-0.432849287986755,0.172566786408424,0.530766367912292,0.76562774181366,0.390636444091797,0.278176158666611,0.274018943309784,0.568051993846893,0.550696551799774,0.749033451080322,0.727363348007202,0.50243866443634,0.489971429109573,0.6276695728302,0.839640140533447,0.309757798910141,0.493771106004715,0.288608014583588,0.414307534694672,0.706365406513214,0.589920938014984,0.124899342656136,-0.0184535402804613,-0.185845822095871,0.469181537628174,0.196493774652481,0.520417332649231,0.346973299980164,-0.0338858626782894,0.212230131030083,0.930582225322723,-0.00937516801059246,0.18445697426796,0.167398422956467,0.214477449655533,0.274456739425659,-0.179129540920258,0.0664532035589218,0.637039363384247,0.531859457492828,0.347991526126862,0.131243988871574,0.644017577171326,0.188399627804756,0.0202716886997223,0.0656511634588242,0.162460789084435,0.159518107771873,0.0439062379300594,-0.524772882461548,0.129619136452675,0.0399580486118793,-0.140333995223045,0.820843517780304,0.943571269512177,0.747433483600616,0.662353813648224,0.564256727695465,0.350510150194168,0.844814956188202,0.387629985809326,0.809949040412903,0.858453214168549,0.794717133045197,0.827020525932312,0.457260519266129,0.0971447750926018,0.775240123271942,0.42701917886734,0.913960576057434,0.773204207420349,0.670176267623901,0.441625744104385,-0.0152189824730158,0.716258704662323,0.161075487732887,0.319256365299225,0.567089140415192,0.632230460643768,0.3146832883358,0.615006744861603,0.849053502082825,0.422730952501297,0.780373930931091,0.146953627467155,-0.632262170314789,0.710784316062927,0.810092031955719,0.662869691848755,0.897477865219116,1,-0.453837931156158,-0.227443382143974,0.625561654567719,0.336705893278122,-0.0839214622974396,-0.333999961614609,0.0559813641011715,0.577699482440948,0.779167056083679,-0.0858622863888741,0.448232442140579,-0.0119838695973158,0.0953778922557831,0.0176701098680496,-0.484901249408722,-0.168084114789963,0.810042381286621,0.839599907398224,0.578582227230072,0.831385910511017,0.0525784119963646,0.558460593223572,0.281254857778549,0.858276903629303,0.794458031654358,0.68634295463562,0.56760448217392,0.807552218437195,0.857562482357025,0.895640909671783,0.628704965114594,0.26770430803299,0.860245704650879,0.00541652599349618,0.750065803527832,0.220488324761391,0.742188990116119,0.602555513381958,0.850068211555481,0.194454193115234,0.335013389587402,0.595940768718719,0.709159314632416,-0.066226027905941,0.681236386299133,0.544921576976776,0.900883674621582,0.235040336847305,0.658116519451141,0.519796192646027,0.268120527267456,0.660793602466583,0.154352560639381,0.482955783605576,0.128854230046272,0.704018771648407,-0.202166706323624,0.592962026596069,0.325693905353546,-0.844326138496399,-0.750119149684906,-0.577671408653259,-0.668860614299774,-0.115236051380634,-0.54980194568634,-0.134544730186462,-0.582182347774506,-0.780789613723755,-0.149503692984581,-0.278513371944427,-0.393462270498276,-0.496035307645798,-0.43780717253685,0.147680312395096,-0.52478164434433,-0.306134700775146,-0.772110998630524,-0.621463179588318,-0.364484041929245,-0.688481152057648,-0.407205402851105,-0.839530408382416,0.296437591314316,-0.698488771915436,0.0718880370259285,-0.319639086723328,-0.0675123408436775,-0.417570501565933,-0.296797066926956,-0.358141511678696,-0.578712046146393,-0.611738562583923,-0.0512652285397053,-0.389162093400955,0.480195879936218,-0.441706091165543,-0.59094500541687,-0.240463882684708,-0.217430979013443,-0.126271456480026,-0.449048727750778,-0.522730529308319,-0.161420002579689,0.638718366622925,0.392604261636734,-0.271156162023544,0.0713709369301796,0.394528567790985,0.0834263861179352,0.00969328265637159,0.348843932151794,-0.107010073959827,0.575957059860229,0.109247624874115,-0.112360201776028,-0.180641546845436,-0.276279091835022,0.398256897926331,0.169452801346779,-0.455580025911331,0.639568984508514,0.047310832887888,-0.383764356374741,-0.30712816119194,0.23692724108696,-0.422428339719772,-0.765598833560944,0.589753329753876,-0.694499373435974,-0.270457357168198,0.759349346160889,-0.0361075885593891,-0.534131646156311,-0.524456918239594,-0.435916095972061,-0.0456348247826099,-0.309078395366669,-0.30256450176239,-0.40837687253952,-0.259223848581314,-0.323153913021088,-0.240783914923668,-0.0147501360625029,-0.124954983592033,-0.162631839513779,-0.47504448890686,-0.315645128488541,-0.315566688776016,0.0400059930980206,-0.163255527615547,0.579426825046539,-0.750654101371765,-0.185792341828346,-0.276390880346298,-0.313944905996323,0.20473612844944,-0.235215753316879,-0.423525810241699
-0.0780215263366699,0.605560600757599,-0.222345814108849,0.551393091678619,-0.795743346214294,-0.724997997283936,-0.943727910518646,0.173584640026093,-0.891912758350372,0.440079867839813,-0.940037369728088,-0.624992549419403,0.204556316137314,0.0412608459591866,0.237716153264046,-0.883922576904297,-0.64798104763031,0.323413848876953,0.399793028831482,-0.946416199207306,-0.763332664966583,0.0577222816646099,0.227979630231857,-0.883025407791138,-0.283963918685913,-0.415390372276306,-0.638018786907196,-0.627499759197235,-0.36513552069664,-0.694361686706543,0.743234872817993,0.568835556507111,-0.583886623382568,0.467533946037292,0.333912283182144,0.655144453048706,0.697527468204498,0.603490471839905,0.814021944999695,0.689996480941772,0.382813036441803,0.427293986082077,-0.451018482446671,0.349123001098633,0.0290997158735991,0.695271372795105,0.699826538562775,0.746884703636169,0.721738755702972,0.700348854064941,0.776715159416199,0.575397312641144,0.677466630935669,0.734648168087006,0.728346407413483,-0.77294248342514,-0.631014704704285,-0.805358111858368,-0.683836281299591,0.188323140144348,0.464177429676056,-0.308634012937546,-0.769015192985535,-0.638899803161621,-0.572395026683807,0.0354421809315681,-0.0209218487143517,0.489034503698349,0.69391256570816,0.097400926053524,0.518877267837524,-0.573863208293915,0.143628090620041,0.0560880675911903,0.419940859079361,0.725098013877869,-0.536041676998138,-0.852951049804688,0.502167463302612,0.248174220323563,-0.0570848695933819,-0.768952965736389,0.259125739336014,-0.269939750432968,-0.509620785713196,-0.348010540008545,-0.714314699172974,-0.121489740908146,-0.876371920108795,-0.422275602817535,-0.0760462731122971,-0.195786327123642,-0.453837931156158,1,0.852113962173462,-0.521341800689697,0.0921489968895912,-0.668470144271851,0.0802010968327522,-0.724803686141968,-0.367528080940247,-0.0957350060343742,-0.486875504255295,0.343950122594833,-0.0638653710484505,0.717532694339752,0.754803836345673,0.911762654781342,0.664045095443726,0.108088076114655,-0.0231087859719992,-0.816145777702332,0.00508162472397089,0.722939372062683,0.197032392024994,0.397826880216599,-0.462603896856308,0.15061628818512,-0.501853942871094,0.115348316729069,-0.592303276062012,-0.667053759098053,-0.310451000928879,-0.783555209636688,0.316165268421173,-0.0475195646286011,0.721633911132812,-0.305524259805679,0.662740707397461,-0.0138932876288891,0.185351878404617,-0.189657539129257,0.522035956382751,0.122907921671867,0.403866410255432,0.188923761248589,0.783442676067352,-0.396459251642227,0.400976181030273,-0.557053625583649,0.208003148436546,-0.0726214870810509,0.388536602258682,0.4516521692276,-0.224965065717697,0.654133319854736,0.450268000364304,-0.204915523529053,0.246843591332436,0.743991434574127,0.00293110380880535,0.330667853355408,0.0565253868699074,-0.100983336567879,-0.163857847452164,-0.0436703749001026,-0.548919498920441,-0.344783544540405,-0.390163272619247,-0.219065144658089,-0.0924941375851631,-0.0547058880329132,0.176850110292435,-0.433759391307831,-0.419660627841949,-0.507142901420593,-0.644625961780548,-0.182665184140205,-0.308422237634659,-0.0364030264317989,-0.153328627347946,-0.414101839065552,0.0131078930571675,-0.364633232355118,0.321134090423584,-0.522078990936279,-0.226107642054558,-0.71670401096344,-0.373612105846405,-0.0434211194515228,-0.253688812255859,-0.368305712938309,-0.0811050608754158,-0.0500667579472065,-0.127717658877373,-0.693420231342316,-0.257621943950653,-0.55043351650238,-0.429857701063156,-0.200108379125595,-0.398754864931107,-0.439987242221832,-0.34894722700119,-0.156667828559875,-0.297638863325119,-0.392211377620697,0.0679431036114693,-0.146166250109673,-0.49596843123436,0.426225692033768,-0.203948214650154,-0.348412662744522,-0.838821232318878,0.279171496629715,0.0640934407711029,-0.0767609924077988,-0.460483461618423,-0.522576212882996,-0.301435649394989,-0.0805034413933754,-0.317513734102249,-0.812182128429413,0.68334025144577,-0.773839294910431,-0.424139648675919,-0.0716802254319191,0.17210353910923,-0.630285561084747,0.414695680141449,0.635730564594269,-0.462384790182114,0.356174677610397,0.74809455871582,0.0345582067966461,0.583734691143036,-0.0868637040257454,0.350975185632706,0.377122640609741,-0.218709200620651,0.183770671486855,-0.308211386203766,0.0145021621137857,-0.176240280270576,0.295067757368088,0.159773454070091,0.312274575233459,-0.169212862849236,0.0844403654336929,0.272027283906937,-0.336055785417557,0.20483024418354,-0.133341789245605,0.629028499126434,-0.617586612701416,-0.162794455885887,-0.417895913124084,-0.335546046495438,0.39179864525795,0.179250583052635,0.852251827716827,-0.11013550311327
-0.420206040143967,0.725807905197144,-0.585620939731598,0.569227278232574,-0.635893225669861,-0.710081875324249,-0.774687767028809,-0.146540999412537,-0.727941989898682,0.524821579456329,-0.760319769382477,-0.482056438922882,0.315594673156738,-0.170411258935928,0.249954208731651,-0.694774210453033,-0.336661547422409,0.179348990321159,0.549342691898346,-0.744954347610474,-0.640868663787842,0.037353228777647,0.369036287069321,-0.731646060943604,-0.24363799393177,-0.705032885074615,-0.319643318653107,-0.749128878116608,-0.145633846521378,-0.581512570381165,0.53431111574173,0.478186786174774,-0.414547681808472,0.100712403655052,0.0331668555736542,0.499230891466141,0.611250519752502,0.51455020904541,0.623466193675995,0.721914112567902,0.482144713401794,0.438754707574844,-0.742980301380157,0.149712219834328,0.398335814476013,0.604338586330414,0.493574529886246,0.562050104141235,0.649179935455322,0.653209745883942,0.735387325286865,0.33767706155777,0.620544135570526,0.535865783691406,0.54858261346817,-0.510365843772888,-0.322316467761993,-0.675603210926056,-0.448377847671509,0.199726849794388,0.453637659549713,0.0256979465484619,-0.540966928005219,-0.415781915187836,-0.190644666552544,0.25440913438797,0.233478516340256,0.530229210853577,0.728422939777374,0.32165402173996,0.52781742811203,-0.305195391178131,0.346683502197266,0.165279760956764,0.470224887132645,0.562624037265778,-0.165511384606361,-0.824084401130676,0.580479025840759,0.57779586315155,0.26242059469223,-0.400938212871552,0.447183161973953,-0.0300758741796017,-0.332385808229446,-0.0482240281999111,-0.553267657756805,-0.0192386172711849,-0.773532807826996,-0.0338716581463814,0.0220064520835876,0.087216354906559,-0.227443382143974,0.852113962173462,1,-0.144221931695938,-0.0542853213846684,-0.499452382326126,0.280290722846985,-0.406303644180298,-0.184628680348396,0.126797929406166,-0.261687815189362,0.519773423671722,-0.0348642282187939,0.730583965778351,0.638317883014679,0.945189237594604,0.405175685882568,0.284683048725128,0.153680488467216,-0.538829743862152,0.235497832298279,0.736953616142273,0.467121034860611,0.357207626104355,-0.12313661724329,0.27493417263031,-0.137465104460716,0.144080087542534,-0.26555660367012,-0.273534059524536,-0.0549447759985924,-0.457842111587524,0.354069262742996,0.154718726873398,0.549186646938324,-0.100841097533703,0.651561319828033,0.166366502642632,0.0223026871681213,0.159800484776497,0.465244293212891,0.364737153053284,0.480834454298019,0.367360562086105,0.721191763877869,-0.0767237842082977,0.497191458940506,-0.255494117736816,0.19928976893425,0.201883375644684,0.521308124065399,0.428282380104065,-0.00785506796091795,0.504125773906708,0.544467091560364,0.0943056419491768,0.500342845916748,0.560771703720093,0.134560003876686,0.478324502706528,-0.00549949752166867,-0.10665350407362,-0.497995048761368,0.0193608459085226,-0.300050228834152,-0.561095476150513,-0.161200284957886,-0.374190509319305,-0.260090976953506,0.102350674569607,0.170225337147713,-0.670592367649078,-0.359793275594711,-0.456916630268097,-0.290898591279984,-0.5484499335289,-0.452566504478455,-0.258678466081619,-0.0566287338733673,-0.679791688919067,0.0295731611549854,-0.418554455041885,-0.0600223727524281,-0.058344729244709,-0.404457002878189,-0.476521521806717,-0.685212075710297,0.141127422451973,-0.612812519073486,-0.0923520624637604,-0.392820537090302,-0.0399687960743904,-0.0642777904868126,-0.423160314559937,-0.174355655908585,-0.113750174641609,-0.655603289604187,-0.32549312710762,-0.636355698108673,-0.69019478559494,-0.202035874128342,-0.0743806511163712,-0.173238530755043,-0.720549345016479,0.396280199289322,0.194564834237099,-0.35500779747963,0.405431687831879,0.0170626044273376,-0.450431078672409,-0.667442083358765,0.358773052692413,0.328728914260864,-0.0768648684024811,-0.0367339886724949,-0.222364068031311,-0.517088413238525,0.146118104457855,-0.388149917125702,-0.566213130950928,0.590439975261688,-0.427522152662277,-0.416399002075195,0.0511428974568844,0.208051353693008,-0.693348407745361,0.290632486343384,0.48365119099617,-0.0153251821175218,-0.0585591718554497,0.525063157081604,0.276814967393875,0.531258940696716,-0.0392711311578751,-0.116007968783379,-0.0580487921833992,-0.533133685588837,-0.189446642994881,-0.602559030056,-0.349713057279587,-0.579156816005707,-0.147784426808357,-0.283735394477844,0.0621733367443085,-0.580230534076691,-0.30818122625351,-0.191819116473198,-0.698269069194794,-0.237466752529144,-0.054238848388195,0.522416830062866,-0.486443340778351,-0.343328773975372,-0.654020965099335,-0.15357917547226,0.00769994594156742,-0.0145967165008187,0.634583652019501,-0.365976691246033
-0.566368162631989,0.0959782600402832,-0.392342120409012,0.115205869078636,0.226988330483437,0.442622929811478,0.515403985977173,-0.334630310535431,0.446435183286667,0.282759159803391,0.597550749778748,0.454690754413605,0.435565114021301,-0.124100394546986,0.00799822155386209,0.61020815372467,0.843082308769226,-0.0130530558526516,0.417341619729996,0.572167694568634,0.410007417201996,0.171095192432404,0.188737064599991,0.316004753112793,0.00456770975142717,-0.215985685586929,0.832595825195312,0.038297887891531,0.842606723308563,0.551512837409973,-0.395939409732819,-0.368007093667984,0.631894886493683,-0.624627768993378,-0.484636098146439,-0.424486935138702,-0.221294984221458,-0.158796608448029,-0.510901093482971,-0.292743921279907,0.254847466945648,0.146543934941292,-0.160641387104988,-0.197960510849953,0.742607533931732,-0.233424469828606,-0.405879735946655,-0.391092360019684,-0.187666475772858,-0.292139232158661,-0.214732095599174,-0.288376808166504,-0.118187300860882,-0.261995613574982,-0.447368532419205,0.767877638339996,0.797068119049072,0.538843333721161,0.759404718875885,0.143354818224907,0.0260987803339958,0.490309983491898,0.420365929603577,0.625501215457916,0.739681005477905,0.603100955486298,0.531959354877472,0.21623358130455,-0.037074264138937,0.532146453857422,0.0910914912819862,0.701931953430176,0.523460566997528,0.525787889957428,0.257234066724777,-0.281183838844299,0.747350811958313,0.314820200204849,-0.179714500904083,0.450917273759842,0.831588804721832,0.673541843891144,0.503453850746155,0.731396555900574,0.833994746208191,0.813792824745178,0.0483037196099758,0.0433500893414021,0.545660018920898,0.891932606697083,0.479498267173767,0.746195316314697,0.625561654567719,-0.521341800689697,-0.144221931695938,1,0.149633452296257,0.491542369127274,0.11493282020092,0.522466897964478,0.884850382804871,0.536089181900024,0.366838276386261,-0.0246502310037613,0.398769646883011,-0.21699982881546,-0.404746532440186,-0.278499275445938,-0.629838585853577,0.495111912488937,0.601121723651886,0.843155324459076,0.485896706581116,-0.160891339182854,0.593779861927032,0.121162161231041,0.568350672721863,0.324686676263809,0.829730033874512,0.297085493803024,0.822960019111633,0.741956770420074,0.693993806838989,0.759203314781189,0.418920964002609,0.56967294216156,-0.39180850982666,0.832838118076324,-0.0524446293711662,0.580671429634094,-0.0455600246787071,0.737211108207703,0.043751310557127,0.613547086715698,0.249034017324448,0.455490589141846,-0.102042675018311,0.874944865703583,0.374999135732651,0.804290056228638,0.513403296470642,0.685184299945831,0.20591527223587,0.191844835877419,0.332403838634491,-0.329175710678101,0.354838997125626,0.576474666595459,0.445566892623901,-0.545811414718628,0.379386842250824,0.0365871265530586,-0.282746315002441,-0.355731815099716,-0.403159648180008,0.112230539321899,0.107260949909687,-0.521437585353851,-0.0593436099588871,-0.602117657661438,-0.44113165140152,-0.396134704351425,-0.640174388885498,-0.473842054605484,-0.198549345135689,-0.0327723920345306,0.356883317232132,-0.465630799531937,-0.146969988942146,-0.236671939492226,0.0911283195018768,-0.255405366420746,0.0512058511376381,-0.463948726654053,-0.665642380714417,0.598042070865631,-0.365910023450851,0.352011650800705,-0.327495574951172,0.65097588300705,-0.667127847671509,0.0293635725975037,-0.740905404090881,0.0660879909992218,0.0727954357862473,0.332224607467651,-0.115538142621517,0.467563509941101,-0.437070161104202,-0.114584863185883,-0.567630112171173,-0.530712306499481,0.367954850196838,-0.0142718022689223,-0.0858026221394539,-0.325028985738754,0.355144768953323,0.516180396080017,0.186585262417793,0.174946397542953,0.599996030330658,0.389347761869431,0.360141694545746,0.438235521316528,-0.0626274198293686,0.39219132065773,0.481832683086395,0.404961675405502,-0.161993935704231,0.345886558294296,-0.191464275121689,0.346869260072708,-0.30293196439743,0.735622525215149,0.0523391142487526,0.0700991153717041,-0.138300031423569,-0.112270876765251,-0.369245767593384,-0.416307628154755,0.786590337753296,-0.534830689430237,-0.229781791567802,0.277882069349289,-0.514225125312805,-0.408406496047974,-0.729051530361176,-0.68678218126297,-0.273091971874237,-0.582697451114655,-0.344833701848984,-0.475450873374939,-0.492747128009796,-0.672830998897552,-0.572867035865784,-0.390166580677032,-0.463977783918381,-0.588655412197113,-0.506441235542297,-0.377035677433014,-0.656073153018951,-0.111886516213417,-0.0746563896536827,0.396645873785019,-0.292938143014908,-0.282814681529999,0.0841186866164207,-0.536651432514191,-0.261148750782013,-0.437551856040955,-0.260500311851501
0.0230260975658894,0.257496654987335,0.199930593371391,0.600820779800415,0.0271324459463358,0.402785658836365,-0.153941825032234,0.717845380306244,-0.324211686849594,0.469337731599808,-0.0569806694984436,0.0816645175218582,0.425661742687225,0.198218330740929,0.544610559940338,0.021992327645421,0.169791981577873,0.753650963306427,0.581952512264252,-0.186256855726242,0.0490393228828907,0.744637370109558,0.00929069984704256,-0.40848770737648,-0.664188086986542,0.385195285081863,-0.0387914255261421,0.344116181135178,0.120898708701134,0.0814748406410217,0.133676901459694,0.449241250753403,0.170117393136024,0.303316861391068,0.502512812614441,0.257061332464218,0.311318516731262,0.311550170183182,0.0745902135968208,0.171375259757042,0.438961237668991,0.413036704063416,0.449726521968842,0.0659147053956985,0.316416144371033,0.240711480379105,0.404657632112503,0.388482451438904,0.391218096017838,0.34678253531456,0.387632846832275,0.394521236419678,0.35857954621315,0.459230691194534,0.0426424145698547,0.0970718786120415,0.148094728589058,0.11676961183548,0.164998233318329,0.409929484128952,0.189609616994858,0.0394668728113174,-0.413480162620544,-0.133356437087059,0.0279413927346468,0.493926256895065,0.374587267637253,0.477328658103943,0.542074799537659,0.263916432857513,0.542567491531372,0.311245799064636,0.475955754518509,0.395617753267288,0.189950913190842,0.262449204921722,-0.0652872398495674,0.0488667339086533,0.248211875557899,0.0830958113074303,0.396354556083679,-0.436642825603485,0.534887909889221,0.395875751972198,0.320991724729538,0.399343222379684,-0.432432800531387,-0.697366952896118,0.208178371191025,0.118265524506569,0.181965693831444,0.332991361618042,0.336705893278122,0.0921489968895912,-0.0542853213846684,0.149633452296257,1,-0.333970218896866,-0.286215960979462,-0.539887607097626,0.432367920875549,0.131041914224625,-0.393297702074051,0.251658111810684,0.320973843336105,0.295486032962799,0.235022649168968,-0.033576212823391,-0.0438907071948051,0.4842169880867,0.475510478019714,0.0884316861629486,0.362310498952866,0.261438190937042,0.212152734398842,0.660696625709534,0.0853957533836365,0.435236483812332,-0.194284707307816,0.105092264711857,0.0444426685571671,-0.00616473890841007,0.260547548532486,0.0116016324609518,0.603753626346588,0.328266829252243,0.418009012937546,0.6254563331604,0.424527764320374,0.301688849925995,0.620521903038025,0.170502066612244,0.445842653512955,0.183306977152824,0.421368569135666,0.390183597803116,0.35994815826416,0.331076920032501,0.519604980945587,0.454740911722183,0.647518038749695,0.548562049865723,0.272949695587158,0.379132062196732,-0.0250131450593472,0.39679092168808,0.351773709058762,-0.0674804225564003,0.376912146806717,-0.0138725182041526,0.731022477149963,0.141855895519257,-0.305191516876221,-0.589140892028809,0.00180853251367807,-0.307212769985199,-0.784535825252533,-0.408029288053513,-0.732536792755127,-0.546471357345581,-0.433073163032532,-0.51297801733017,-0.47670641541481,-0.194051116704941,-0.691751301288605,-0.569281280040741,-0.69108110666275,3.46964179698261e-06,0.0285889599472284,-0.0947865173220634,-0.451890647411346,0.0503544956445694,-0.276547253131866,-0.608172297477722,-0.167556688189507,-0.133196428418159,-0.269493818283081,-0.195870071649551,0.130408078432083,0.0310201533138752,-0.173650726675987,-0.751517057418823,-0.0476568937301636,-0.227006942033768,-0.323818773031235,-0.650130927562714,-0.534235119819641,-0.550210058689117,-0.28091287612915,-0.150829926133156,-0.297497928142548,-0.233289435505867,-0.407847613096237,-0.800383329391479,-0.677048683166504,0.282470762729645,0.248746186494827,0.0130709493532777,-0.679803013801575,0.524485170841217,0.611655712127686,0.5433309674263,-0.393063455820084,0.686804234981537,-0.319004982709885,0.898914873600006,-0.679887056350708,-0.714987516403198,-0.551975846290588,-0.376957416534424,0.476272761821747,-0.515892148017883,0.258463740348816,-0.0814416855573654,0.441880345344543,-0.678687870502472,0.399710029363632,0.235835775732994,-0.686686992645264,-0.396015912294388,0.157184302806854,0.0593834109604359,0.390272706747055,0.325408041477203,0.20373110473156,-0.659550547599792,-0.121138699352741,-0.182624295353889,-0.135471686720848,-0.189170852303505,-0.147965297102928,-0.246946007013321,-0.0977067053318024,-0.12159988284111,-0.0596050173044205,-0.131446957588196,-0.091078519821167,-0.116738237440586,0.0213096719235182,-0.0533223040401936,-0.0629724785685539,-0.440992683172226,0.0138995042070746,-0.103493601083755,-0.222612708806992,-0.486464947462082,-0.438732296228409,0.0771379843354225,0.155532121658325,0.00998903717845678,-0.0270019918680191
0.183892428874969,-0.729479014873505,0.228486403822899,-0.686458230018616,0.314926952123642,0.195871815085411,0.710361897945404,-0.600831627845764,0.802861273288727,-0.560801208019257,0.668822526931763,0.161560535430908,-0.47566893696785,-0.576263606548309,-0.477284967899323,0.573369979858398,0.40968906879425,-0.348916918039322,-0.497663676738739,0.824996948242188,0.606981337070465,-0.497927486896515,-0.336153268814087,0.778542459011078,0.431297570466995,0.270699769258499,0.743462920188904,0.310657232999802,0.524238467216492,0.702238142490387,-0.840541362762451,-0.941372573375702,0.151277080178261,-0.870629668235779,-0.870103657245636,-0.920577883720398,-0.847274601459503,-0.816013336181641,-0.876955687999725,-0.851976037025452,-0.591269135475159,-0.703571617603302,-0.100332289934158,-0.63617879152298,0.00701941875740886,-0.819158315658569,-0.933270752429962,-0.938121140003204,-0.873024582862854,-0.887973606586456,-0.880609333515167,-0.264437764883041,-0.773516118526459,-0.847238779067993,-0.807547926902771,0.274627476930618,0.197223290801048,0.271297097206116,0.564988970756531,-0.734593272209167,-0.708633005619049,0.000840630265884101,0.462567746639252,0.178878888487816,0.180749744176865,-0.222351834177971,-0.184915900230408,-0.628626465797424,-0.750913321971893,-0.252760589122772,-0.674222886562347,0.157244667410851,-0.336738854646683,-0.132868021726608,-0.5005042552948,-0.802177965641022,0.435805171728134,0.647417426109314,-0.782225728034973,-0.203665688633919,0.0896765366196632,0.825260162353516,-0.388660788536072,0.102367833256721,0.627353608608246,0.158732578158379,0.387647897005081,0.58910995721817,0.312820196151733,0.305837273597717,0.0581794157624245,-0.0697073265910149,-0.0839214622974396,-0.668470144271851,-0.499452382326126,0.491542369127274,-0.333970218896866,1,0.477491736412048,0.870374500751495,0.310285031795502,-0.0185711216181517,0.831121444702148,-0.491073399782181,0.0475416034460068,-0.902449131011963,-0.900414228439331,-0.41050797700882,-0.853012979030609,-0.373866647481918,-0.201809048652649,0.669915556907654,-0.300376117229462,-0.781511783599854,-0.0590464361011982,-0.653817176818848,0.0944890379905701,-0.604736745357513,0.459722250699997,-0.324877858161926,0.350134879350662,0.304139733314514,0.0858369991183281,0.631361246109009,-0.380683749914169,-0.195163056254387,-0.927262723445892,0.125384092330933,-0.798025369644165,-0.20717479288578,-0.728659570217133,-0.0104236425831914,-0.602010071277618,0.200307041406631,-0.572436630725861,-0.411534488201141,-0.70456063747406,0.35311421751976,-0.550371944904327,0.16417583823204,-0.10946823656559,-0.00634358823299408,-0.467743426561356,-0.31005933880806,0.104850560426712,-0.906295359134674,-0.475192368030548,0.438332468271255,-0.42258083820343,-0.802096366882324,-0.215550497174263,-0.713814914226532,0.348561823368073,0.498279422521591,0.374327093362808,0.579104006290436,0.558585464954376,0.379184693098068,0.276722699403763,0.226692870259285,0.465761095285416,-0.105236999690533,-0.331991761922836,0.293759971857071,0.575760185718536,0.750123977661133,0.63748687505722,0.296111285686493,0.549806118011475,0.480786770582199,0.757821679115295,0.474736034870148,0.661636471748352,0.294051796197891,-0.0870964750647545,0.53607589006424,0.504894554615021,0.720865428447723,0.353757739067078,0.59125155210495,0.11912713944912,0.5345259308815,-0.0690755173563957,0.709245085716248,0.755726516246796,0.839931428432465,0.66962468624115,0.372539073228836,0.456554353237152,0.647302269935608,0.16385406255722,0.167059332132339,0.729333102703094,0.451038181781769,0.656752049922943,0.25781586766243,-0.496725708246231,-0.167459607124329,0.594667017459869,-0.528719484806061,0.0224533751606941,0.186168685555458,0.723509073257446,-0.413517773151398,-0.0956635177135468,-0.347670614719391,0.512022316455841,0.767999589443207,0.380167037248611,0.589057505130768,-0.268745362758636,0.572184503078461,-0.575077712535858,0.4942986369133,0.12655134499073,0.54900199174881,-0.133843511343002,0.116947427392006,-0.0960050672292709,0.00592039013281465,0.198989376425743,0.113803707063198,-0.62153548002243,-0.413021326065063,-0.80031406879425,0.308256864547729,-0.148008108139038,-0.213131591677666,0.269314169883728,-0.0620393827557564,0.476788431406021,0.259589672088623,0.200437799096107,-0.239530131220818,-0.101910784840584,-0.178386658430099,0.0440641790628433,-0.105814047157764,-0.0391939021646976,0.395502835512161,-0.142095655202866,0.178782418370247,-0.148748531937599,0.501885771751404,0.607500374317169,0.239089712500572,0.41111558675766,-0.344157159328461,-0.236577421426773,-0.600228250026703,0.514677584171295
0.279105365276337,-0.203319951891899,0.120566740632057,-0.325513899326324,-0.0715252831578255,-0.212738454341888,0.187789395451546,-0.344273447990417,0.308016687631607,-0.206084743142128,0.121011838316917,0.035033468157053,-0.359674096107483,-0.787825882434845,0.145801112055779,0.142404139041901,0.116608716547489,0.0717746764421463,-0.248029664158821,0.219450190663338,0.385649859905243,-0.50893235206604,-0.205583855509758,0.282987743616104,0.466537564992905,0.024288535118103,0.482990711927414,0.107364192605019,0.258558511734009,0.456022411584854,-0.519406318664551,-0.52739691734314,-0.248913779854774,-0.672127783298492,-0.746979951858521,-0.570700466632843,-0.496934503316879,-0.611023664474487,-0.458782702684402,-0.398926585912704,-0.292831182479858,-0.551831901073456,-0.394541382789612,-0.810107827186584,0.249615579843521,-0.50470632314682,-0.611232399940491,-0.533644199371338,-0.490692228078842,-0.460925459861755,-0.360551118850708,-0.24225053191185,-0.541425824165344,-0.530106127262115,-0.576149523258209,-0.271318733692169,-0.185161903500557,-0.146602436900139,0.303643792867661,-0.66201251745224,-0.654586493968964,0.0364963263273239,0.155301749706268,-0.426551789045334,0.0588186830282211,-0.204018712043762,0.0112031158059835,-0.443675696849823,-0.238021448254585,-0.136935442686081,-0.448748171329498,0.013125367462635,-0.151263386011124,-0.308779209852219,-0.419203281402588,-0.582252264022827,0.365254163742065,0.192528679966927,-0.436284095048904,0.0980266556143761,0.201489731669426,0.433919221162796,-0.292345881462097,0.0600305534899235,0.319473505020142,0.196788415312767,0.167400524020195,0.447007954120636,-0.26667320728302,0.156692460179329,0.0444816425442696,-0.205161288380623,-0.333999961614609,0.0802010968327522,0.280290722846985,0.11493282020092,-0.286215960979462,0.477491736412048,1,0.499780356884003,0.0100882342085242,-0.0513589009642601,0.816469967365265,0.163451567292213,0.0707373768091202,-0.257365942001343,-0.514961004257202,0.391775131225586,-0.556593358516693,-0.262705653905869,-0.17867349088192,0.227469772100449,-0.312593847513199,-0.42570960521698,0.109635382890701,-0.614536643028259,0.131754890084267,-0.445621848106384,0.0406991541385651,-0.12401207536459,0.150201052427292,-0.0635349527001381,-0.0563110746443272,0.336824923753738,-0.333395630121231,-0.153331607580185,-0.568043351173401,-0.0487762503325939,-0.482090681791306,-0.463834285736084,-0.715253233909607,-0.14030884206295,-0.605132400989532,0.121471293270588,-0.338240414857864,-0.40276101231575,-0.34522932767868,-0.0556144677102566,-0.308882713317871,-0.0897487550973892,-0.182410717010498,-0.11255206912756,-0.299128592014313,-0.306323260068893,-0.0055446126498282,-0.627554059028625,-0.191331580281258,0.748838901519775,-0.145858630537987,-0.53746771812439,-0.247105538845062,-0.558374404907227,0.309135019779205,0.58549976348877,0.313416808843613,0.568347871303558,0.14359638094902,0.147169783711433,0.00233154953457415,0.136300086975098,0.518896579742432,0.044655479490757,-0.189749822020531,0.0343828648328781,0.37703400850296,0.545946598052979,0.212964564561844,0.21745565533638,0.600629568099976,0.409920811653137,0.76340925693512,0.272796005010605,0.738413214683533,0.15739244222641,0.0287229847162962,0.482701331377029,0.442517638206482,0.558620631694794,0.179286986589432,0.55379843711853,-0.166253387928009,0.364229053258896,-0.209108576178551,0.818836688995361,0.792751729488373,0.353670448064804,0.782061636447906,0.228353187441826,0.192170351743698,0.661028742790222,-0.117408029735088,-0.114489123225212,0.756064593791962,0.00303071527741849,0.691482841968536,0.0365780368447304,-0.225335717201233,-0.127327427268028,0.270250022411346,-0.43428036570549,-0.2369614392519,-0.398932844400406,0.0722725838422775,-0.267381072044373,0.52083158493042,-0.473779946565628,0.38265186548233,0.551095008850098,-0.149923905730247,0.878719329833984,-0.322814047336578,0.0654372945427895,-0.156949669122696,0.238187581300735,0.0902455151081085,0.77896785736084,0.324027925729752,-0.170314744114876,0.0990086942911148,0.522520840167999,0.0378500856459141,0.120198555290699,-0.374171823263168,0.0153706222772598,-0.404327034950256,0.617573380470276,-0.173469662666321,-0.260906279087067,-0.121333278715611,-0.31320908665657,0.207473576068878,0.0431673042476177,-0.0257830433547497,-0.35308426618576,-0.218429625034332,-0.13928097486496,-0.439578920602798,-0.317460268735886,-0.285987019538879,0.0833624750375748,-0.318356931209564,-0.211396411061287,0.0768092423677444,0.140256494283676,0.386092782020569,-0.438345789909363,0.559560775756836,-0.608655095100403,-0.410242736339569,-0.143760219216347,0.460578382015228
0.053498137742281,-0.591489732265472,0.048997551202774,-0.648417949676514,0.464180499315262,0.215094730257988,0.810155093669891,-0.673087418079376,0.869724273681641,-0.55854469537735,0.735405504703522,0.367764264345169,-0.427087187767029,-0.541382074356079,-0.400586158037186,0.667675495147705,0.487071573734283,-0.555744409561157,-0.503800690174103,0.87820428609848,0.636916816234589,-0.571625292301178,-0.302576541900635,0.889117240905762,0.545318961143494,0.0903994739055634,0.747596621513367,0.280371934175491,0.4060318171978,0.650840640068054,-0.837018311023712,-0.840044915676117,0.218167886137962,-0.848035097122192,-0.839485466480255,-0.879338443279266,-0.847756803035736,-0.819593071937561,-0.831165432929993,-0.710567533969879,-0.558900773525238,-0.677698016166687,-0.156464740633965,-0.6302809715271,0.0700248405337334,-0.82597142457962,-0.930040955543518,-0.93885862827301,-0.855533361434937,-0.839198231697083,-0.813915193080902,-0.582097351551056,-0.804392516613007,-0.916301429271698,-0.794151484966278,0.461418330669403,0.356733828783035,0.442300885915756,0.573172688484192,-0.542202293872833,-0.652031421661377,0.188802182674408,0.764623939990997,0.343179792165756,0.461096853017807,-0.243394866585732,-0.120259769260883,-0.664025366306305,-0.718909621238708,-0.205725654959679,-0.740177810192108,0.303336560726166,-0.309624880552292,-0.282739967107773,-0.508018732070923,-0.848787367343903,0.581679403781891,0.665540099143982,-0.650419354438782,-0.121504493057728,0.103344455361366,0.958495318889618,-0.414185911417007,0.0940258130431175,0.478334575891495,0.252593666315079,0.688937306404114,0.63546347618103,0.429496347904205,0.402687191963196,-0.0353844314813614,-0.010801455937326,0.0559813641011715,-0.724803686141968,-0.406303644180298,0.522466897964478,-0.539887607097626,0.870374500751495,0.499780356884003,1,0.237114802002907,-0.0179343651980162,0.860537350177765,-0.337520658969879,0.0989129394292831,-0.708008587360382,-0.866693615913391,-0.416231602430344,-0.773402988910675,-0.345454514026642,-0.212914004921913,0.722331166267395,-0.251644641160965,-0.739630877971649,-0.103911831974983,-0.699502050876617,0.331614345312119,-0.456392884254456,0.520016193389893,-0.208708181977272,0.51086151599884,0.491776168346405,0.107436805963516,0.732268393039703,-0.442733913660049,-0.150764837861061,-0.919661581516266,0.0644502192735672,-0.789816617965698,-0.232914671301842,-0.737730979919434,0.0792323723435402,-0.727191686630249,0.0067391786724329,-0.580193936824799,-0.397622346878052,-0.759680807590485,0.260159641504288,-0.541639864444733,0.254245430231094,-0.327790796756744,-0.0910462513566017,-0.496116667985916,-0.557596147060394,0.103232860565186,-0.908093214035034,-0.481716275215149,0.581978976726532,-0.333612263202667,-0.787068128585815,-0.333920121192932,-0.455119967460632,0.288252949714661,0.530989468097687,0.16575300693512,0.519109010696411,0.773154497146606,0.35760298371315,0.573041498661041,0.321230232715607,0.401576220989227,0.193416237831116,-0.116416864097118,0.288073420524597,0.706036448478699,0.799161732196808,0.84650981426239,0.113404057919979,0.37772411108017,0.262130886316299,0.677443206310272,0.305914670228958,0.490184724330902,0.459391057491302,-0.193376630544662,0.732446670532227,0.414142102003098,0.845127403736115,0.185191780328751,0.406773149967194,0.0186795983463526,0.744707822799683,-0.173899903893471,0.510584771633148,0.610942959785461,0.930534482002258,0.655283510684967,0.713249087333679,0.37604758143425,0.469107955694199,0.180122569203377,0.192276149988174,0.748120665550232,0.48061528801918,0.764221012592316,0.0600661151111126,-0.16583876311779,0.196610555052757,0.787658214569092,-0.542656421661377,-0.0109311826527119,0.00454519642516971,0.843276262283325,-0.425910711288452,0.315612375736237,-0.409485071897507,0.843790471553802,0.946455478668213,0.263609915971756,0.655007898807526,-0.194564998149872,0.839183032512665,-0.5481818318367,0.73148250579834,0.196297496557236,0.639749646186829,-0.0668840333819389,0.200897827744484,-0.0568345412611961,-0.0952878445386887,0.446111470460892,-0.298631280660629,-0.773788392543793,-0.178409904241562,-0.704516172409058,0.501511812210083,-0.433073222637177,-0.46280312538147,-0.00974512565881014,-0.344642490148544,0.212632492184639,-0.0504363365471363,-0.0338325873017311,-0.48231303691864,-0.36748930811882,-0.394331246614456,-0.197325974702835,-0.343506127595901,-0.415108561515808,0.149679481983185,-0.430023521184921,0.11980626732111,-0.428848177194595,0.450807601213455,0.360356211662292,0.209837570786476,0.688220083713531,-0.637231826782227,-0.486489742994308,-0.732060372829437,0.180341377854347
-0.380199491977692,0.162594377994537,-0.142879351973534,0.303110629320145,0.0104180639609694,0.527345657348633,0.393643587827682,0.0123714497312903,0.287569254636765,0.417331725358963,0.486706733703613,0.471322000026703,0.558223128318787,0.0723702311515808,0.170377254486084,0.530644774436951,0.750399053096771,0.254389345645905,0.515300452709198,0.40470415353775,0.357355564832687,0.275944828987122,0.109243966639042,0.120341755449772,-0.0583183169364929,-0.0205998066812754,0.714704632759094,0.15444178879261,0.857099831104279,0.570853590965271,-0.186330020427704,-0.272664785385132,0.601755499839783,-0.341113090515137,-0.240862295031548,-0.301306992769241,-0.096279963850975,-0.0351006835699081,-0.3499516248703,-0.313062071800232,0.341082155704498,0.275304555892944,0.0749221593141556,-0.0308436397463083,0.676883935928345,-0.120745494961739,-0.197247460484505,-0.190122842788696,-0.0418785624206066,-0.227549985051155,-0.0746311321854591,-0.119539231061935,-0.00722022354602814,-0.0039350688457489,-0.326224714517593,0.678412079811096,0.685874342918396,0.539811134338379,0.721200346946716,0.294565171003342,0.108932055532932,0.283331990242004,0.27021923661232,0.489307016134262,0.586310684680939,0.60532557964325,0.496286630630493,0.337988764047623,0.0786363184452057,0.52297580242157,0.193745836615562,0.655329167842865,0.563049852848053,0.563653111457825,0.357951074838638,-0.108989425003529,0.584070146083832,0.301444679498672,-0.25225704908371,0.301451623439789,0.845514357089996,0.386578470468521,0.535999119281769,0.739888548851013,0.893464922904968,0.832349359989166,-0.182294920086861,-0.107645213603973,0.539684593677521,0.763467848300934,0.541758894920349,0.70165079832077,0.577699482440948,-0.367528080940247,-0.184628680348396,0.884850382804871,0.432367920875549,0.310285031795502,0.0100882342085242,0.237114802002907,1,0.464127331972122,0.202132314443588,-0.0974670946598053,0.621927201747894,-0.0995270684361458,-0.310362279415131,-0.236410826444626,-0.466268002986908,0.538582563400269,0.662222743034363,0.76005619764328,0.410532295703888,-0.126378655433655,0.54657906293869,0.289241194725037,0.407972186803818,0.401105493307114,0.616280794143677,0.490193247795105,0.743395388126373,0.47989422082901,0.634573757648468,0.59920346736908,0.629944980144501,0.587591886520386,-0.213048860430717,0.921285271644592,0.0572362802922726,0.55723625421524,0.182274177670479,0.594860374927521,0.155872419476509,0.521337032318115,0.340265035629272,0.452503770589828,0.062460333108902,0.737633466720581,0.525378167629242,0.734266459941864,0.765090584754944,0.606797754764557,0.163407400250435,0.28573751449585,0.123817540705204,-0.181912466883659,0.497905433177948,0.554978787899017,0.411468684673309,-0.467183917760849,0.359877556562424,-0.0275613069534302,-0.348319202661514,-0.518504083156586,-0.202294930815697,0.0777264386415482,-0.285236984491348,-0.569946587085724,-0.445537149906158,-0.714899897575378,-0.442593395709991,-0.744288980960846,-0.891752123832703,-0.467652529478073,-0.434997856616974,-0.191436931490898,-0.0678269863128662,-0.252567946910858,-0.068124882876873,-0.0981448441743851,-0.0268875546753407,-0.112810797989368,0.036698155105114,-0.655303239822388,-0.435543477535248,0.25201416015625,-0.346333026885986,0.145313426852226,-0.147749349474907,0.681065320968628,-0.614797532558441,-0.374471664428711,-0.75781387090683,0.0594359077513218,-0.0142467590048909,-0.0269258730113506,-0.310964345932007,0.0837368592619896,-0.455239146947861,-0.0416662953794003,-0.6230348944664,-0.543529748916626,0.335935294628143,-0.25735467672348,-0.301805347204208,-0.140985608100891,0.226480349898338,0.411757588386536,0.029807336628437,0.373579442501068,0.547337353229523,0.579732835292816,0.140545472502708,0.634145438671112,-0.224868103861809,0.580827474594116,0.145097881555557,0.142002046108246,-0.126289576292038,0.282125890254974,-0.199385747313499,0.0770717337727547,-0.157496884465218,0.582391023635864,0.0811544358730316,-0.0114460848271847,-0.101428158581257,-0.155957847833633,-0.328356504440308,-0.293004512786865,0.572084963321686,-0.303705990314484,0.0534818433225155,0.227496683597565,-0.564012348651886,-0.592376291751862,-0.513494312763214,-0.493063509464264,-0.161748722195625,-0.495879113674164,-0.265976816415787,-0.351099401712418,-0.308954119682312,-0.479502409696579,-0.339690953493118,-0.295931339263916,-0.315182387828827,-0.463003665208817,-0.24631541967392,-0.214310601353645,-0.486198008060455,-0.431878209114075,0.0412448570132256,0.257362961769104,-0.307092636823654,-0.290529161691666,-0.0395653322339058,-0.385550945997238,-0.238859221339226,-0.246080666780472,-0.143412962555885
-0.689221262931824,0.554241597652435,-0.642599701881409,0.0703633576631546,0.164325967431068,0.414091914892197,0.0802814513444901,0.0742803737521172,0.105067327618599,0.735221028327942,0.282593846321106,0.469552546739578,0.769067227840424,0.386040061712265,0.478456199169159,0.3515744805336,0.718038260936737,0.447662532329559,0.544522523880005,0.0139567069709301,0.229040876030922,0.602576792240143,0.895080864429474,-0.112248875200748,0.171321883797646,-0.505618035793304,0.476134985685349,-0.188470855355263,0.679856777191162,0.249713957309723,0.124234512448311,0.119373857975006,0.801687777042389,-0.144333466887474,-0.0664931014180183,0.260454773902893,0.384872198104858,0.394834041595459,-0.0428439490497112,0.119779661297798,0.771570205688477,0.593981623649597,-0.0371552817523479,0.113375850021839,0.767178058624268,0.390808969736099,0.0118608335033059,0.137454524636269,0.255645900964737,0.248518645763397,0.0908012837171555,-0.375782340764999,0.247611805796623,0.124842256307602,-0.0035383568610996,0.4366335272789,0.721412658691406,0.345742225646973,0.565574169158936,0.288515210151672,0.415518432855606,0.853467404842377,0.0707590356469154,0.613387525081635,0.621181190013885,0.872877061367035,0.915856063365936,0.581817448139191,0.111552029848099,0.942266941070557,0.559045791625977,0.681610822677612,0.863593757152557,0.875703752040863,0.651437163352966,0.117041379213333,0.71952760219574,-0.228188619017601,0.353193044662476,0.855859041213989,0.692842304706573,0.256630539894104,0.689384639263153,0.889141380786896,0.397424280643463,0.656472563743591,-0.216939821839333,-0.537388861179352,0.238326892256737,0.814822912216187,0.931252956390381,0.893848180770874,0.779167056083679,-0.0957350060343742,0.126797929406166,0.536089181900024,0.131041914224625,-0.0185711216181517,-0.0513589009642601,-0.0179343651980162,0.464127331972122,1,0.0101091722026467,0.578935027122498,-0.307387739419937,0.0638705939054489,0.133037313818932,-0.092360757291317,-0.105387888848782,0.864192008972168,0.904003739356995,0.345264941453934,0.885167598724365,0.167384564876556,0.880290150642395,0.141197040677071,0.724096238613129,0.703701019287109,0.784889400005341,0.634957611560822,0.678214073181152,0.67895096540451,0.953593313694,0.46139332652092,0.185093879699707,0.948412716388702,0.00423165922984481,0.621829509735107,0.305136829614639,0.815706849098206,0.446957439184189,0.909007608890533,0.301430851221085,0.711205363273621,0.766979515552521,0.798906564712524,0.0880667418241501,0.695094585418701,0.614715993404388,0.633934080600739,0.268990457057953,0.691790521144867,0.780243158340454,0.625294804573059,0.879319190979004,0.195664674043655,0.690144002437592,0.125200301408768,0.812080919742584,-0.0388704501092434,0.544556856155396,0.140583530068398,-0.875716984272003,-0.692977964878082,-0.626543402671814,-0.620733261108398,-0.207285046577454,-0.687539875507355,-0.306117713451385,-0.720734119415283,-0.74011492729187,-0.253096699714661,-0.305898785591125,-0.677557706832886,-0.599269807338715,-0.503596842288971,0.0976777225732803,-0.612980544567108,-0.280964702367783,-0.750572621822357,-0.447009444236755,-0.528276264667511,-0.462403565645218,-0.580415606498718,-0.847304403781891,0.148386210203171,-0.772741973400116,-0.159556418657303,-0.511045575141907,0.196639195084572,-0.568236708641052,-0.3284050822258,-0.450526565313339,-0.311293601989746,-0.408554524183273,-0.0754352957010269,-0.175058603286743,0.400916516780853,-0.569244265556335,-0.520879864692688,-0.43277582526207,-0.472191482782364,0.0120880426838994,-0.312761634588242,-0.479276716709137,-0.37407249212265,0.400809496641159,0.0303113907575607,-0.439563691616058,-0.0743082314729691,0.10822893679142,-0.283178448677063,-0.328190207481384,0.199688509106636,-0.275234639644623,0.234059572219849,0.0189960710704327,-0.105325743556023,-0.032514676451683,-0.0986449867486954,-0.00654139649122953,-0.180843025445938,-0.521084845066071,0.347533613443375,-0.46013742685318,-0.133722871541977,-0.568369388580322,-0.251723825931549,-0.0423151515424252,-0.319119840860367,0.257865160703659,-0.360063314437866,-0.152470752596855,0.684257447719574,-0.0428676716983318,-0.506596863269806,-0.233621284365654,-0.118909232318401,0.176384478807449,0.00291616935282946,-0.168210953474045,-0.0872233882546425,-0.165402561426163,-0.0627081096172333,0.00484168156981468,0.432266861200333,-0.062280248850584,0.0663320869207382,-0.214937075972557,-0.316787242889404,-0.067242719233036,0.284685671329498,0.425872713327408,0.675177156925201,-0.669194459915161,-0.304741054773331,-0.516345381736755,-0.108640789985657,0.504392385482788,0.212671548128128,-0.164294227957726
0.30146712064743,-0.54993724822998,0.243387266993523,-0.662891626358032,0.316237837076187,0.189786329865456,0.691745042800903,-0.444848507642746,0.79328852891922,-0.455711156129837,0.629705011844635,0.36438575387001,-0.445356220006943,-0.664716362953186,-0.0859633088111877,0.605040907859802,0.435381263494492,-0.172225892543793,-0.502638697624207,0.721194267272949,0.740042150020599,-0.554181635379791,-0.29387491941452,0.759229421615601,0.662998139858246,0.227476567029953,0.775447368621826,0.398472845554352,0.460448414087296,0.788114011287689,-0.832016944885254,-0.852854073047638,0.110845737159252,-0.838166356086731,-0.873340666294098,-0.876493513584137,-0.834730446338654,-0.874056339263916,-0.836404323577881,-0.788525998592377,-0.505508422851562,-0.736043632030487,-0.105781257152557,-0.841964244842529,0.139479503035545,-0.826961278915405,-0.946496248245239,-0.902340829372406,-0.860961258411407,-0.843654692173004,-0.798188507556915,-0.538738667964935,-0.870971262454987,-0.879387736320496,-0.88083416223526,0.173690050840378,0.161988914012909,0.30781888961792,0.629296839237213,-0.720741450786591,-0.818985342979431,0.153493329882622,0.581588983535767,0.0122030731290579,0.323139846324921,-0.248734563589096,-0.0361910909414291,-0.686206579208374,-0.678984701633453,-0.191248804330826,-0.726001977920532,0.273564696311951,-0.262245297431946,-0.299049615859985,-0.570862472057343,-0.901025235652924,0.597889304161072,0.625847458839417,-0.731950581073761,-0.0892476886510849,0.159334525465965,0.820206165313721,-0.456966251134872,0.167557910084724,0.556394100189209,0.306412696838379,0.524632632732391,0.528712511062622,0.231823429465294,0.344477623701096,0.112958684563637,-0.103858172893524,-0.0858622863888741,-0.486875504255295,-0.261687815189362,0.366838276386261,-0.393297702074051,0.831121444702148,0.816469967365265,0.860537350177765,0.202132314443588,0.0101091722026467,1,-0.138468697667122,0.0769910514354706,-0.685432612895966,-0.891537129878998,-0.181494072079659,-0.816758394241333,-0.336285769939423,-0.17590793967247,0.63459175825119,-0.326695680618286,-0.814311146736145,-0.0280926246196032,-0.818839371204376,0.312231630086899,-0.520551145076752,0.34192281961441,-0.129923343658447,0.448028534650803,0.270138621330261,0.102119505405426,0.697329163551331,-0.50400573015213,-0.128315269947052,-0.934224605560303,0.0709773004055023,-0.8304722905159,-0.402768582105637,-0.75878518819809,-0.0482313297688961,-0.834191381931305,0.0359474793076515,-0.54410719871521,-0.490582942962646,-0.755346119403839,0.130009993910789,-0.527756333351135,0.151407286524773,-0.287789553403854,-0.138527512550354,-0.503361225128174,-0.504369080066681,0.110169135034084,-0.939934849739075,-0.419502407312393,0.743471264839172,-0.326890558004379,-0.860524773597717,-0.324990093708038,-0.73078066110611,0.247583001852036,0.591357111930847,0.405172973871231,0.546399831771851,0.460949897766113,0.359965562820435,0.224494159221649,0.272414952516556,0.550403952598572,0.024269076064229,-0.279205471277237,0.28371450304985,0.594066917896271,0.797024309635162,0.561005771160126,0.334594666957855,0.699433267116547,0.420278757810593,0.787465870380402,0.488143354654312,0.673932552337646,0.362435281276703,-0.0897327214479446,0.624839961528778,0.537582278251648,0.842107653617859,0.378574252128601,0.536834478378296,0.0357829481363297,0.526420414447784,-0.140366405248642,0.776738107204437,0.788013339042664,0.725262701511383,0.852099120616913,0.493156760931015,0.440524101257324,0.720210611820221,0.146215736865997,0.167520642280579,0.91160637140274,0.186921805143356,0.798235535621643,0.247619152069092,-0.340572953224182,-0.0929422751069069,0.573080956935883,-0.657896280288696,-0.202749192714691,-0.172656014561653,0.543222725391388,-0.456967264413834,0.349726527929306,-0.467843443155289,0.600655376911163,0.819425225257874,0.187379658222198,0.835517048835754,-0.2107253074646,0.517980515956879,-0.56269109249115,0.607245266437531,0.20224903523922,0.796264886856079,0.0624327212572098,0.128256574273109,-0.00964287854731083,0.186251953244209,0.194706425070763,-0.0175766237080097,-0.731261491775513,-0.0972798466682434,-0.7520791888237,0.599682986736298,-0.243645489215851,-0.323820024728775,0.121579065918922,-0.272825658321381,0.423841953277588,0.14475205540657,0.163948029279709,-0.366170585155487,-0.172951370477676,-0.203262433409691,-0.188399478793144,-0.230909109115601,-0.291057795286179,0.329746633768082,-0.298154592514038,-0.072934053838253,-0.210558146238327,0.490726202726364,0.465070486068726,-0.0365281030535698,0.66047990322113,-0.676756262779236,-0.4228855073452,-0.53801017999649,0.518585026264191
-0.351509541273117,0.67472517490387,-0.475176334381104,0.286374539136887,0.174458876252174,0.102118521928787,-0.276124686002731,0.368950098752975,-0.288173675537109,0.647507905960083,-0.157985180616379,0.234513789415359,0.498265266418457,0.118951953947544,0.827740669250488,-0.0332190059125423,0.245464816689491,0.607264578342438,0.493806093931198,-0.3852159678936,0.0488385520875454,0.605292797088623,0.660113871097565,-0.377526164054871,-0.0870267897844315,-0.359922051429749,-0.0106760235503316,-0.0978012010455132,0.000414093112340197,-0.103053726255894,0.210972398519516,0.591615438461304,0.260627299547195,0.130070894956589,0.246282830834389,0.510428786277771,0.512363135814667,0.419335186481476,0.222382202744484,0.531834244728088,0.699187517166138,0.474453032016754,-0.0514831282198429,-0.115276470780373,0.586836636066437,0.471721112728119,0.295779913663864,0.414125710725784,0.453723698854446,0.588994860649109,0.445691496133804,-0.249885037541389,0.334020495414734,0.259977787733078,0.132619261741638,-0.0537718087434769,0.24341307580471,-0.0107096815481782,0.127706930041313,0.286711484193802,0.272647500038147,0.711503088474274,-0.191329658031464,-0.0150204012170434,0.359424382448196,0.593014061450958,0.767654001712799,0.467551916837692,0.486090898513794,0.626750767230988,0.572464942932129,0.416834264993668,0.674968242645264,0.38183057308197,0.316535770893097,0.187188491225243,0.36466246843338,-0.38803818821907,0.695618033409119,0.736765384674072,0.383903026580811,-0.16375969350338,0.515228271484375,0.503414750099182,-0.133463963866234,0.392040282487869,-0.110910221934319,-0.677660584449768,-0.132922396063805,0.351383298635483,0.436502784490585,0.468927174806595,0.448232442140579,0.343950122594833,0.519773423671722,-0.0246502310037613,0.251658111810684,-0.491073399782181,0.163451567292213,-0.337520658969879,-0.0974670946598053,0.578935027122498,-0.138468697667122,1,-0.386386156082153,0.523641109466553,0.432542443275452,0.336302429437637,0.127381175756454,0.650537431240082,0.564463198184967,-0.133702650666237,0.664222955703735,0.407441258430481,0.551359951496124,0.189580842852592,0.609778881072998,0.618535459041595,0.107734993100166,0.312266826629639,0.218800485134125,0.321664333343506,0.510710895061493,0.113353863358498,0.0260197054594755,0.601767778396606,0.340157747268677,0.23485167324543,0.446054637432098,0.324266761541367,0.425327062606812,0.499217927455902,0.199181035161018,0.270881831645966,0.629777789115906,0.537266433238983,0.219017818570137,0.183302193880081,0.476310729980469,0.353039056062698,-0.0771936029195786,0.461763799190521,0.660905122756958,0.312183260917664,0.606351971626282,0.420926988124847,0.46454706788063,0.0733093544840813,0.747995555400848,0.180264741182327,0.565236210823059,0.338942050933838,-0.628389954566956,-0.403228968381882,-0.512091517448425,-0.629297912120819,-0.340742200613022,-0.503251194953918,-0.226498782634735,-0.403551012277603,-0.516899943351746,0.247299060225487,0.18126317858696,-0.449581503868103,-0.485964685678482,-0.516517281532288,-0.154633343219757,-0.486799299716949,-0.158389493823051,-0.695512413978577,-0.479540824890137,-0.461151480674744,-0.486907988786697,-0.311096489429474,-0.606183171272278,0.201762959361076,-0.55937933921814,-0.121381215751171,-0.398243725299835,-0.243651613593102,-0.394558250904083,-0.243204370141029,-0.0875864923000336,-0.349014759063721,-0.409426212310791,-0.367940217256546,-0.0700496807694435,0.235400304198265,-0.443453252315521,-0.471788376569748,-0.249864369630814,-0.289519637823105,-0.272810608148575,-0.650023460388184,-0.352780669927597,-0.260363221168518,0.628074407577515,0.0554646402597427,-0.663435161113739,-0.0476721003651619,0.0562187358736992,-0.603934943675995,-0.611747264862061,0.168098255991936,0.30706661939621,0.214586511254311,-0.156922072172165,-0.387056946754456,-0.592060387134552,-0.162332236766815,0.393039852380753,-0.396303504705429,-0.0677142068743706,0.0524173378944397,-0.0547056123614311,-0.240206569433212,0.125769764184952,0.00520979659631848,-0.216248750686646,-0.189645007252693,0.1671482026577,-0.3747378885746,-0.0761571377515793,0.894194364547729,0.535078644752502,-0.0893612876534462,-0.263552367687225,-0.223716914653778,-0.222497627139091,-0.190147444605827,-0.309844225645065,-0.327950775623322,-0.299750149250031,-0.181742593646049,-0.1714978069067,0.21566441655159,-0.363139450550079,-0.0874891728162766,-0.463847517967224,-0.440423011779785,-0.174951285123825,0.0769125148653984,0.168808236718178,0.225874304771423,-0.617968857288361,-0.688968479633331,-0.284720331430435,-0.247224405407906,0.316133350133896,0.261156380176544,-0.239868998527527
0.0777191966772079,0.0127313863486052,0.246286794543266,0.480211138725281,-0.288515537977219,0.112536139786243,0.166686952114105,0.0560664162039757,0.0168554466217756,0.0381010361015797,0.0928817540407181,0.151385337114334,0.133784115314484,-0.121792681515217,-0.0176802203059196,0.131003156304359,0.126871854066849,-0.0450082570314407,0.252501338720322,0.179423183202744,0.0352158956229687,-0.185203552246094,-0.512545526027679,0.019855473190546,-0.175173476338387,0.198882102966309,0.226112425327301,0.17300546169281,0.250791072845459,0.239197045564651,-0.0447430796921253,-0.164847820997238,-0.0700853168964386,-0.0422083027660847,-0.0430098623037338,-0.305566132068634,-0.196256279945374,-0.165115714073181,-0.0657026991248131,-0.18605300784111,-0.0841537788510323,-0.00251739588566124,0.0325402095913887,0.018230764195323,0.171420112252235,-0.234608620405197,0.00604624021798372,-0.0731199234724045,-0.0167459566146135,-0.225239470601082,0.119055308401585,0.122320257127285,-0.0307780634611845,0.107455395162106,-0.129278257489204,0.302410006523132,0.10307951271534,0.24006225168705,0.178990289568901,0.311704903841019,-0.0303214006125927,-0.363290965557098,0.218550235033035,-0.0310732983052731,0.159997373819351,-0.028859069570899,-0.140336111187935,0.0439893305301666,0.212395325303078,-0.10363631695509,-0.118068747222424,0.128230556845665,0.0079183392226696,-0.143928572535515,0.0176350381225348,-0.0150517672300339,0.0049815783277154,0.30083492398262,-0.371472984552383,-0.262221068143845,0.382392764091492,0.0402763411402702,0.0938273891806602,0.0501143001019955,0.458509981632233,0.382437080144882,-0.071437269449234,0.262589424848557,0.258233428001404,0.124096766114235,-0.178897053003311,0.0455824881792068,-0.0119838695973158,-0.0638653710484505,-0.0348642282187939,0.398769646883011,0.320973843336105,0.0475416034460068,0.0707373768091202,0.0989129394292831,0.621927201747894,-0.307387739419937,0.0769910514354706,-0.386386156082153,1,0.182049617171288,-0.210453048348427,0.0543732829391956,-0.153618544340134,-0.0273471921682358,0.0262326449155807,0.368470877408981,-0.235677823424339,-0.0628809556365013,-0.0795482322573662,0.302501678466797,-0.116280518472195,0.0488915927708149,-0.0814298689365387,0.229277461767197,0.229878708720207,-0.128566831350327,-0.125416427850723,0.123156264424324,0.630070328712463,-0.0669491365551949,-0.00848501455038786,0.423679262399673,0.0171439200639725,-0.0612433515489101,-0.045255221426487,-0.0903074219822884,-0.00111972563900054,-0.116201087832451,-0.10235458612442,-0.0794212147593498,0.197733834385872,0.0474469214677811,0.242827251553535,0.198693990707397,0.596855223178864,0.00712527520954609,-0.367926687002182,-0.204782903194427,-0.663997650146484,-0.15423384308815,0.1628537774086,0.561294972896576,-0.0752246528863907,-0.263989955186844,-0.138809651136398,0.0811349675059319,0.244759991765022,-0.0736201927065849,0.155295252799988,0.505772709846497,-0.262048214673996,-0.197993069887161,-0.268253952264786,-0.240342199802399,0.0363875702023506,-0.539675295352936,-0.62784081697464,-0.0933588668704033,-0.0929758623242378,0.0506548695266247,-0.298200100660324,0.107268989086151,-0.0131807466968894,0.364823877811432,0.197658494114876,0.119755238294601,0.289686352014542,-0.296416461467743,0.268343359231949,0.0464028120040894,0.115739732980728,0.125153630971909,0.0892825499176979,0.470436751842499,-0.342142760753632,-0.228441804647446,-0.578785359859467,0.169737696647644,0.152764961123466,-0.189925253391266,-0.320051938295364,-0.237958788871765,-0.215567871928215,0.222238436341286,-0.444957286119461,-0.318668365478516,0.297365218400955,-0.128652364015579,-0.0125402072444558,-0.0369290634989738,0.123041704297066,0.591935038566589,0.341958045959473,0.603972256183624,0.390950888395309,0.678912878036499,0.206920489668846,0.64128714799881,0.218452200293541,0.42478820681572,0.15644308924675,0.159816950559616,-0.234026774764061,0.408017218112946,-0.260485887527466,0.119457453489304,0.449984639883041,0.290485620498657,0.377441853284836,0.138388335704803,0.412003964185715,-0.100960917770863,-0.154544666409492,0.0787497758865356,0.392287492752075,-0.163019672036171,0.338995307683945,-0.130146592855453,-0.404026538133621,-0.185072556138039,-0.403435230255127,-0.4451924264431,-0.504610776901245,-0.651764810085297,-0.375636965036392,-0.464023590087891,-0.336425185203552,-0.491680413484573,-0.423685640096664,-0.678023099899292,-0.445531845092773,-0.64414519071579,-0.200060337781906,-0.174744561314583,-0.558752298355103,-0.867421805858612,-0.270164728164673,-0.462059378623962,-0.0279182270169258,-0.199246764183044,0.431374847888947,-0.395361483097076,-0.769094705581665,-0.238424152135849,-0.23142746090889
-0.388910621404648,0.85514634847641,-0.436026304960251,0.853358447551727,-0.438594430685043,-0.325519472360611,-0.711261928081512,0.356638342142105,-0.814511656761169,0.654221177101135,-0.683052062988281,-0.191715613007545,0.559681713581085,0.337769091129303,0.456165611743927,-0.575666427612305,-0.293264240026474,0.274622827768326,0.688091158866882,-0.780349552631378,-0.640877902507782,0.393213242292404,0.321164011955261,-0.797910690307617,-0.476746767759323,-0.480572193861008,-0.549335062503815,-0.475541889667511,-0.344569325447083,-0.66305273771286,0.766068160533905,0.85781466960907,-0.19048473238945,0.615942418575287,0.62730860710144,0.788218021392822,0.808595538139343,0.765335917472839,0.822765469551086,0.889265298843384,0.648473560810089,0.722449541091919,-0.217259883880615,0.516820073127747,0.275386571884155,0.772839546203613,0.85167133808136,0.86178582906723,0.886956095695496,0.863765716552734,0.955816209316254,0.270841598510742,0.803385317325592,0.815457105636597,0.739586889743805,-0.198560073971748,-0.11195469647646,-0.312802344560623,-0.475166618824005,0.752087414264679,0.718805611133575,0.0459350906312466,-0.413837403059006,-0.180118709802628,-0.0315220877528191,0.338851630687714,0.280104368925095,0.707501590251923,0.896336376667023,0.36043506860733,0.698707759380341,-0.0895192846655846,0.456932008266449,0.176594600081444,0.576621472835541,0.773495733737946,-0.282540112733841,-0.692410409450531,0.770173668861389,0.390960246324539,0.199188858270645,-0.662387073040009,0.550639986991882,0.00506822904571891,-0.449180871248245,0.0451386980712414,-0.441164612770081,-0.410309225320816,-0.372786313295364,-0.0956016182899475,-0.0516045577824116,0.203607365489006,0.0953778922557831,0.717532694339752,0.730583965778351,-0.21699982881546,0.295486032962799,-0.902449131011963,-0.257365942001343,-0.708008587360382,-0.0995270684361458,0.0638705939054489,-0.685432612895966,0.523641109466553,0.182049617171288,1,0.847362399101257,0.616526126861572,0.696758985519409,0.455795049667358,0.28600025177002,-0.525095283985138,0.358321517705917,0.85874742269516,0.259812712669373,0.717422425746918,-0.0203993152827024,0.643281280994415,-0.303528904914856,0.361109346151352,-0.200424537062645,-0.207545816898346,-0.0188136901706457,-0.511494338512421,0.582615256309509,0.266161441802979,0.871761977672577,0.0445868372917175,0.857938945293427,0.286947697401047,0.556969165802002,0.167861625552177,0.630141615867615,0.00424008630216122,0.622208118438721,0.505224883556366,0.817753612995148,-0.17312790453434,0.69264805316925,-0.04451609775424,0.287497460842133,0.178877472877502,0.510549962520599,0.335744887590408,-0.155916467308998,0.818888664245605,0.618796050548553,-0.126075625419617,0.571459054946899,0.706652104854584,0.252912521362305,0.813423991203308,-0.260903626680374,-0.47730165719986,-0.548035144805908,-0.350296705961227,-0.516483187675476,-0.600492775440216,-0.249604240059853,-0.410349458456039,-0.528763711452484,0.0518319383263588,0.183941513299942,-0.540748655796051,-0.587594568729401,-0.735686182975769,-0.549717783927917,-0.518585026264191,-0.654713213443756,-0.479865550994873,-0.582349717617035,-0.662049353122711,-0.486071825027466,-0.454640686511993,-0.0307236611843109,-0.284973949193954,-0.582864582538605,-0.626565217971802,-0.585157155990601,-0.288515865802765,-0.475543826818466,-0.425442636013031,-0.288308292627335,-0.577218770980835,-0.604272723197937,-0.763256311416626,-0.66740095615387,-0.242203041911125,-0.698754012584686,-0.641489088535309,-0.500063598155975,-0.494929820299149,-0.567508161067963,-0.392147839069366,-0.570750951766968,-0.544164478778839,0.677442133426666,0.45338386297226,-0.475708812475204,0.69486278295517,0.176778018474579,-0.145146235823631,-0.674908697605133,0.627458870410919,0.296148091554642,0.382593274116516,-0.257099658250809,-0.570493876934052,-0.595188200473785,-0.301102787256241,0.0431443564593792,-0.517852306365967,0.715015351772308,-0.345423460006714,-0.129721403121948,-0.39561653137207,0.272343099117279,-0.328211218118668,0.0639016404747963,0.0694399774074554,0.0888645946979523,-0.301468193531036,0.666459262371063,0.475411832332611,0.716246247291565,-0.313633263111115,-0.172234565019608,-0.0985885038971901,-0.60139399766922,-0.277950435876846,-0.763068675994873,-0.555779218673706,-0.5567946434021,-0.112171471118927,-0.254186272621155,-0.0809433832764626,-0.44104853272438,-0.282991260290146,-0.230032965540886,-0.70029205083847,-0.230951860547066,-0.316395282745361,0.16651476919651,-0.611509442329407,-0.676216661930084,-0.505087614059448,-0.240622654557228,0.0768714174628258,-0.0374525934457779,0.538337111473083,-0.686747848987579
-0.425160944461823,0.777782678604126,-0.477421939373016,0.691301345825195,-0.466830015182495,-0.420735090970993,-0.874980807304382,0.325597018003464,-0.914486229419708,0.616365849971771,-0.804228365421295,-0.434845119714737,0.509508311748505,0.511467695236206,0.247669145464897,-0.749409377574921,-0.462199360132217,0.254726827144623,0.599623620510101,-0.909964621067047,-0.818924307823181,0.492272406816483,0.498148292303085,-0.902309954166412,-0.536834478378296,-0.51662665605545,-0.753419935703278,-0.63153487443924,-0.434573650360107,-0.86405336856842,0.904846847057343,0.90582811832428,-0.20233915746212,0.732711613178253,0.723346650600433,0.962484002113342,0.956779360771179,0.938068330287933,0.938220977783203,0.946881234645844,0.653234899044037,0.789618849754333,-0.20092000067234,0.726078152656555,0.06440719217062,0.951861619949341,0.953912377357483,0.969073414802551,0.96020233631134,0.973940193653107,0.925486326217651,0.475891321897507,0.939568758010864,0.90716028213501,0.936560332775116,-0.368384748697281,-0.239741608500481,-0.509609580039978,-0.668407738208771,0.640735149383545,0.849474430084229,-0.00900346878916025,-0.670937240123749,-0.152767136693001,-0.30369159579277,0.330162405967712,0.196529507637024,0.768467485904694,0.804281651973724,0.346278756856918,0.814802169799805,-0.308233678340912,0.391020208597183,0.335907638072968,0.669059574604034,0.941145300865173,-0.488180011510849,-0.877526640892029,0.875534892082214,0.378785222768784,-0.0412572883069515,-0.81121838092804,0.539431273937225,-0.105281360447407,-0.633218050003052,-0.266308069229126,-0.613951623439789,-0.494937479496002,-0.51724648475647,-0.266505390405655,0.00119286694098264,0.144579038023949,0.0176701098680496,0.754803836345673,0.638317883014679,-0.404746532440186,0.235022649168968,-0.900414228439331,-0.514961004257202,-0.866693615913391,-0.310362279415131,0.133037313818932,-0.891537129878998,0.432542443275452,-0.210453048348427,0.847362399101257,1,0.530679523944855,0.852719664573669,0.426750212907791,0.242149829864502,-0.759443342685699,0.413649141788483,0.945168793201447,0.253992468118668,0.730465412139893,-0.220453336834908,0.567656278610229,-0.297646164894104,0.214673921465874,-0.442017465829849,-0.28839972615242,-0.0421532168984413,-0.728679955005646,0.44689092040062,0.22835536301136,0.964065551757812,-0.13961173593998,0.923503458499908,0.403008013963699,0.646964013576508,0.143359363079071,0.824744999408722,0.122180767357349,0.677818775177002,0.567782342433929,0.855883777141571,-0.159649923443794,0.617829322814941,-0.231201857328415,0.212589949369431,0.178143605589867,0.678970456123352,0.593429327011108,0.0298725366592407,0.976033866405487,0.573885858058929,-0.581856191158295,0.510994017124176,0.940533220767975,0.313751757144928,0.763091623783112,-0.297855019569397,-0.528452157974243,-0.557179033756256,-0.535367906093597,-0.478441923856735,-0.511334180831909,-0.232551693916321,-0.353998988866806,-0.565547585487366,0.0886451080441475,0.362397223711014,-0.506024301052094,-0.629204332828522,-0.838683485984802,-0.536561548709869,-0.509057581424713,-0.729512453079224,-0.52904224395752,-0.701992750167847,-0.691582858562469,-0.592803061008453,-0.42744842171669,-0.0112664587795734,-0.533875465393066,-0.63527125120163,-0.878478288650513,-0.598099887371063,-0.441173613071442,-0.25422602891922,-0.454141527414322,-0.000745475525036454,-0.6715167760849,-0.700924813747406,-0.748472213745117,-0.69496351480484,-0.373453438282013,-0.606321334838867,-0.747845590114594,-0.323221921920776,-0.375385314226151,-0.810882270336151,-0.209300592541695,-0.708162665367126,-0.492585331201553,0.443343281745911,0.0842358320951462,-0.653917133808136,0.580879330635071,0.0621260441839695,-0.198013514280319,-0.76685231924057,0.418091088533401,-0.129918932914734,0.269981026649475,-0.500844061374664,-0.757304549217224,-0.323746353387833,-0.632337510585785,0.0465844757854939,-0.664987146854401,0.594135940074921,-0.657903075218201,-0.401475787162781,-0.592002213001251,-0.0429900661110878,-0.378925293684006,0.181664615869522,0.0545115396380424,-0.219365313649178,-0.019685311242938,0.727886438369751,0.276371896266937,0.855789303779602,-0.449603140354156,0.195185571908951,0.293748050928116,-0.23675699532032,0.211574882268906,-0.533956289291382,-0.197665423154831,-0.308554112911224,0.298786491155624,0.0949790477752686,0.307557225227356,-0.0356911607086658,0.14997398853302,0.152721360325813,-0.526551306247711,0.207984134554863,0.118068836629391,0.423358589410782,-0.491863578557968,-0.563382148742676,-0.232270553708076,-0.629917323589325,0.549961268901825,0.42909637093544,0.743045568466187,-0.534529983997345
-0.151434883475304,0.536783039569855,-0.319356322288513,0.497480899095535,-0.767476797103882,-0.798273801803589,-0.799046099185944,-0.121186815202236,-0.730925679206848,0.357649683952332,-0.822627007961273,-0.612163007259369,0.113113552331924,-0.300913274288177,0.164076834917068,-0.773413181304932,-0.504465997219086,0.197744011878967,0.392363131046295,-0.751579999923706,-0.640337944030762,-0.133280456066132,0.138025179505348,-0.717945635318756,-0.213651224970818,-0.500879943370819,-0.367921203374863,-0.657514154911041,-0.197791412472725,-0.533548474311829,0.481471061706543,0.340668469667435,-0.619082808494568,0.0946732982993126,-0.022824490442872,0.37141016125679,0.476376712322235,0.366324335336685,0.581854641437531,0.564800024032593,0.277151703834534,0.249323055148125,-0.706118762493134,0.0633013322949409,0.218457028269768,0.470884472131729,0.431012064218521,0.485502660274506,0.531210124492645,0.510107457637787,0.643608391284943,0.485395610332489,0.504984617233276,0.4955675303936,0.487402677536011,-0.702298402786255,-0.560270965099335,-0.798062264919281,-0.522655129432678,0.0113413371145725,0.274149298667908,-0.245494946837425,-0.629375815391541,-0.652020037174225,-0.425459980964661,0.0367954298853874,0.00764845078811049,0.366475820541382,0.641312181949615,0.0898665189743042,0.367806643247604,-0.497982531785965,0.132195979356766,-0.00527206994593143,0.303837209939957,0.497071743011475,-0.332402795553207,-0.747163951396942,0.364016860723495,0.343777567148209,0.126703783869743,-0.477186024188995,0.25190931558609,-0.202926486730576,-0.311800718307495,-0.192024454474449,-0.609328031539917,0.121660009026527,-0.880997478961945,-0.23674164712429,-0.102915823459625,-0.157709449529648,-0.484901249408722,0.911762654781342,0.945189237594604,-0.278499275445938,-0.033576212823391,-0.41050797700882,0.391775131225586,-0.416231602430344,-0.236410826444626,-0.092360757291317,-0.181494072079659,0.336302429437637,0.0543732829391956,0.616526126861572,0.530679523944855,1,0.367798060178757,0.0578899011015892,-0.0471947863698006,-0.604256272315979,-0.0330297611653805,0.608098447322845,0.29450511932373,0.258608520030975,-0.359790623188019,0.0288949143141508,-0.338781028985977,0.0237779952585697,-0.43805068731308,-0.532332062721252,-0.273484528064728,-0.564062595367432,0.304511874914169,-0.0706155002117157,0.480574935674667,-0.215149775147438,0.515097081661224,-0.0652646422386169,-0.12183940410614,-0.109112255275249,0.360085070133209,0.261893898248672,0.286098331212997,0.128408163785934,0.679107546806335,-0.242333367466927,0.33706060051918,-0.454809308052063,0.217612609267235,0.0214965604245663,0.305426746606827,0.343756496906281,-0.223249763250351,0.390511125326157,0.399264246225357,0.116635240614414,0.256502330303192,0.501840651035309,-0.0179894883185625,0.254603147506714,0.210132241249084,0.0784416422247887,-0.203755840659142,0.230291604995728,-0.36610996723175,-0.379834443330765,-0.259428828954697,-0.24030764400959,-0.00233347364701331,-0.0104591455310583,0.087566040456295,-0.506007075309753,-0.256604641675949,-0.305955410003662,-0.417135149240494,-0.271498501300812,-0.233534216880798,0.052214901894331,0.143802106380463,-0.436086982488632,0.274189561605453,-0.347159266471863,0.210756093263626,-0.17812591791153,-0.143350034952164,-0.449157536029816,-0.450662851333618,0.235366150736809,-0.45206543803215,-0.11891683191061,-0.292613923549652,0.198536977171898,0.154379323124886,-0.442388653755188,-0.0517403073608875,-0.336392849683762,-0.467664062976837,-0.0486920811235905,-0.552891910076141,-0.592568039894104,-0.0884921327233315,-0.0435057245194912,-0.0444145835936069,-0.527333378791809,0.122281365096569,0.0163222085684538,-0.293372362852097,0.374392300844193,-0.0841439068317413,-0.364678740501404,-0.657117307186127,0.289252042770386,0.278754204511642,-0.165875285863876,-0.149624019861221,-0.212410494685173,-0.428089737892151,0.25740972161293,-0.47351610660553,-0.638556897640228,0.660254061222076,-0.562247574329376,-0.354679107666016,0.16793566942215,0.306187599897385,-0.703770637512207,0.350488394498825,0.689980626106262,-0.212032154202461,0.21965204179287,0.59204089641571,0.0376085266470909,0.412956297397614,0.0636191070079803,0.0724437162280083,0.0833614319562912,-0.430391520261765,-0.0932829231023788,-0.407383263111115,-0.162938714027405,-0.396633714437485,-0.0318445228040218,-0.143406108021736,0.0740014836192131,-0.478587687015533,-0.227312609553337,0.0117390062659979,-0.477539509534836,-0.110066704452038,-0.17495895922184,0.5631964802742,-0.590466678142548,-0.0740338414907455,-0.59487509727478,-0.0797648578882217,0.0819835811853409,-0.0793112963438034,0.658246338367462,-0.121481075882912
-0.133894979953766,0.543387949466705,-0.196870371699333,0.435485571622849,-0.506000816822052,-0.403731852769852,-0.735921263694763,0.334913551807404,-0.744836926460266,0.335676550865173,-0.727541208267212,-0.338974148035049,0.293764173984528,0.650381088256836,0.0647168979048729,-0.695798635482788,-0.615548312664032,0.0151266762986779,0.222504407167435,-0.817542612552643,-0.769490301609039,0.167659446597099,0.29077684879303,-0.694947838783264,-0.196609914302826,-0.36306956410408,-0.845695078372955,-0.513283014297485,-0.562733292579651,-0.810622096061707,0.93093353509903,0.709491491317749,-0.265835791826248,0.883828580379486,0.74792605638504,0.863526940345764,0.775216996669769,0.77564150094986,0.950980484485626,0.723624527454376,0.362730383872986,0.579073190689087,-0.0179248601198196,0.833987414836884,-0.317749977111816,0.794239819049835,0.863480150699615,0.853921711444855,0.757361829280853,0.731544017791748,0.717306554317474,0.313426673412323,0.712163090705872,0.791209757328033,0.934676826000214,-0.388887941837311,-0.374112635850906,-0.403663724660873,-0.750736176967621,0.568911135196686,0.727504014968872,-0.246508240699768,-0.42962971329689,-0.128413915634155,-0.415670305490494,-0.0504925176501274,-0.134682148694992,0.476208686828613,0.476590692996979,0.0689300522208214,0.47486075758934,-0.466277927160263,0.0477761216461658,0.0317872203886509,0.513868987560272,0.844139814376831,-0.614154756069183,-0.720503985881805,0.582002520561218,0.0119433840736747,-0.370072424411774,-0.790887057781219,0.134166687726974,-0.37262898683548,-0.768133461475372,-0.4929578602314,-0.398522675037384,-0.262769609689713,-0.4459408223629,-0.504837691783905,-0.131994873285294,-0.148971363902092,-0.168084114789963,0.664045095443726,0.405175685882568,-0.629838585853577,-0.0438907071948051,-0.853012979030609,-0.556593358516693,-0.773402988910675,-0.466268002986908,-0.105387888848782,-0.816758394241333,0.127381175756454,-0.153618544340134,0.696758985519409,0.852719664573669,0.367798060178757,1,0.102251105010509,-0.0497631654143333,-0.806490361690521,0.0572170056402683,0.689222812652588,-0.097520187497139,0.459185600280762,-0.389468669891357,0.3514524102211,-0.437832772731781,0.290614157915115,-0.515648663043976,-0.487613677978516,-0.290474057197571,-0.818029463291168,0.213928893208504,-0.0177070815116167,0.825786232948303,-0.434661328792572,0.657258570194244,0.121651247143745,0.540632724761963,-0.171813502907753,0.558138310909271,-0.263474762439728,0.39197438955307,0.230410799384117,0.648848295211792,-0.538198590278625,0.336705654859543,-0.510152101516724,-0.0185685157775879,-0.305641651153564,0.329013347625732,0.291789323091507,-0.208019837737083,0.816432476043701,0.348673850297928,-0.610121130943298,0.133655354380608,0.931757926940918,-0.169050633907318,0.5844407081604,-0.171675488352776,-0.312369912862778,-0.256576538085938,-0.426377952098846,-0.327532947063446,-0.163407579064369,-0.0971260443329811,-0.00687502836808562,-0.2558653652668,0.105930127203465,0.434867233037949,-0.183160185813904,-0.354310065507889,-0.566714942455292,-0.495170801877975,-0.172362953424454,-0.59257173538208,-0.306515336036682,-0.595260739326477,-0.426708847284317,-0.517346143722534,-0.108823478221893,0.349206238985062,-0.775623917579651,-0.359743148088455,-0.849358320236206,-0.331401705741882,-0.569802224636078,0.0737370774149895,-0.375374555587769,0.147030934691429,-0.611953854560852,-0.643964350223541,-0.657813310623169,-0.572631597518921,-0.393875896930695,-0.295904695987701,-0.553758144378662,-0.0113785853609443,-0.0409728698432446,-0.62329775094986,-0.000777930021286011,-0.491027742624283,-0.29888391494751,0.154066935181618,-0.00508400565013289,-0.326376587152481,0.403639763593674,-0.337299972772598,-0.230144903063774,-0.592140376567841,0.13905194401741,-0.0916755795478821,-0.0204893406480551,-0.422357797622681,-0.579874515533447,0.0906760990619659,-0.558224260807037,-0.0618760325014591,-0.469135135412216,0.508473515510559,-0.659960567951202,-0.456158399581909,-0.336151689291,-0.210490718483925,-0.322187691926956,0.51789802312851,0.249062851071358,-0.488968819379807,0.120924569666386,0.6577969789505,0.0146434158086777,0.645969331264496,-0.199548214673996,0.46823462843895,0.565400540828705,0.00324787781573832,0.400779962539673,-0.28288659453392,0.0776633024215698,0.0296645052731037,0.562176167964935,0.380552858114243,0.396561592817307,0.266288727521896,0.377660572528839,0.37944296002388,-0.205790281295776,0.430086940526962,0.0359664298593998,0.308530181646347,-0.520500302314758,-0.40490710735321,0.19052766263485,-0.412971556186676,0.624033033847809,0.314826190471649,0.746214151382446,-0.393247038125992
-0.741284608840942,0.792484939098358,-0.641965568065643,0.536817729473114,0.026857852935791,0.375350564718246,-0.155563682317734,0.328368812799454,-0.237288996577263,0.930991351604462,0.0415883846580982,0.367910414934158,0.950066268444061,0.490574657917023,0.628828883171082,0.148655101656914,0.583842694759369,0.58869332075119,0.857368230819702,-0.230390474200249,-0.00868062116205692,0.823727011680603,0.807175874710083,-0.425335347652435,-0.241164013743401,-0.475100934505463,0.233579412102699,-0.216374844312668,0.504574656486511,0.0176386255770922,0.365177303552628,0.484358668327332,0.677287757396698,0.141627743840218,0.281068921089172,0.506025433540344,0.639184772968292,0.650693476200104,0.228713974356651,0.428265690803528,0.952864348888397,0.847675681114197,0.0174405854195356,0.310556977987289,0.822449445724487,0.612125635147095,0.388620257377625,0.474359184503555,0.597514629364014,0.557790040969849,0.487626314163208,-0.11683101952076,0.568476140499115,0.482835501432419,0.239716574549675,0.419726818799973,0.664544582366943,0.273193627595901,0.37855139374733,0.650852918624878,0.653020858764648,0.724202871322632,-0.131058529019356,0.48686820268631,0.564748644828796,0.97909289598465,0.934843182563782,0.849228262901306,0.53718113899231,0.964300274848938,0.827446222305298,0.652330935001373,0.992614388465881,0.89267498254776,0.787145793437958,0.416684985160828,0.496984839439392,-0.355909913778305,0.597024738788605,0.837849140167236,0.77721107006073,-0.0766734033823013,0.92059338092804,0.849583268165588,0.307499289512634,0.700162351131439,-0.40823021531105,-0.733220398426056,0.207810640335083,0.713018953800201,0.765538334846497,0.932595610618591,0.810042381286621,0.108088076114655,0.284683048725128,0.495111912488937,0.4842169880867,-0.373866647481918,-0.262705653905869,-0.345454514026642,0.538582563400269,0.864192008972168,-0.336285769939423,0.650537431240082,-0.0273471921682358,0.455795049667358,0.426750212907791,0.0578899011015892,0.102251105010509,1,0.975766718387604,0.204186037182808,0.956845700740814,0.492435246706009,0.857508361339569,0.579882860183716,0.624408006668091,0.929108619689941,0.541661083698273,0.66423487663269,0.551547884941101,0.547360837459564,0.860242009162903,0.254676073789597,0.570348143577576,0.959601223468781,0.392502903938293,0.749195516109467,0.651752173900604,0.889987885951996,0.720316469669342,0.886062860488892,0.59686815738678,0.638211190700531,0.937483966350555,0.951813399791718,0.442060470581055,0.662964820861816,0.892155468463898,0.692128539085388,0.536574125289917,0.811386048793793,0.863247096538544,0.706500649452209,0.630704283714294,0.522242546081543,0.865264415740967,0.0587178245186806,0.960585296154022,0.171447560191154,0.740140855312347,0.478022485971451,-0.869512259960175,-0.912325143814087,-0.737243711948395,-0.679678797721863,-0.506328761577606,-0.895545482635498,-0.483774185180664,-0.895882487297058,-0.937832653522491,-0.341406732797623,-0.34700345993042,-0.797053575515747,-0.861898720264435,-0.805864036083221,-0.241387411952019,-0.718296408653259,-0.499091953039169,-0.811140179634094,-0.688664674758911,-0.664289236068726,-0.63158792257309,-0.80216658115387,-0.776340186595917,0.0388870015740395,-0.921642124652863,-0.364339739084244,-0.608753621578217,0.0945542678236961,-0.706924915313721,-0.584919512271881,-0.532210230827332,-0.546341001987457,-0.643808364868164,-0.450013548135757,-0.570228457450867,0.137786701321602,-0.804880678653717,-0.714495301246643,-0.631714284420013,-0.637271463871002,-0.296241700649261,-0.560667276382446,-0.776829063892365,-0.445560425519943,0.670666456222534,0.282830566167831,-0.638020813465118,0.37481290102005,0.404079288244247,-0.0337297171354294,-0.510557889938354,0.616842448711395,-0.214923501014709,0.621856153011322,-0.188951224088669,-0.427261501550674,-0.383254826068878,-0.289354532957077,0.133724257349968,-0.376902341842651,-0.101792834699154,0.214823663234711,-0.26147273182869,-0.455333203077316,-0.262716621160507,-0.231223076581955,-0.247407212853432,-0.421358376741409,0.384537220001221,-0.457750171422958,0.201913967728615,0.789595723152161,0.226478517055511,-0.744000554084778,-0.367433160543442,-0.259700626134872,-0.154353573918343,-0.21334981918335,-0.499087393283844,-0.403668195009232,-0.417307198047638,-0.197849690914154,-0.179488256573677,0.195139110088348,-0.261897265911102,-0.150194674730301,-0.298684388399124,-0.556196331977844,-0.22815603017807,-0.0090846149250865,0.337411314249039,0.302359372377396,-0.856112420558929,-0.522122263908386,-0.589375853538513,-0.0751904845237732,0.377849251031876,0.277246117591858,-0.451793253421783
-0.677045881748199,0.676617920398712,-0.550994575023651,0.417789578437805,0.0706491619348526,0.491643935441971,0.00279365363530815,0.304684966802597,-0.0670707523822784,0.878716766834259,0.203619405627251,0.477725803852081,0.921420514583588,0.451360255479813,0.61288595199585,0.305324673652649,0.709398806095123,0.605054378509521,0.783825635910034,-0.0729381442070007,0.155420035123825,0.766860127449036,0.763950765132904,-0.284000933170319,-0.1126968562603,-0.384516149759293,0.407985031604767,-0.102549590170383,0.665855765342712,0.216828867793083,0.232878640294075,0.298714429140091,0.770628571510315,0.0208675004541874,0.150336369872093,0.342084527015686,0.491673231124878,0.509747087955475,0.06317388266325,0.223893120884895,0.884296536445618,0.750089645385742,0.0803887620568275,0.212729141116142,0.846790730953217,0.467813283205032,0.222135186195374,0.313945472240448,0.438857465982437,0.374693840742111,0.31648850440979,-0.199475452303886,0.413882553577423,0.351373195648193,0.075721263885498,0.501897573471069,0.738259494304657,0.388785153627396,0.547295093536377,0.549610495567322,0.528696537017822,0.736977934837341,-0.0231579095125198,0.54372900724411,0.627425730228424,0.971145689487457,0.943455040454865,0.756159543991089,0.383103668689728,0.961524844169617,0.714924812316895,0.738086104393005,0.975095927715302,0.907746553421021,0.729447543621063,0.26876300573349,0.616108894348145,-0.206356436014175,0.411249428987503,0.79563969373703,0.83613783121109,0.0632095038890839,0.861782431602478,0.933830618858337,0.485556870698929,0.792199373245239,-0.359610557556152,-0.675474464893341,0.315429031848907,0.803245663642883,0.858514726161957,0.957568347454071,0.839599907398224,-0.0231087859719992,0.153680488467216,0.601121723651886,0.475510478019714,-0.201809048652649,-0.17867349088192,-0.212914004921913,0.662222743034363,0.904003739356995,-0.17590793967247,0.564463198184967,0.0262326449155807,0.28600025177002,0.242149829864502,-0.0471947863698006,-0.0497631654143333,0.975766718387604,1,0.367289453744888,0.915705263614655,0.311405628919601,0.871037900447845,0.459696412086487,0.672567844390869,0.862072706222534,0.637812614440918,0.705753564834595,0.672731041908264,0.59819370508194,0.927242517471313,0.400802254676819,0.52858954668045,0.983097314834595,0.21582393348217,0.832115411758423,0.498167842626572,0.87113231420517,0.646903514862061,0.897131323814392,0.476225942373276,0.669745743274689,0.869778335094452,0.892306208610535,0.305056482553482,0.726724624633789,0.833667993545532,0.754163205623627,0.56771057844162,0.805035412311554,0.77593719959259,0.667238473892212,0.654413819313049,0.354594975709915,0.82952469587326,0.176993176341057,0.898372113704681,-0.00505155837163329,0.694361090660095,0.301485121250153,-0.877856433391571,-0.879618465900421,-0.627378821372986,-0.607398390769958,-0.487755596637726,-0.848801553249359,-0.532134175300598,-0.899905860424042,-0.868439555168152,-0.461444914340973,-0.501622438430786,-0.750973701477051,-0.816697597503662,-0.692941725254059,-0.195049449801445,-0.617296397686005,-0.357500821352005,-0.718710899353027,-0.581541836261749,-0.53693550825119,-0.526689827442169,-0.798290848731995,-0.784378051757812,0.078465573489666,-0.841892242431641,-0.248079836368561,-0.495996534824371,0.229472026228905,-0.687289237976074,-0.587337613105774,-0.576518058776855,-0.414186805486679,-0.529837191104889,-0.354956895112991,-0.468406498432159,0.167374670505524,-0.724977195262909,-0.576357960700989,-0.61343902349472,-0.606224119663239,-0.119155943393707,-0.552589356899261,-0.700500428676605,-0.347604870796204,0.55372941493988,0.227391019463539,-0.553576767444611,0.279947519302368,0.372091829776764,0.0213353522121906,-0.415667295455933,0.568913519382477,-0.268660694360733,0.594085156917572,-0.144572764635086,-0.31410214304924,-0.27593407034874,-0.168706506490707,0.0831051468849182,-0.307667225599289,-0.2462228089571,0.333940505981445,-0.245287671685219,-0.3398796916008,-0.324281990528107,-0.212092012166977,-0.248128727078438,-0.408647447824478,0.387222230434418,-0.411161839962006,0.101346872746944,0.743310928344727,0.0166894439607859,-0.728920698165894,-0.360027939081192,-0.265159606933594,-0.0453092269599438,-0.211611464619637,-0.370710402727127,-0.315484285354614,-0.31668409705162,-0.20369853079319,-0.132464006543159,0.207101106643677,-0.210048124194145,-0.132030799984932,-0.265667319297791,-0.42917338013649,-0.221627503633499,-0.0517400167882442,0.336435079574585,0.435581505298615,-0.77637505531311,-0.475734859704971,-0.534355580806732,-0.143998116254807,0.346496164798737,0.194745719432831,-0.314474612474442
-0.117851614952087,-0.292755335569382,0.0463405549526215,-0.261969447135925,0.548136413097382,0.722930550575256,0.876285433769226,-0.167408645153046,0.811223328113556,-0.0678867176175117,0.911398828029633,0.72909551858902,0.117871783673763,-0.170699074864388,0.0562729127705097,0.918339729309082,0.890046656131744,-0.0331383123993874,-0.0185912474989891,0.873753547668457,0.808306276798248,0.016623068600893,-0.0871049165725708,0.707243323326111,0.294593304395676,0.221439838409424,0.927106142044067,0.519946396350861,0.749288737773895,0.870980978012085,-0.704778909683228,-0.596276521682739,0.67657071352005,-0.644151270389557,-0.513319551944733,-0.692591786384583,-0.599692821502686,-0.542740643024445,-0.818076312541962,-0.668035924434662,-0.0852539017796516,-0.23646254837513,0.234258711338043,-0.463796645402908,0.458982080221176,-0.617456078529358,-0.700982749462128,-0.698484659194946,-0.588596105575562,-0.651335000991821,-0.603415668010712,-0.577106833457947,-0.572692215442657,-0.612607777118683,-0.792643547058105,0.823842108249664,0.776691257953644,0.810769021511078,0.929572939872742,-0.0873728692531586,-0.389820545911789,0.448207974433899,0.722667157649994,0.594546377658844,0.774688303470612,0.2892806828022,0.353037863969803,-0.227085843682289,-0.439107328653336,0.236391738057137,-0.321097284555435,0.788801431655884,0.224112823605537,0.191941022872925,-0.17107492685318,-0.680643737316132,0.811248004436493,0.74871301651001,-0.508849501609802,0.0890310481190681,0.571035742759705,0.82924872636795,0.0722400546073914,0.629573345184326,0.864486336708069,0.770663678646088,0.453114867210388,0.0858697071671486,0.80697363615036,0.76683098077774,0.377811551094055,0.494874268770218,0.578582227230072,-0.816145777702332,-0.538829743862152,0.843155324459076,0.0884316861629486,0.669915556907654,0.227469772100449,0.722331166267395,0.76005619764328,0.345264941453934,0.63459175825119,-0.133702650666237,0.368470877408981,-0.525095283985138,-0.759443342685699,-0.604256272315979,-0.806490361690521,0.204186037182808,0.367289453744888,1,0.19256666302681,-0.6220663189888,0.224893599748611,-0.263172000646591,0.64153379201889,0.0711964219808578,0.684691607952118,0.202861919999123,0.86888200044632,0.729126036167145,0.574147999286652,0.948098421096802,0.0304500516504049,0.361702501773834,-0.709778606891632,0.690046012401581,-0.498449593782425,0.205338597297668,-0.17237015068531,0.455364763736725,-0.424881011247635,0.216125249862671,-0.123112440109253,0.0543110258877277,-0.567642450332642,0.635729372501373,-0.0259493347257376,0.775853514671326,0.184311911463737,0.360794365406036,-0.200900122523308,-0.237630397081375,0.261533886194229,-0.658372402191162,-0.0444958321750164,0.652161777019501,0.0887377709150314,-0.864458680152893,0.149887710809708,-0.320031344890594,-0.208116322755814,-0.087840162217617,0.0183199271559715,0.153536200523376,0.24444106221199,-0.0780448541045189,0.0375892035663128,-0.218344315886497,-0.0885312855243683,-0.292015165090561,-0.599896788597107,0.0137875284999609,0.120214216411114,0.340045213699341,0.455568790435791,-0.0139614399522543,0.292517185211182,-0.0076166670769453,0.231444522738457,0.230219691991806,0.136214792728424,-0.0681392624974251,-0.496363699436188,0.64012199640274,0.0238107684999704,0.702249467372894,0.166903704404831,0.486312031745911,-0.243181139230728,0.140296444296837,-0.423381090164185,0.220438092947006,0.226007044315338,0.513183772563934,0.200526759028435,0.530868530273438,0.0488731637597084,0.221397906541824,-0.111478559672832,-0.0420739464461803,0.589788675308228,-0.0877653211355209,0.200161471962929,0.152985155582428,0.109737887978554,0.333030730485916,0.385809689760208,-0.205255806446075,0.355274975299835,0.359049081802368,0.611621558666229,0.0928519815206528,0.0540984980762005,0.245049715042114,0.50919634103775,0.554747641086578,0.0353579968214035,0.427150040864944,0.0644820928573608,0.597714066505432,-0.582811594009399,0.921733319759369,0.351885169744492,0.239320442080498,-0.0681275501847267,0.304272651672363,-0.430706650018692,-0.467559844255447,0.660424888134003,-0.450013399124146,-0.59133392572403,0.209574788808823,-0.738574326038361,-0.0770012736320496,-0.604193150997162,-0.625360727310181,-0.0214425828307867,-0.516934454441071,0.0613757707178593,-0.247889846563339,-0.101048529148102,-0.582837045192719,-0.3838731944561,-0.40605565905571,-0.225084826350212,-0.41708043217659,-0.469617247581482,0.0686002746224403,-0.524164855480194,-0.20468658208847,-0.398870795965195,0.596675455570221,-0.0419340394437313,-0.0480077415704727,0.361315488815308,-0.682288348674774,-0.359351009130478,-0.725568890571594,0.0556773953139782
-0.810933113098145,0.712577760219574,-0.738089978694916,0.402387946844101,0.186138719320297,0.349698483943939,-0.110104978084564,0.190589427947998,-0.171853616833687,0.825979471206665,0.0883680507540703,0.319286018610001,0.85491406917572,0.448540836572647,0.506873726844788,0.166917413473129,0.584951758384705,0.450315773487091,0.767408907413483,-0.158773243427277,-0.00449299300089478,0.823230385780334,0.856697082519531,-0.33199942111969,-0.257644087076187,-0.525468051433563,0.219359934329987,-0.255538493394852,0.430193662643433,-0.0410623513162136,0.27474308013916,0.475780546665192,0.693452119827271,0.0575904212892056,0.229427397251129,0.489884287118912,0.598592340946198,0.620064675807953,0.163068905472755,0.453757762908936,0.890630483627319,0.785471856594086,-0.0348607078194618,0.272711873054504,0.769723176956177,0.580983221530914,0.317723572254181,0.400036633014679,0.533209502696991,0.554030358791351,0.403705388307571,-0.157533973455429,0.532914042472839,0.366997539997101,0.214106142520905,0.443350553512573,0.695318818092346,0.256328076124191,0.346436589956284,0.565238237380981,0.6267369389534,0.81284373998642,-0.104679428040981,0.56455409526825,0.580506920814514,0.958661139011383,0.917429745197296,0.781269431114197,0.453852295875549,0.933394551277161,0.793249070644379,0.63688713312149,0.936411201953888,0.882607042789459,0.718088328838348,0.356294929981232,0.510091185569763,-0.352867841720581,0.669446229934692,0.868293225765228,0.677860260009766,0.0175190735608339,0.882525622844696,0.801162302494049,0.213001921772957,0.606110215187073,-0.29249033331871,-0.711016833782196,0.219242408871651,0.711276233196259,0.707727789878845,0.923715174198151,0.831385910511017,0.00508162472397089,0.235497832298279,0.485896706581116,0.362310498952866,-0.300376117229462,-0.312593847513199,-0.251644641160965,0.410532295703888,0.885167598724365,-0.326695680618286,0.664222955703735,-0.235677823424339,0.358321517705917,0.413649141788483,-0.0330297611653805,0.0572170056402683,0.956845700740814,0.915705263614655,0.19256666302681,1,0.484321296215057,0.828115403652191,0.510663986206055,0.66415399312973,0.873259246349335,0.615239262580872,0.498836278915405,0.521014869213104,0.66878217458725,0.867630898952484,0.286677360534668,0.417237609624863,0.919415175914764,0.33456689119339,0.655366361141205,0.602075755596161,0.908391714096069,0.65430474281311,0.928697764873505,0.575452089309692,0.659583270549774,0.880799770355225,0.949530005455017,0.344016641378403,0.720902502536774,0.774155914783478,0.700382113456726,0.366482973098755,0.842531859874725,0.899139165878296,0.682636737823486,0.766971290111542,0.492909073829651,0.739703178405762,-0.0726072788238525,0.94245308637619,0.179677963256836,0.784390449523926,0.510566651821136,-0.841919720172882,-0.843199968338013,-0.821399927139282,-0.732649922370911,-0.29482701420784,-0.814074277877808,-0.26758137345314,-0.792078495025635,-0.942882180213928,-0.12635512650013,-0.14892366528511,-0.737960159778595,-0.73988801240921,-0.746957063674927,-0.0274832583963871,-0.797204554080963,-0.544212818145752,-0.895315825939178,-0.68934690952301,-0.709412634372711,-0.686417043209076,-0.664405047893524,-0.882555365562439,0.159966513514519,-0.925792157649994,-0.298947602510452,-0.661561608314514,-0.0175770949572325,-0.631127119064331,-0.388158410787582,-0.399881571531296,-0.601478159427643,-0.651890754699707,-0.270453453063965,-0.493811339139938,0.293484747409821,-0.736247599124908,-0.78310239315033,-0.50928920507431,-0.546133816242218,-0.379863917827606,-0.423151314258575,-0.711289525032043,-0.4747593998909,0.69418740272522,0.253033190965652,-0.610017716884613,0.245538249611855,0.427959501743317,-0.113348320126534,-0.397219330072403,0.463642805814743,-0.229359865188599,0.53708827495575,-0.0987256094813347,-0.367847174406052,-0.35548934340477,-0.386225432157516,0.216855317354202,-0.253122836351395,-0.202523201704025,0.225380823016167,-0.274062186479568,-0.512685596942902,-0.32049024105072,-0.141856223344803,-0.296240776777267,-0.546034514904022,0.431623846292496,-0.522938132286072,0.0546776503324509,0.775647640228271,0.311887681484222,-0.681156635284424,-0.395375370979309,-0.277261346578598,-0.126751914620399,-0.145800545811653,-0.47400563955307,-0.394587814807892,-0.436631917953491,-0.201062947511673,-0.217652186751366,0.211469873785973,-0.221708983182907,-0.104494392871857,-0.349996864795685,-0.57476419210434,-0.205370739102364,0.251043230295181,0.274669289588928,0.397140175104141,-0.816696584224701,-0.435012608766556,-0.61374706029892,-0.0371656641364098,0.476482272148132,0.183946147561073,-0.483001053333282
-0.59632819890976,0.816351115703583,-0.624740779399872,0.80753231048584,-0.504758358001709,-0.482059419155121,-0.850317537784576,0.131089106202126,-0.907155215740204,0.658021748065948,-0.781145930290222,-0.489563405513763,0.55723512172699,0.333140283823013,0.171011179685593,-0.731973886489868,-0.357368856668472,0.18817450106144,0.747643411159515,-0.831103801727295,-0.839364409446716,0.466878592967987,0.472443222999573,-0.897858560085297,-0.655851721763611,-0.628498017787933,-0.601796567440033,-0.731587767601013,-0.290805816650391,-0.834134042263031,0.807622015476227,0.83675742149353,-0.208230391144753,0.518707633018494,0.549087703227997,0.843226671218872,0.910754203796387,0.897407233715057,0.852880001068115,0.957066059112549,0.677953779697418,0.799723923206329,-0.409092962741852,0.642657995223999,0.260159105062485,0.900038957595825,0.88246089220047,0.890083253383636,0.955097556114197,0.946823954582214,0.951676666736603,0.539449512958527,0.970004320144653,0.869921743869781,0.867055654525757,-0.275337070226669,-0.149692699313164,-0.531438052654266,-0.591364860534668,0.640977025032043,0.855654895305634,0.0205874647945166,-0.665473163127899,-0.119838126003742,-0.206406682729721,0.442175209522247,0.257926523685455,0.83299595117569,0.901908814907074,0.413707584142685,0.851144731044769,-0.251782089471817,0.476511865854263,0.410826802253723,0.710937559604645,0.914021909236908,-0.393856018781662,-0.876523911952972,0.869915962219238,0.498499393463135,0.167664423584938,-0.679561674594879,0.68675571680069,-0.0184112638235092,-0.469697117805481,-0.126332551240921,-0.665291368961334,-0.385462641716003,-0.517337560653687,-0.104630768299103,-0.00948789156973362,0.264769911766052,0.0525784119963646,0.722939372062683,0.736953616142273,-0.160891339182854,0.261438190937042,-0.781511783599854,-0.42570960521698,-0.739630877971649,-0.126378655433655,0.167384564876556,-0.814311146736145,0.407441258430481,-0.0628809556365013,0.85874742269516,0.945168793201447,0.608098447322845,0.689222812652588,0.492435246706009,0.311405628919601,-0.6220663189888,0.484321296215057,1,0.396537154912949,0.820522964000702,-0.183311611413956,0.581813991069794,-0.156311050057411,0.162978693842888,-0.343727171421051,-0.177219375967979,0.0229843389242887,-0.623304665088654,0.615103125572205,0.273533433675766,0.915645360946655,0.0243248231709003,0.967635095119476,0.506902039051056,0.535064399242401,0.281614542007446,0.890217781066895,0.316433608531952,0.705808222293854,0.660623788833618,0.928963005542755,0.0548927672207355,0.711100578308105,-0.097786009311676,0.378125131130219,0.374146670103073,0.724288523197174,0.649816393852234,0.0169985853135586,0.911877155303955,0.647451937198639,-0.421863794326782,0.613034904003143,0.852417945861816,0.420819997787476,0.836383283138275,-0.217850282788277,-0.538322329521179,-0.692637026309967,-0.376968622207642,-0.427410870790482,-0.667438507080078,-0.201341018080711,-0.503048419952393,-0.64178991317749,0.0388868451118469,0.245453536510468,-0.671275436878204,-0.645228803157806,-0.840123236179352,-0.446710169315338,-0.682976126670837,-0.817533314228058,-0.526106119155884,-0.588418841362,-0.81731128692627,-0.478222876787186,-0.558545827865601,-0.134133964776993,-0.325321227312088,-0.697966277599335,-0.800637722015381,-0.756986558437347,-0.219041213393211,-0.491237372159958,-0.36767253279686,-0.222663566470146,-0.593200385570526,-0.596774816513062,-0.658115029335022,-0.725677847862244,-0.29499340057373,-0.769106566905975,-0.75908237695694,-0.553666830062866,-0.603692710399628,-0.752104759216309,-0.145308509469032,-0.682472348213196,-0.671972274780273,0.563084721565247,0.274957090616226,-0.590424001216888,0.720604598522186,0.304020524024963,-0.0757570341229439,-0.680991947650909,0.589857280254364,-0.0784948468208313,0.359659969806671,-0.345066428184509,-0.640391111373901,-0.483842372894287,-0.494209975004196,-0.0721841156482697,-0.607963263988495,0.679642677307129,-0.554145693778992,-0.367489665746689,-0.57146418094635,0.0536940656602383,-0.484119147062302,0.0673670023679733,0.0177051331847906,0.0260704085230827,-0.145320177078247,0.754733502864838,0.281213760375977,0.80006468296051,-0.523874461650848,-0.0497255139052868,0.0511814877390862,-0.459760278463364,-0.0124031417071819,-0.728142321109772,-0.411886483430862,-0.572598993778229,0.0369500629603863,-0.177738532423973,0.0990473106503487,-0.291127771139145,-0.12342169880867,-0.0211610030382872,-0.735563576221466,-0.0502786599099636,0.0819067880511284,0.418129801750183,-0.547131836414337,-0.576921463012695,-0.39734360575676,-0.56525993347168,0.406203776597977,0.277869313955307,0.6407071352005,-0.655877411365509
-0.776438534259796,0.693683505058289,-0.741228520870209,0.361999213695526,-0.186144545674324,0.0848255008459091,-0.188256591558456,-0.0736199766397476,-0.167222857475281,0.831956624984741,-0.00973070412874222,0.157460555434227,0.790609419345856,0.139317452907562,0.417098253965378,0.0630490705370903,0.552952945232391,0.465596139431,0.767197489738464,-0.185754835605621,-0.0357700064778328,0.50752180814743,0.799173772335052,-0.3712178170681,-0.0570367909967899,-0.651778638362885,0.419808834791183,-0.442134886980057,0.692957580089569,0.0865416154265404,0.220961570739746,0.159937605261803,0.511399269104004,-0.232205241918564,-0.170672535896301,0.264060854911804,0.479763835668564,0.463692426681519,0.0972696393728256,0.274674892425537,0.812322616577148,0.649107754230499,-0.384333282709122,0.0972969233989716,0.904925525188446,0.47710907459259,0.128697261214256,0.246823504567146,0.421562194824219,0.365928739309311,0.328038156032562,-0.0509040467441082,0.44065397977829,0.298352241516113,0.117780759930611,0.230126693844795,0.519553422927856,0.0276719946414232,0.399971932172775,0.283248990774155,0.486037075519562,0.645551383495331,-0.189660206437111,0.345194280147552,0.449262380599976,0.898533403873444,0.85659646987915,0.727963089942932,0.40772956609726,0.924430131912231,0.679640710353851,0.478595167398453,0.894876658916473,0.880217969417572,0.744818270206451,0.284334510564804,0.569155097007751,-0.439821153879166,0.396409600973129,0.935721635818481,0.847073376178741,0.126374393701553,0.843036592006683,0.810291588306427,0.434605807065964,0.643345952033997,-0.512306272983551,-0.377913653850555,-0.065343052148819,0.764609515666962,0.809869587421417,0.848714351654053,0.558460593223572,0.197032392024994,0.467121034860611,0.593779861927032,0.212152734398842,-0.0590464361011982,0.109635382890701,-0.103911831974983,0.54657906293869,0.880290150642395,-0.0280926246196032,0.551359951496124,-0.0795482322573662,0.259812712669373,0.253992468118668,0.29450511932373,-0.097520187497139,0.857508361339569,0.871037900447845,0.224893599748611,0.828115403652191,0.396537154912949,1,0.340431034564972,0.503898918628693,0.65468293428421,0.680734097957611,0.553915500640869,0.525041162967682,0.47290626168251,0.812171638011932,0.285268664360046,0.473074316978455,0.865702986717224,0.150589391589165,0.665854036808014,0.500618100166321,0.813708007335663,0.315759301185608,0.869745552539825,0.490494281053543,0.897134363651276,0.821491122245789,0.843519270420074,0.401358664035797,0.730376064777374,0.772688210010529,0.525481402873993,0.541860640048981,0.799845278263092,0.830047190189362,0.768993377685547,0.658979833126068,0.275031089782715,0.839251756668091,0.259206742048264,0.880207359790802,0.06299739331007,0.589131832122803,0.241096928715706,-0.651460587978363,-0.650761187076569,-0.690111458301544,-0.342977106571198,-0.351000070571899,-0.884262979030609,-0.431157827377319,-0.890544176101685,-0.734489381313324,-0.382610499858856,-0.427539676427841,-0.912266850471497,-0.69522088766098,-0.590459823608398,-0.0668889656662941,-0.733267903327942,-0.38482403755188,-0.603862106800079,-0.276502996683121,-0.680621922016144,-0.218013197183609,-0.805940628051758,-0.744907915592194,0.168096169829369,-0.785721600055695,-0.276165872812271,-0.692020893096924,0.473175019025803,-0.840752899646759,-0.358571410179138,-0.688314497470856,-0.138995751738548,-0.236217707395554,-0.204277321696281,-0.256164908409119,0.207684218883514,-0.801166296005249,-0.468577802181244,-0.781364500522614,-0.819209158420563,0.0163332913070917,-0.275866895914078,-0.485522359609604,-0.606656551361084,0.444197714328766,0.152069419622421,-0.474814146757126,0.23100434243679,0.293678790330887,-0.178743377327919,-0.467851519584656,0.472600519657135,-0.206138014793396,0.293461352586746,0.00708315288648009,-0.129693508148193,-0.278613030910492,0.0821920856833458,-0.272026836872101,-0.38527849316597,-0.153228878974915,0.171947062015533,-0.495880842208862,-0.0889851674437523,-0.33571320772171,-0.557023823261261,-0.0300047229975462,-0.080443874001503,0.321669638156891,-0.279321491718292,0.154136925935745,0.581806242465973,0.0190149880945683,-0.57474684715271,-0.33383110165596,-0.23173813521862,-0.124269783496857,-0.176696792244911,-0.414596706628799,-0.266214311122894,-0.450887054204941,-0.234299153089523,-0.211439430713654,0.259644240140915,-0.371031910181046,-0.206046134233475,-0.245575860142708,-0.564326703548431,-0.260122418403625,0.11517396569252,0.601888239383698,0.343280762434006,-0.612930178642273,-0.589619159698486,-0.491734951734543,-0.12635400891304,0.324189990758896,0.352139741182327,-0.246420741081238
-0.505667746067047,0.657889485359192,-0.364911407232285,0.921791970729828,-0.338380336761475,-0.0712495818734169,-0.562975108623505,0.355024784803391,-0.726763665676117,0.653200924396515,-0.477404952049255,-0.254901468753815,0.651523292064667,0.423299342393875,0.206393226981163,-0.423256635665894,-0.0989064648747444,0.316988348960876,0.839661836624146,-0.547047913074493,-0.593294441699982,0.65315318107605,0.256482064723969,-0.750153720378876,-0.835794448852539,-0.265570133924484,-0.39253306388855,-0.361482918262482,-0.0734864920377731,-0.534986615180969,0.635444521903992,0.74137932062149,0.0213612616062164,0.512478590011597,0.638509333133698,0.652859747409821,0.745732426643372,0.784081101417542,0.616653084754944,0.707550823688507,0.650550723075867,0.801805675029755,-0.0461322739720345,0.629610300064087,0.316385805606842,0.709017336368561,0.814990103244781,0.773800849914551,0.845258831977844,0.762480676174164,0.83414888381958,0.573782682418823,0.873664677143097,0.841296494007111,0.648679137229919,0.0683470070362091,0.0984287187457085,-0.179471299052238,-0.300968438386917,0.787983000278473,0.780342698097229,-0.0281775407493114,-0.534883499145508,0.0462061576545238,-0.0457678660750389,0.556520700454712,0.294016808271408,0.84209132194519,0.867788136005402,0.40836039185524,0.830502808094025,0.0179358515888453,0.547673404216766,0.505411326885223,0.655364155769348,0.797699689865112,-0.309420466423035,-0.50320965051651,0.656907856464386,0.308475613594055,0.352639675140381,-0.610736131668091,0.775645136833191,0.176115930080414,-0.0890771150588989,0.149845317006111,-0.638446092605591,-0.514996647834778,-0.0909998342394829,0.045078843832016,0.0321339704096317,0.417462706565857,0.281254857778549,0.397826880216599,0.357207626104355,0.121162161231041,0.660696625709534,-0.653817176818848,-0.614536643028259,-0.699502050876617,0.289241194725037,0.141197040677071,-0.818839371204376,0.189580842852592,0.302501678466797,0.717422425746918,0.730465412139893,0.258608520030975,0.459185600280762,0.579882860183716,0.459696412086487,-0.263172000646591,0.510663986206055,0.820522964000702,0.340431034564972,1,-0.114883556962013,0.658912539482117,-0.100229188799858,0.21088533103466,-0.128752291202545,-0.048369511961937,0.149221777915955,-0.386627823114395,0.873873293399811,0.351210564374924,0.831210911273956,0.414371341466904,0.890761613845825,0.60373067855835,0.70326042175293,0.332419246435165,0.902711570262909,0.295249164104462,0.674770414829254,0.691922843456268,0.847820937633514,0.286259442567825,0.793930292129517,0.235931649804115,0.701847195625305,0.545055449008942,0.578447639942169,0.613589823246002,-0.109838053584099,0.811195373535156,0.642197132110596,-0.327109634876251,0.579169929027557,0.572233498096466,0.603446304798126,0.757490277290344,-0.268191128969193,-0.738756418228149,-0.543482184410095,-0.349628120660782,-0.598532676696777,-0.699454545974731,-0.420225232839584,-0.656428635120392,-0.73036926984787,-0.311288148164749,-0.148812621831894,-0.578096151351929,-0.774413168430328,-0.86064749956131,-0.582284271717072,-0.534363567829132,-0.704818367958069,-0.410148978233337,-0.65943306684494,-0.588645458221436,-0.507563710212708,-0.717655599117279,-0.163425013422966,-0.292665421962738,-0.662982642650604,-0.662113070487976,-0.517094910144806,-0.0908499360084534,-0.476472079753876,-0.605938792228699,-0.303162515163422,-0.618750870227814,-0.641615867614746,-0.716357827186584,-0.934580624103546,-0.440383195877075,-0.732201635837555,-0.674930036067963,-0.58740770816803,-0.571281969547272,-0.72982519865036,-0.357121914625168,-0.853708922863007,-0.400992721319199,0.559683203697205,0.39679691195488,-0.577395915985107,0.914197027683258,0.642632305622101,0.451993077993393,-0.484464287757874,0.867314636707306,-0.275796145200729,0.792124927043915,-0.459491580724716,-0.711861848831177,-0.52726799249649,-0.557578802108765,0.109861776232719,-0.510889947414398,0.642640471458435,-0.319889903068542,-0.0247915424406528,-0.776922404766083,0.162068456411362,-0.227784752845764,-0.300462543964386,-0.293980330228806,0.239542126655579,-0.187933698296547,0.770510375499725,0.253940135240555,0.551463425159454,-0.814273595809937,-0.197561278939247,-0.135671079158783,-0.456384003162384,-0.187293902039528,-0.696213662624359,-0.513356387615204,-0.53667551279068,-0.110537119209766,-0.246627822518349,-0.146914780139923,-0.251707315444946,-0.246320232748985,-0.0215876009315252,-0.600105047225952,-0.16423000395298,-0.210344672203064,0.190258637070656,-0.492956280708313,-0.557998836040497,-0.36944767832756,-0.564462661743164,0.323194086551666,0.148054033517838,0.342271476984024,-0.632670879364014
-0.4084292948246,0.277405709028244,-0.381962060928345,-0.0878578349947929,0.648431956768036,0.682174563407898,0.527992486953735,0.123036339879036,0.473873138427734,0.383997231721878,0.641426861286163,0.827913522720337,0.474065870046616,0.146913886070251,0.583446085453033,0.729097127914429,0.867745578289032,0.263933777809143,0.254301428794861,0.41592413187027,0.641942858695984,0.443417370319366,0.503632605075836,0.34513446688652,0.275870770215988,-0.171495899558067,0.634702920913696,0.296467185020447,0.494370132684708,0.525885939598083,-0.315133810043335,0.0139572434127331,0.814953505992889,-0.289046496152878,-0.123872183263302,-0.0720337480306625,-0.0488188490271568,-0.0495557337999344,-0.40245446562767,-0.0836186483502388,0.445668250322342,0.20781297981739,0.21180522441864,-0.28911817073822,0.674285709857941,-0.0777974054217339,-0.291854053735733,-0.208646133542061,-0.115342542529106,-0.048424206674099,-0.167008265852928,-0.784034252166748,-0.195276096463203,-0.295318990945816,-0.427098125219345,0.697776436805725,0.858299195766449,0.722940981388092,0.767033338546753,0.23822882771492,-0.00496584083884954,0.942486345767975,0.56036901473999,0.634461939334869,0.932063162326813,0.614806413650513,0.811588764190674,0.14596626162529,-0.0840447917580605,0.654570996761322,0.140116751194,0.933568120002747,0.630508959293365,0.405624628067017,0.143195301294327,-0.356412649154663,0.901249706745148,0.282106101512909,0.177234292030334,0.588538885116577,0.593090295791626,0.551602065563202,0.366939544677734,0.806397438049316,0.419221997261047,0.803560972213745,0.412424951791763,-0.439801692962646,0.616518139839172,0.83202713727951,0.609070599079132,0.736220479011536,0.858276903629303,-0.462603896856308,-0.12313661724329,0.568350672721863,0.0853957533836365,0.0944890379905701,0.131754890084267,0.331614345312119,0.407972186803818,0.724096238613129,0.312231630086899,0.609778881072998,-0.116280518472195,-0.0203993152827024,-0.220453336834908,-0.359790623188019,-0.389468669891357,0.624408006668091,0.672567844390869,0.64153379201889,0.66415399312973,-0.183311611413956,0.503898918628693,-0.114883556962013,1,0.570275664329529,0.666260719299316,0.457709074020386,0.861486554145813,0.881823301315308,0.831759393215179,0.80032217502594,-0.071535237133503,0.738661885261536,-0.284119576215744,0.589245140552521,-0.070689432322979,0.434482723474503,0.250762045383453,0.745075881481171,-0.203335717320442,0.242501378059387,0.366457432508469,0.448629826307297,-0.343609809875488,0.547158420085907,0.281552314758301,0.831950962543488,-0.0848305895924568,0.503937184810638,0.339415550231934,-0.02066595479846,0.712386190891266,-0.154364913702011,0.27071812748909,0.426908135414124,0.595288336277008,-0.44132986664772,0.42013093829155,0.0999463573098183,-0.71144300699234,-0.390792399644852,-0.443415910005569,-0.486509710550308,0.0904359519481659,-0.360505342483521,0.0414512492716312,-0.356340110301971,-0.490929812192917,0.10167507827282,-0.157306522130966,-0.255574494600296,-0.193206980824471,-0.109736084938049,0.368293792009354,-0.412944406270981,-0.0120442379266024,-0.657287538051605,-0.302934795618057,-0.221294969320297,-0.43501490354538,-0.142827808856964,-0.846582174301147,0.583546757698059,-0.454513907432556,0.411311060190201,-0.211245954036713,-0.0049722664989531,-0.379891723394394,0.00849418994039297,-0.315496414899826,-0.275236129760742,-0.292411029338837,0.192705094814301,0.0624118857085705,0.727015852928162,-0.248347967863083,-0.320151776075363,-0.124109826982021,-0.110145874321461,0.189830496907234,-0.430297434329987,-0.111190512776375,-0.112349338829517,0.590640008449554,0.34093827009201,-0.101253390312195,-0.275547236204147,0.185839056968689,-0.259827345609665,0.0981666594743729,0.0659460797905922,0.276290982961655,0.253504633903503,0.366187512874603,0.18551105260849,-0.244824171066284,0.0834163203835487,0.38244765996933,0.31318011879921,-0.596904695034027,0.791027128696442,0.138643950223923,-0.008638771250844,-0.143302217125893,0.29651015996933,-0.369058549404144,-0.58341109752655,0.606671035289764,-0.734208047389984,-0.594268441200256,0.83886194229126,-0.132120579481125,-0.084065169095993,-0.616621673107147,-0.566007316112518,-0.100671626627445,-0.44390207529068,-0.178552210330963,-0.397704780101776,-0.240621373057365,-0.48170268535614,-0.347049117088318,-0.0775154531002045,-0.307467430830002,-0.270448237657547,-0.699641823768616,-0.260381042957306,-0.454054564237595,0.033684778958559,-0.263529658317566,0.69043493270874,-0.590811312198639,-0.328194499015808,0.0681689158082008,-0.648487031459808,0.0175379775464535,-0.368165671825409,-0.245219141244888
-0.695296943187714,0.851003527641296,-0.601873934268951,0.630436956882477,0.0253603886812925,0.359366834163666,-0.204661354422569,0.439244240522385,-0.328023254871368,0.89205276966095,-0.0427489876747131,0.402823895215988,0.948557019233704,0.668063521385193,0.624514162540436,0.0747842192649841,0.438946455717087,0.461846679449081,0.814619064331055,-0.321900576353073,-0.127556845545769,0.794798791408539,0.730181217193604,-0.462573528289795,-0.264004230499268,-0.470079600811005,0.0101693887263536,-0.212602689862251,0.26117479801178,-0.151754602789879,0.530006587505341,0.65671569108963,0.615212380886078,0.404437810182571,0.522650241851807,0.657434046268463,0.724444210529327,0.748102247714996,0.420209765434265,0.571736097335815,0.930891513824463,0.906953096389771,0.123688600957394,0.504367411136627,0.648826479911804,0.69453901052475,0.569548726081848,0.623795926570892,0.705934882164001,0.66407299041748,0.619204640388489,-0.164594635367393,0.644228637218475,0.599019110202789,0.413302630186081,0.443653792142868,0.617068231105804,0.319875180721283,0.200596138834953,0.864633321762085,0.770035266876221,0.63746190071106,-0.0482232272624969,0.51160991191864,0.551294088363647,0.847807466983795,0.810093581676483,0.845656156539917,0.598655223846436,0.864870250225067,0.809675514698029,0.586895942687988,0.898849189281464,0.72572124004364,0.791296899318695,0.538729906082153,0.343349397182465,-0.381806194782257,0.690065443515778,0.696662127971649,0.606276214122772,-0.218257799744606,0.835150420665741,0.676195025444031,0.0713884457945824,0.583404779434204,-0.2957643866539,-0.747852265834808,0.248523771762848,0.549399197101593,0.584982812404633,0.828081786632538,0.794458031654358,0.15061628818512,0.27493417263031,0.324686676263809,0.435236483812332,-0.604736745357513,-0.445621848106384,-0.456392884254456,0.401105493307114,0.703701019287109,-0.520551145076752,0.618535459041595,0.0488915927708149,0.643281280994415,0.567656278610229,0.0288949143141508,0.3514524102211,0.929108619689941,0.862072706222534,0.0711964219808578,0.873259246349335,0.581813991069794,0.65468293428421,0.658912539482117,0.570275664329529,1,0.371708631515503,0.720945179462433,0.463822782039642,0.463247328996658,0.704979419708252,0.104156464338303,0.581544280052185,0.86418628692627,0.55834436416626,0.599596321582794,0.725939214229584,0.808669090270996,0.839210748672485,0.763701498508453,0.608982443809509,0.351037263870239,0.903345823287964,0.89563524723053,0.501682162284851,0.428053855895996,0.883290112018585,0.596111834049225,0.42725533246994,0.61321610212326,0.776991784572601,0.549875974655151,0.45267853140831,0.659917593002319,0.82584935426712,-0.0452070981264114,0.893525183200836,0.33921229839325,0.593292474746704,0.679221093654633,-0.854190587997437,-0.922183334827423,-0.754776298999786,-0.753613412380219,-0.480747103691101,-0.821364104747772,-0.365196168422699,-0.758022904396057,-0.937541127204895,-0.208414524793625,-0.170562908053398,-0.69068443775177,-0.818308591842651,-0.840852320194244,-0.294248163700104,-0.697347581386566,-0.637988805770874,-0.865935742855072,-0.843843460083008,-0.692294061183929,-0.806246399879456,-0.673007607460022,-0.629019200801849,-0.0902008041739464,-0.92571485042572,-0.451908588409424,-0.609058558940887,-0.166333049535751,-0.604946434497833,-0.587175726890564,-0.459651619195938,-0.766720712184906,-0.839752554893494,-0.556950747966766,-0.723971784114838,0.125349745154381,-0.786517143249512,-0.839312613010406,-0.519859433174133,-0.508744060993195,-0.434915363788605,-0.551694512367249,-0.815651416778564,-0.457587093114853,0.782279372215271,0.441568464040756,-0.559658050537109,0.474767774343491,0.328936189413071,-0.031802162528038,-0.495355367660522,0.634215533733368,-0.0715354382991791,0.635603666305542,-0.174723580479622,-0.48739966750145,-0.373894423246384,-0.420872777700424,0.224461078643799,-0.300296008586884,0.0487504452466965,0.179409071803093,-0.202020138502121,-0.524411141872406,-0.217458441853523,-0.141494065523148,-0.169634640216827,-0.452929854393005,0.36472624540329,-0.571979105472565,0.280348122119904,0.801756858825684,0.367063671350479,-0.685846924781799,-0.353729903697968,-0.229646727442741,-0.251734137535095,-0.245875865221024,-0.613108575344086,-0.497188895940781,-0.433353573083878,-0.157286569476128,-0.179339781403542,0.11237671226263,-0.234716191887856,-0.152959287166595,-0.328030318021774,-0.598487138748169,-0.229938551783562,-0.108340762555599,0.157965615391731,0.113149099051952,-0.969296991825104,-0.391978353261948,-0.497508525848389,-0.046683456748724,0.270983219146729,0.292602807283401,-0.650187015533447
-0.687206745147705,0.159547343850136,-0.595882952213287,-0.180724591016769,0.289309233427048,0.404106199741364,0.470653146505356,-0.419156193733215,0.500187337398529,0.316150188446045,0.595136761665344,0.495797246694565,0.471113651990891,0.107609555125237,-0.024995356798172,0.591608762741089,0.832540988922119,-0.0903783440589905,0.26338392496109,0.489387542009354,0.377767115831375,0.171677678823471,0.554939329624176,0.34367424249649,0.314287036657333,-0.461382955312729,0.759227693080902,-0.145865336060524,0.812275588512421,0.449983447790146,-0.259031742811203,-0.355119705200195,0.783976852893829,-0.550408005714417,-0.483678936958313,-0.237617030739784,-0.0856147632002831,-0.0224934779107571,-0.405476450920105,-0.233417510986328,0.343995034694672,0.221013739705086,-0.193622902035713,-0.0501105301082134,0.65339732170105,-0.0593735910952091,-0.411330670118332,-0.344400554895401,-0.171869158744812,-0.217689096927643,-0.298441380262375,-0.501910984516144,-0.103217430412769,-0.295970618724823,-0.307126849889755,0.706912636756897,0.831239283084869,0.512725532054901,0.703703641891479,0.070674404501915,0.150607734918594,0.710134267807007,0.459290683269501,0.813038766384125,0.742970883846283,0.617320954799652,0.617197215557098,0.222780779004097,-0.241863667964935,0.67540055513382,0.120057806372643,0.666859567165375,0.545532763004303,0.642204821109772,0.393169581890106,-0.227588400244713,0.823687314987183,0.118984028697014,-0.0484250634908676,0.616371750831604,0.653050303459167,0.717450201511383,0.432908684015274,0.741685330867767,0.599481701850891,0.643054664134979,0.108506441116333,-0.0144722629338503,0.457211822271347,0.897526025772095,0.694717288017273,0.785449147224426,0.68634295463562,-0.501853942871094,-0.137465104460716,0.829730033874512,-0.194284707307816,0.459722250699997,0.0406991541385651,0.520016193389893,0.616280794143677,0.784889400005341,0.34192281961441,0.107734993100166,-0.0814298689365387,-0.303528904914856,-0.297646164894104,-0.338781028985977,-0.437832772731781,0.541661083698273,0.637812614440918,0.684691607952118,0.615239262580872,-0.156311050057411,0.680734097957611,-0.100229188799858,0.666260719299316,0.371708631515503,1,0.416923493146896,0.822629868984222,0.834596514701843,0.821049094200134,0.708306074142456,0.0921898633241653,0.692355990409851,-0.418144166469574,0.592709124088287,-0.0732972621917725,0.683122158050537,0.0033774902112782,0.844001948833466,0.023530712351203,0.65364021062851,0.354145705699921,0.532092213630676,-0.207989141345024,0.798725247383118,0.299257218837738,0.66496068239212,0.194887116551399,0.569968938827515,0.404171645641327,0.300246745347977,0.688784539699554,-0.258893996477127,0.376509815454483,0.337001800537109,0.494269579648972,-0.361912071704865,0.260380387306213,0.0125330090522766,-0.513847053050995,-0.371892333030701,-0.535657227039337,-0.17740036547184,0.290455013513565,-0.456142276525497,0.106709994375706,-0.496084272861481,-0.490970760583878,-0.184918746352196,-0.357576668262482,-0.490882605314255,-0.151133418083191,-0.0529798865318298,0.558655083179474,-0.556674659252167,-0.235100939869881,-0.488043189048767,-0.0419332943856716,-0.390829116106033,-0.146547228097916,-0.315737336874008,-0.780614256858826,0.462307065725327,-0.501282036304474,0.209468334913254,-0.450815767049789,0.434697449207306,-0.537552118301392,0.130278691649437,-0.576969683170319,-0.0756268575787544,-0.0775738060474396,0.449152439832687,0.0172611065208912,0.683201432228088,-0.382433176040649,-0.289107352495193,-0.366863220930099,-0.390917330980301,0.33188670873642,0.165856599807739,-0.0750445574522018,-0.415571331977844,0.27247479557991,0.269787222146988,0.144606858491898,-0.158151969313622,0.215144217014313,-0.0338770300149918,0.26728692650795,0.068514809012413,-0.178505524992943,0.0515711195766926,0.516817629337311,0.436819911003113,0.172686398029327,0.20049449801445,-0.235510617494583,0.356508612632751,-0.615387499332428,0.655480265617371,-0.349550157785416,0.14896884560585,-0.58934623003006,-0.203245609998703,-0.0348914489150047,-0.3626868724823,0.532501578330994,-0.501084566116333,-0.397842407226562,0.337851077318192,-0.42984065413475,-0.311451613903046,-0.468078464269638,-0.361352920532227,0.0709454789757729,-0.196797594428062,-0.164355859160423,-0.174305781722069,-0.269585818052292,-0.330303609371185,-0.259386718273163,0.0643077492713928,-0.158831402659416,-0.193872585892677,-0.354207187891006,-0.288159668445587,-0.328646391630173,0.321220457553864,0.133346632122993,0.685778737068176,-0.396129876375198,-0.0302450191229582,-0.109557241201401,-0.327399790287018,0.117840513586998,-0.214109033346176,-0.199737578630447
-0.399005085229874,0.635396063327789,-0.321358442306519,0.300843477249146,-0.214694201946259,0.363834887742996,-0.00419627083465457,0.337516099214554,-0.0361188761889935,0.717162311077118,0.113774158060551,0.575148046016693,0.802243113517761,0.640727400779724,0.522934854030609,0.225073531270027,0.458620995283127,0.371197074651718,0.478758305311203,-0.162449926137924,0.0716022849082947,0.325579464435577,0.582013547420502,-0.219479039311409,0.341419875621796,-0.386260032653809,0.236879527568817,-0.128355696797371,0.510996222496033,0.181598514318466,0.463010162115097,0.167508378624916,0.611834585666656,0.293792992830276,0.213345602154732,0.351741462945938,0.431082844734192,0.445139318704605,0.283645510673523,0.111278906464577,0.677796363830566,0.634882628917694,0.149941742420197,0.427428096532822,0.500977098941803,0.43256413936615,0.259616374969482,0.341105073690414,0.372221082448959,0.220238909125328,0.280529588460922,-0.392444938421249,0.280310839414597,0.385043799877167,0.228215649724007,0.386962741613388,0.514340400695801,0.420062065124512,0.366655826568604,0.599554121494293,0.518898725509644,0.43013408780098,0.224817395210266,0.484687656164169,0.498094290494919,0.552410900592804,0.603104770183563,0.543784260749817,0.174241811037064,0.727354228496552,0.404607087373734,0.506257176399231,0.662335336208344,0.541599571704865,0.704755961894989,0.307603180408478,0.45490226149559,-0.207122668623924,0.141196206212044,0.470735967159271,0.54684966802597,-0.0214733146131039,0.461701631546021,0.62112957239151,0.266315519809723,0.572511732578278,-0.223694413900375,-0.370577484369278,0.240394353866577,0.524799764156342,0.735554277896881,0.629093587398529,0.56760448217392,0.115348316729069,0.144080087542534,0.297085493803024,0.105092264711857,-0.324877858161926,-0.12401207536459,-0.208708181977272,0.490193247795105,0.634957611560822,-0.129923343658447,0.312266826629639,0.229277461767197,0.361109346151352,0.214673921465874,0.0237779952585697,0.290614157915115,0.66423487663269,0.705753564834595,0.202861919999123,0.498836278915405,0.162978693842888,0.553915500640869,0.21088533103466,0.457709074020386,0.720945179462433,0.416923493146896,1,0.586860120296478,0.24501496553421,0.60851389169693,0.183661133050919,0.389511913061142,0.75356137752533,0.193995997309685,0.471114486455917,0.33704400062561,0.542870938777924,0.550685048103333,0.53381335735321,0.224649041891098,0.214053764939308,0.658590197563171,0.555223166942596,0.255839109420776,0.16265644133091,0.670950889587402,0.340925961732864,0.375601232051849,0.179791137576103,0.426219880580902,0.350055694580078,0.271897494792938,0.279487013816833,0.763212859630585,0.286888241767883,0.564698219299316,0.117786146700382,0.0247659087181091,0.211746051907539,-0.762850046157837,-0.667227745056152,-0.356720268726349,-0.443275541067123,-0.443718552589417,-0.59635317325592,-0.467756539583206,-0.592259287834167,-0.543511629104614,-0.49872288107872,-0.455734878778458,-0.547014892101288,-0.596554636955261,-0.47370845079422,-0.289780020713806,-0.308973252773285,-0.304411917924881,-0.494414776563644,-0.470253854990005,-0.375600188970566,-0.422779411077499,-0.541926860809326,-0.291272282600403,-0.294424146413803,-0.609916031360626,-0.348085910081863,-0.330599695444107,0.142403140664101,-0.489213317632675,-0.586560130119324,-0.606208384037018,-0.351282685995102,-0.49806672334671,-0.423663169145584,-0.396913677453995,0.104533866047859,-0.548916637897491,-0.401255190372467,-0.443468332290649,-0.39937487244606,0.156235456466675,-0.361971765756607,-0.474665701389313,-0.31062513589859,0.3202885389328,0.252390623092651,-0.17541515827179,0.213801026344299,-0.192271903157234,-0.134781390428543,-0.396278738975525,0.37581330537796,-0.0499466098845005,0.215166136622429,-0.0207579061388969,-0.116455033421516,0.128031328320503,0.053503792732954,-0.219261407852173,-0.205062806606293,-0.167399868369102,0.282132357358932,-0.431369692087173,0.0873815789818764,-0.481183528900146,-0.370998829603195,0.334870129823685,0.0350873954594135,0.0468046180903912,-0.290464162826538,0.192499846220016,0.528227984905243,-0.184014394879341,-0.411889344453812,-0.066917784512043,0.0470779091119766,0.0804680436849594,-0.10186630487442,-0.256771773099899,-0.0975650250911713,-0.0453027561306953,0.0669743865728378,0.153768345713615,0.305403113365173,-0.0232390910387039,0.0226166509091854,-0.05588249117136,-0.219649061560631,-0.0574523396790028,-0.340199887752533,0.314770072698593,0.229430675506592,-0.74278336763382,-0.129162564873695,-0.216849684715271,-0.131463408470154,0.0854680463671684,0.399459809064865,-0.268557280302048
-0.413337588310242,0.146966323256493,-0.291596472263336,-0.0911460891366005,0.447119474411011,0.713893711566925,0.676996231079102,-0.0486948490142822,0.622054696083069,0.325006604194641,0.774101912975311,0.855835139751434,0.495159387588501,0.129339709877968,0.337546855211258,0.835696756839752,0.968178510665894,0.12271948158741,0.244857504963875,0.602770447731018,0.673448383808136,0.229207202792168,0.342613756656647,0.460606068372726,0.383426666259766,-0.142837956547737,0.852221131324768,0.276645332574844,0.794281542301178,0.714716494083405,-0.36768302321434,-0.312887519598007,0.865049779415131,-0.434127002954483,-0.333498120307922,-0.324357718229294,-0.221050322055817,-0.180297672748566,-0.517457962036133,-0.36048486828804,0.325535207986832,0.146290853619576,0.160588815808296,-0.219583809375763,0.688651561737061,-0.234658733010292,-0.441921532154083,-0.383874893188477,-0.258424639701843,-0.321931093931198,-0.316119968891144,-0.728627979755402,-0.290830045938492,-0.346383601427078,-0.516201853752136,0.851380228996277,0.925063669681549,0.822683215141296,0.909139096736908,0.211264103651047,-0.0328881330788136,0.738501667976379,0.690229713916779,0.751887261867523,0.942853629589081,0.571487605571747,0.680241823196411,0.108479760587215,-0.22750723361969,0.619536757469177,-0.00299303163774312,0.923372685909271,0.566977262496948,0.448409587144852,0.211051717400551,-0.407416999340057,0.945172190666199,0.422482699155807,-0.174858421087265,0.454843670129776,0.732713520526886,0.70888739824295,0.339866369962692,0.840446949005127,0.728710174560547,0.899705469608307,0.323663830757141,-0.161836609244347,0.725385427474976,0.93209046125412,0.66811591386795,0.766236245632172,0.807552218437195,-0.592303276062012,-0.26555660367012,0.822960019111633,0.0444426685571671,0.350134879350662,0.150201052427292,0.51086151599884,0.743395388126373,0.678214073181152,0.448028534650803,0.218800485134125,0.229878708720207,-0.200424537062645,-0.442017465829849,-0.43805068731308,-0.515648663043976,0.551547884941101,0.672731041908264,0.86888200044632,0.521014869213104,-0.343727171421051,0.525041162967682,-0.128752291202545,0.861486554145813,0.463822782039642,0.822629868984222,0.586860120296478,1,0.836034953594208,0.826562166213989,0.88730263710022,0.124708473682404,0.714081823825836,-0.461403220891953,0.745388627052307,-0.192199155688286,0.481631904840469,0.116155900061131,0.735498785972595,-0.221904829144478,0.336853325366974,0.276278555393219,0.39265102148056,-0.346592217683792,0.649097442626953,0.305827528238297,0.839664101600647,0.198545277118683,0.464702159166336,0.169402778148651,-0.00541636161506176,0.508677124977112,-0.354233533143997,0.331319749355316,0.625018656253815,0.459623456001282,-0.597932577133179,0.228367656469345,-0.0521152429282665,-0.592020332813263,-0.387388408184052,-0.321712791919708,-0.190616339445114,0.0937120988965034,-0.392088264226913,-0.056631688028574,-0.455651938915253,-0.413306683301926,-0.268720299005508,-0.527991533279419,-0.309276968240738,-0.16789498925209,0.01398497633636,0.366168975830078,-0.32169583439827,0.00861492473632097,-0.413102030754089,-0.0904645472764969,-0.132889270782471,-0.186539381742477,-0.270129233598709,-0.705890893936157,0.515230000019073,-0.3700230717659,0.430040776729584,-0.163174822926521,0.365625023841858,-0.483591109514236,-0.0412721447646618,-0.598791241645813,-0.0730423033237457,-0.110752880573273,0.283533900976181,0.0175172667950392,0.647334575653076,-0.277579098939896,-0.14010614156723,-0.294781386852264,-0.245277032256126,0.470330357551575,-0.231532499194145,-0.0508712828159332,-0.139879018068314,0.388212084770203,0.426423162221909,0.171492427587509,-0.139609530568123,0.220241710543633,0.0536031201481819,0.285769551992416,0.192356362938881,0.115143939852715,0.255676746368408,0.485718816518784,0.405075073242188,-0.0108273820951581,0.321822136640549,0.0271444655954838,0.418075025081635,-0.595284521579742,0.903615295886993,0.0492464266717434,0.194226562976837,-0.283623814582825,0.0927325114607811,-0.230448931455612,-0.444560468196869,0.64153653383255,-0.638204634189606,-0.487597048282623,0.561975717544556,-0.535755336284637,-0.204415664076805,-0.61767840385437,-0.563212215900421,-0.0518298745155334,-0.495780050754547,-0.154674872756004,-0.336217164993286,-0.216124668717384,-0.510882318019867,-0.337429165840149,-0.170939952135086,-0.281849145889282,-0.361055165529251,-0.555893838405609,-0.182869881391525,-0.513014733791351,-0.157921031117439,-0.189916044473648,0.655948221683502,-0.475558370351791,-0.178965196013451,0.167045906186104,-0.66424286365509,-0.181321412324905,-0.411069244146347,-0.18086701631546
-0.573978841304779,0.11218474060297,-0.488859206438065,-0.14536714553833,0.70153421163559,0.630951762199402,0.609647154808044,-0.173397690057755,0.552610754966736,0.228359594941139,0.717592000961304,0.673193633556366,0.392785400152206,0.106198452413082,0.188128054141998,0.739687502384186,0.881046116352081,-0.0370646603405476,0.221734941005707,0.584441125392914,0.549578726291656,0.380626380443573,0.441210389137268,0.456650078296661,0.128415167331696,-0.227091997861862,0.672179102897644,0.173834428191185,0.539763510227203,0.456791162490845,-0.412322372198105,-0.118142008781433,0.829116880893707,-0.443558663129807,-0.243682831525803,-0.1945411413908,-0.140527561306953,-0.0841698721051216,-0.497509449720383,-0.132933035492897,0.313766270875931,0.162158831954002,0.0888503789901733,-0.197754621505737,0.602405190467834,-0.150494024157524,-0.375554829835892,-0.336562097072601,-0.195105835795403,-0.138295024633408,-0.277271151542664,-0.65051805973053,-0.17862793803215,-0.38163498044014,-0.426231414079666,0.839085638523102,0.930443704128265,0.709513783454895,0.729683399200439,0.192774683237076,0.0401010811328888,0.866765677928925,0.578740119934082,0.816598534584045,0.905308365821838,0.600623428821564,0.673347413539886,0.123245626688004,-0.174457892775536,0.581579267978668,0.0991168841719627,0.856933951377869,0.53135359287262,0.467533737421036,0.147188127040863,-0.358528465032578,0.840470969676971,0.326695650815964,0.130116209387779,0.530339360237122,0.552750766277313,0.694125115871429,0.390440076589584,0.726394653320312,0.465868085622787,0.700795769691467,0.424021482467651,-0.262627005577087,0.692910730838776,0.856411635875702,0.493110865354538,0.763869822025299,0.857562482357025,-0.667053759098053,-0.273534059524536,0.741956770420074,-0.00616473890841007,0.304139733314514,-0.0635349527001381,0.491776168346405,0.47989422082901,0.67895096540451,0.270138621330261,0.321664333343506,-0.128566831350327,-0.207545816898346,-0.28839972615242,-0.532332062721252,-0.487613677978516,0.547360837459564,0.59819370508194,0.729126036167145,0.66878217458725,-0.177219375967979,0.47290626168251,-0.048369511961937,0.881823301315308,0.463247328996658,0.834596514701843,0.24501496553421,0.836034953594208,1,0.804872035980225,0.819696247577667,-0.0194807723164558,0.648697435855865,-0.361052960157394,0.600830078125,-0.0996246039867401,0.566286265850067,0.142680883407593,0.810784518718719,-0.091468907892704,0.371718615293503,0.273570895195007,0.481526076793671,-0.358211517333984,0.752373576164246,0.205906108021736,0.866007924079895,-0.0257450193166733,0.605864644050598,0.328308641910553,0.036186970770359,0.709432780742645,-0.216795399785042,0.168748036026955,0.269667059183121,0.512342572212219,-0.44588378071785,0.456012666225433,0.164839923381805,-0.556313216686249,-0.368980199098587,-0.545302927494049,-0.372963398694992,0.34428483247757,-0.330106735229492,0.263503164052963,-0.338214337825775,-0.531685948371887,0.131537929177284,-0.121998243033886,-0.253081768751144,-0.0799921825528145,-0.0486653186380863,0.606293678283691,-0.530454218387604,-0.177782267332077,-0.630049288272858,-0.236419394612312,-0.293129205703735,-0.39896759390831,-0.111931592226028,-0.898494303226471,0.67757248878479,-0.464721858501434,0.426624745130539,-0.314257949590683,0.0624136887490749,-0.373969554901123,0.204631894826889,-0.319343119859695,-0.305815935134888,-0.255509465932846,0.436641573905945,-0.0133726252242923,0.801284968852997,-0.247104987502098,-0.385347127914429,-0.126234456896782,-0.132619813084602,0.106748305261135,-0.0997807234525681,-0.094844363629818,-0.214091494679451,0.546554386615753,0.415426135063171,0.0580279566347599,-0.205413177609444,0.398611932992935,-0.0205724090337753,0.370192855596542,0.0628568455576897,0.0678793713450432,0.270812004804611,0.500629663467407,0.309432297945023,-0.128248184919357,-0.0153025193139911,0.291993409395218,0.511415183544159,-0.608576893806458,0.803558111190796,0.0963674560189247,-0.117504768073559,-0.265886873006821,0.28377228975296,-0.435638159513474,-0.744785070419312,0.746819376945496,-0.768769860267639,-0.603520929813385,0.594486355781555,-0.185493856668472,-0.209561094641685,-0.686723649501801,-0.616117000579834,-0.110234700143337,-0.399674326181412,-0.228647395968437,-0.424239993095398,-0.342805355787277,-0.528578519821167,-0.453721910715103,-0.185387626290321,-0.256322830915451,-0.311478018760681,-0.657039701938629,-0.315298944711685,-0.481961637735367,0.277373552322388,-0.309373080730438,0.688894808292389,-0.478123337030411,-0.119968473911285,0.0122208362445235,-0.514113903045654,0.0400479584932327,-0.52416855096817,-0.345276564359665
-0.628549098968506,0.439062714576721,-0.522896528244019,0.0783569812774658,0.3372403383255,0.62081253528595,0.298715740442276,0.126929432153702,0.26846045255661,0.664061546325684,0.490042418241501,0.635507702827454,0.747647345066071,0.335311383008957,0.504749059677124,0.563612520694733,0.877694725990295,0.445157080888748,0.53302139043808,0.229493245482445,0.420708388090134,0.632731378078461,0.74077981710434,0.0547275431454182,0.125461012125015,-0.324097335338593,0.627963602542877,0.0380158089101315,0.755404114723206,0.437186300754547,-0.0620309188961983,0.0391552560031414,0.902372241020203,-0.227954715490341,-0.0892563313245773,0.0917887911200523,0.215829238295555,0.242786601185799,-0.235443443059921,-0.0238216035068035,0.696617722511292,0.507710516452789,0.114125445485115,-0.00388929829932749,0.807979226112366,0.204647585749626,-0.106833569705486,-0.00631957920268178,0.122220940887928,0.103440634906292,-0.0191891863942146,-0.458576232194901,0.109493218362331,0.00144587480463088,-0.199734479188919,0.640725076198578,0.868706345558167,0.561016738414764,0.743766486644745,0.319338291883469,0.290197759866714,0.878903090953827,0.235484734177589,0.695431113243103,0.775546073913574,0.883880734443665,0.928870022296906,0.495641887187958,0.0576622113585472,0.898930490016937,0.462137013673782,0.856335997581482,0.858760178089142,0.828644096851349,0.526140332221985,-0.0465628951787949,0.824820160865784,0.0238148961216211,0.233172580599785,0.760089874267578,0.777994930744171,0.385149210691452,0.674957454204559,0.969711482524872,0.575670123100281,0.819970309734344,-0.0699232965707779,-0.546954154968262,0.481870979070663,0.914527237415314,0.890963315963745,0.944534301757812,0.895640909671783,-0.310451000928879,-0.0549447759985924,0.693993806838989,0.260547548532486,0.0858369991183281,-0.0563110746443272,0.107436805963516,0.634573757648468,0.953593313694,0.102119505405426,0.510710895061493,-0.125416427850723,-0.0188136901706457,-0.0421532168984413,-0.273484528064728,-0.290474057197571,0.860242009162903,0.927242517471313,0.574147999286652,0.867630898952484,0.0229843389242887,0.812171638011932,0.149221777915955,0.831759393215179,0.704979419708252,0.821049094200134,0.60851389169693,0.826562166213989,0.804872035980225,1,0.655368983745575,0.23563052713871,0.949584484100342,-0.113480821251869,0.786949992179871,0.191427662968636,0.790575444698334,0.441622316837311,0.927146136760712,0.196573421359062,0.643738925457001,0.674684226512909,0.75251966714859,-0.0391374006867409,0.793263018131256,0.582579433917999,0.829128861427307,0.326641231775284,0.751187026500702,0.644741237163544,0.482529580593109,0.817522644996643,0.0608025602996349,0.607719719409943,0.256376981735229,0.774425268173218,-0.254412412643433,0.604302704334259,0.103789784014225,-0.856401205062866,-0.700492441654205,-0.558252155780792,-0.562483429908752,-0.185907125473022,-0.652652859687805,-0.299838304519653,-0.722221791744232,-0.731982350349426,-0.306662976741791,-0.435763746500015,-0.580317914485931,-0.556205868721008,-0.418913692235947,0.138439357280731,-0.54751181602478,-0.188454821705818,-0.695994675159454,-0.419334709644318,-0.398768573999405,-0.448674738407135,-0.56070750951767,-0.894408822059631,0.30050328373909,-0.703843414783478,0.0384027175605297,-0.385579705238342,0.239525258541107,-0.561263978481293,-0.319302082061768,-0.486234337091446,-0.295041680335999,-0.378193408250809,-0.00820180680602789,-0.18891878426075,0.449765354394913,-0.508657813072205,-0.4471395611763,-0.41088992357254,-0.416117787361145,0.0793727710843086,-0.402494013309479,-0.450280457735062,-0.247437044978142,0.457992792129517,0.164664044976234,-0.35004660487175,-0.0456109046936035,0.280551105737686,-0.080536924302578,-0.145445197820663,0.284858375787735,-0.22082145512104,0.399864107370377,0.0874265283346176,-0.037979856133461,-0.112332321703434,-0.0540421381592751,0.125579416751862,-0.0215212386101484,-0.561127305030823,0.558239281177521,-0.207425713539124,-0.169069945812225,-0.434866845607758,-0.0545933730900288,-0.264510095119476,-0.500388205051422,0.453290998935699,-0.48124161362648,-0.258515894412994,0.716913223266602,-0.170452371239662,-0.527190566062927,-0.412227094173431,-0.324275732040405,0.0935580655932426,-0.189197763800621,-0.179883241653442,-0.2185088545084,-0.205643311142921,-0.249768778681755,-0.137689858675003,0.20930503308773,-0.138749778270721,-0.089410811662674,-0.353359818458557,-0.284587860107422,-0.232521340250969,0.133541166782379,0.19622477889061,0.713801741600037,-0.648259520530701,-0.325220376253128,-0.380045652389526,-0.286280512809753,0.337028205394745,-0.0435396879911423,-0.184326171875
-0.132453784346581,-0.238308638334274,-0.0405759029090405,-0.371537685394287,0.680694043636322,0.724601924419403,0.865745067596436,-0.148322209715843,0.833409011363983,-0.036992508918047,0.917359828948975,0.782331943511963,0.102396816015244,-0.206434726715088,0.205851018428802,0.939145684242249,0.922214150428772,0.041833508759737,-0.0596365705132484,0.838106751441956,0.883024990558624,0.0768912881612778,0.0639791265130043,0.724157154560089,0.386054754257202,0.156214579939842,0.929228603839874,0.526441991329193,0.690963864326477,0.868784666061401,-0.745856821537018,-0.527794301509857,0.713474571704865,-0.677378118038177,-0.531313419342041,-0.629571497440338,-0.568037867546082,-0.541864395141602,-0.839624285697937,-0.602612018585205,-0.0243310928344727,-0.251991540193558,0.215992301702499,-0.585792124271393,0.512229979038239,-0.587057948112488,-0.739693939685822,-0.700593948364258,-0.598305702209473,-0.586711883544922,-0.620520293712616,-0.719781696796417,-0.611773788928986,-0.686364531517029,-0.832046091556549,0.759929060935974,0.791215538978577,0.792843043804169,0.953077971935272,-0.164731591939926,-0.437774121761322,0.64529812335968,0.727200090885162,0.573527097702026,0.836936235427856,0.330130875110626,0.482411682605743,-0.255105644464493,-0.460169732570648,0.308175176382065,-0.300320476293564,0.850558638572693,0.279875993728638,0.19446587562561,-0.214678481221199,-0.747279226779938,0.915166854858398,0.695865392684937,-0.382009744644165,0.230381697416306,0.543607473373413,0.86538952589035,0.0599531158804893,0.683552861213684,0.763977766036987,0.774741768836975,0.544618904590607,-0.0179192051291466,0.75277853012085,0.803959667682648,0.448998779058456,0.516756117343903,0.628704965114594,-0.783555209636688,-0.457842111587524,0.759203314781189,0.0116016324609518,0.631361246109009,0.336824923753738,0.732268393039703,0.59920346736908,0.46139332652092,0.697329163551331,0.113353863358498,0.123156264424324,-0.511494338512421,-0.728679955005646,-0.564062595367432,-0.818029463291168,0.254676073789597,0.400802254676819,0.948098421096802,0.286677360534668,-0.623304665088654,0.285268664360046,-0.386627823114395,0.80032217502594,0.104156464338303,0.708306074142456,0.183661133050919,0.88730263710022,0.819696247577667,0.655368983745575,1,-0.163840740919113,0.429079115390778,-0.73538875579834,0.614997744560242,-0.519293248653412,0.182308480143547,-0.178956508636475,0.515921115875244,-0.507326006889343,0.226005762815475,-0.0811538621783257,0.0751254335045815,-0.656215369701385,0.616848230361938,-0.0719914585351944,0.791780650615692,-0.0210594087839127,0.380880802869797,-0.101522006094456,-0.253228485584259,0.471863746643066,-0.652123689651489,-0.0717829093337059,0.63863468170166,0.176246091723442,-0.862836480140686,0.210560381412506,-0.333000779151917,-0.31454274058342,-0.0480077043175697,-0.0464454963803291,0.0095899160951376,0.301730275154114,-0.0574423968791962,0.109061881899834,-0.166491240262985,-0.0999050810933113,-0.090041920542717,-0.4290571808815,0.0195522587746382,0.1501844227314,0.344544470310211,0.548133969306946,-0.0684058964252472,0.345220237970352,-0.149884641170502,0.192928671836853,0.189375713467598,0.0591023452579975,0.0202556364238262,-0.634742856025696,0.739755511283875,-0.0133258914574981,0.762717962265015,0.133978098630905,0.363097280263901,-0.217673659324646,0.224059268832207,-0.316188335418701,0.196298092603683,0.203278332948685,0.5585857629776,0.349715739488602,0.680093467235565,0.0820538699626923,0.175774678587914,-0.0224108565598726,0.0204492565244436,0.572368800640106,-0.162257432937622,0.252909779548645,0.148910850286484,0.180316105484962,0.243748515844345,0.285058975219727,-0.404755920171738,0.250163584947586,0.0814975500106812,0.530592799186707,-0.0648671686649323,0.166651174426079,0.135900408029556,0.531671404838562,0.547953724861145,-0.0254309959709644,0.410475701093674,0.189054891467094,0.58103334903717,-0.712992787361145,0.938780248165131,0.326632678508759,0.263079077005386,-0.075041875243187,0.369588881731033,-0.438226461410522,-0.49135160446167,0.63670140504837,-0.508335471153259,-0.757131934165955,0.390049070119858,-0.617115914821625,0.0568373762071133,-0.608680546283722,-0.626685261726379,0.0158309359103441,-0.477834850549698,0.11062540858984,-0.225167378783226,-0.0792587772011757,-0.572735011577606,-0.368949800729752,-0.291313827037811,-0.241868123412132,-0.350258857011795,-0.572710037231445,0.0542524047195911,-0.496194154024124,-0.0542532727122307,-0.388592272996902,0.741245150566101,-0.0954530388116837,-0.134079843759537,0.345602363348007,-0.745502889156342,-0.239730477333069,-0.705637454986572,0.0920089185237885
-0.505976736545563,0.603430390357971,-0.324424028396606,0.900938093662262,-0.488845586776733,-0.030313404276967,-0.379311800003052,0.186258763074875,-0.529703497886658,0.660538375377655,-0.307878345251083,-0.122793793678284,0.68780791759491,0.251354694366455,0.16800557076931,-0.246775835752487,0.105469919741154,0.294318437576294,0.860596776008606,-0.346943199634552,-0.428188353776932,0.431928634643555,0.150980815291405,-0.605721235275269,-0.623522281646729,-0.281956315040588,-0.0429816283285618,-0.336990863084793,0.289106667041779,-0.23104627430439,0.480893105268478,0.399771869182587,0.0873842015862465,0.23570317029953,0.307964622974396,0.345171242952347,0.530438959598541,0.568505525588989,0.416092604398727,0.424170613288879,0.587044298648834,0.692906975746155,-0.16955004632473,0.477981269359589,0.506601095199585,0.49654221534729,0.564193427562714,0.534450829029083,0.655671775341034,0.473006397485733,0.674309134483337,0.480372071266174,0.689699590206146,0.695731937885284,0.424314260482788,0.196243107318878,0.203579664230347,-0.0619269013404846,-0.0345504023134708,0.687719762325287,0.638814032077789,-0.0728117376565933,-0.349471539258957,0.0889449566602707,0.0939109325408936,0.574243605136871,0.316538244485855,0.773085415363312,0.751699507236481,0.457398891448975,0.668386816978455,0.130091652274132,0.577410697937012,0.526370942592621,0.668472468852997,0.619680762290955,-0.083753265440464,-0.34909650683403,0.321811318397522,0.323015868663788,0.623483002185822,-0.357454061508179,0.768619000911713,0.331296265125275,0.284086287021637,0.399965703487396,-0.661053419113159,-0.261358290910721,-0.0184828378260136,0.268531113862991,0.174819901585579,0.499009311199188,0.26770430803299,0.316165268421173,0.354069262742996,0.418920964002609,0.603753626346588,-0.380683749914169,-0.333395630121231,-0.442733913660049,0.629944980144501,0.185093879699707,-0.50400573015213,0.0260197054594755,0.630070328712463,0.582615256309509,0.44689092040062,0.304511874914169,0.213928893208504,0.570348143577576,0.52858954668045,0.0304500516504049,0.417237609624863,0.615103125572205,0.473074316978455,0.873873293399811,-0.071535237133503,0.581544280052185,0.0921898633241653,0.389511913061142,0.124708473682404,-0.0194807723164558,0.23563052713871,-0.163840740919113,1,0.410432875156403,0.570153832435608,0.622612953186035,0.72295069694519,0.594819903373718,0.487799912691116,0.389762699604034,0.75059187412262,0.432942271232605,0.611071825027466,0.634525299072266,0.780921876430511,0.406821578741074,0.833791196346283,0.323230713605881,0.919186651706696,0.558274626731873,0.43579176068306,0.57053554058075,-0.215140745043755,0.525294423103333,0.736301958560944,0.0936336144804955,0.549219787120819,0.294090807437897,0.450352281332016,0.551754295825958,-0.203767403960228,-0.677015125751495,-0.444974422454834,-0.0400113724172115,-0.613001644611359,-0.786039352416992,-0.54287850856781,-0.791221439838409,-0.631255209445953,-0.61594545841217,-0.536826848983765,-0.690784990787506,-0.738764405250549,-0.691019892692566,-0.549649655818939,-0.480548650026321,-0.570796310901642,-0.209745213389397,-0.366714298725128,-0.512122809886932,-0.194527044892311,-0.850157201290131,-0.138190984725952,-0.18343411386013,-0.576638162136078,-0.499972760677338,-0.49005338549614,0.350931823253632,-0.69611132144928,-0.608331084251404,-0.666698276996613,-0.307933479547501,-0.365037113428116,-0.6033695936203,-0.816503763198853,-0.391828805208206,-0.795181334018707,-0.431295037269592,-0.824479341506958,-0.771987855434418,-0.308030694723129,-0.297472208738327,-0.688176810741425,-0.46000999212265,0.455212861299515,0.511917591094971,-0.335753947496414,0.942754507064819,0.643887877464294,0.573282957077026,-0.362140387296677,0.974748492240906,-0.214935898780823,0.743535459041595,-0.247126400470734,-0.414336681365967,-0.453125596046448,-0.131835207343102,-0.221414551138878,-0.421479433774948,0.589334607124329,-0.0893403440713882,-0.0614852756261826,-0.430910229682922,0.141701638698578,-0.43348303437233,-0.200823396444321,-0.0994075834751129,0.356147199869156,-0.183998599648476,0.749850332736969,0.174984753131866,0.137463837862015,-0.794106066226959,-0.331331878900528,-0.279303371906281,-0.506174325942993,-0.397095322608948,-0.701078474521637,-0.542868435382843,-0.589789569377899,-0.296093732118607,-0.352778136730194,-0.277856886386871,-0.420656114816666,-0.463669776916504,-0.0774893835186958,-0.593590915203094,-0.372756093740463,-0.475634574890137,0.255973815917969,-0.450451642274857,-0.490842640399933,-0.451930433511734,-0.343473821878433,0.0685016140341759,-0.134387463331223,0.271237790584564,-0.533862829208374
-0.698654532432556,0.682537734508514,-0.604562401771545,0.31708174943924,0.116116397082806,0.489895820617676,0.0423282086849213,0.253339976072311,-0.00389887229539454,0.85473108291626,0.240795478224754,0.540779232978821,0.907938003540039,0.486156463623047,0.607539594173431,0.341901153326035,0.728238463401794,0.533492624759674,0.707830667495728,-0.0513885952532291,0.184813320636749,0.710547983646393,0.830502867698669,-0.218953549861908,0.0257991570979357,-0.457232534885406,0.419511169195175,-0.130340501666069,0.651535034179688,0.219807967543602,0.233035504817963,0.27264729142189,0.81419974565506,0.0133600970730186,0.117724917829037,0.350165158510208,0.479131013154984,0.49506875872612,0.0630442351102829,0.21833872795105,0.87462705373764,0.729372024536133,0.0632106214761734,0.215964585542679,0.82521003484726,0.464526623487473,0.177342116832733,0.28167599439621,0.400029301643372,0.352853268384933,0.266867607831955,-0.33342832326889,0.364142566919327,0.289990097284317,0.0740370452404022,0.521488428115845,0.769515931606293,0.426341354846954,0.556521475315094,0.53040885925293,0.525632858276367,0.812163412570953,0.0728333070874214,0.611700177192688,0.682364583015442,0.939487397670746,0.955320656299591,0.707911610603333,0.298487573862076,0.980205953121185,0.661907196044922,0.7558513879776,0.956121981143951,0.878604054450989,0.728043019771576,0.23099048435688,0.67707347869873,-0.217166528105736,0.417536169290543,0.826799035072327,0.788788616657257,0.130493119359016,0.800692677497864,0.927031457424164,0.422057300806046,0.770388662815094,-0.263429880142212,-0.643632292747498,0.322865962982178,0.822533309459686,0.889778435230255,0.955264687538147,0.860245704650879,-0.0475195646286011,0.154718726873398,0.56967294216156,0.328266829252243,-0.195163056254387,-0.153331607580185,-0.150764837861061,0.587591886520386,0.948412716388702,-0.128315269947052,0.601767778396606,-0.0669491365551949,0.266161441802979,0.22835536301136,-0.0706155002117157,-0.0177070815116167,0.959601223468781,0.983097314834595,0.361702501773834,0.919415175914764,0.273533433675766,0.865702986717224,0.351210564374924,0.738661885261536,0.86418628692627,0.692355990409851,0.75356137752533,0.714081823825836,0.648697435855865,0.949584484100342,0.429079115390778,0.410432875156403,1,0.165223151445389,0.752664744853973,0.446961969137192,0.856077790260315,0.616043448448181,0.917041778564453,0.400229334831238,0.627988636493683,0.855287373065948,0.87290632724762,0.231429040431976,0.676085889339447,0.782177984714508,0.72607809305191,0.433716028928757,0.731256484985352,0.777069985866547,0.612784326076508,0.725851714611053,0.322325795888901,0.806369781494141,0.181251406669617,0.892128050327301,0.00401164963841438,0.605046808719635,0.299587696790695,-0.922439396381378,-0.839111924171448,-0.6603764295578,-0.651845633983612,-0.383831024169922,-0.806005358695984,-0.428772538900375,-0.830669522285461,-0.849333941936493,-0.360641419887543,-0.408798336982727,-0.729983508586884,-0.744340002536774,-0.641007006168365,-0.0894932821393013,-0.638052999973297,-0.369745075702667,-0.78259003162384,-0.583558082580566,-0.563941538333893,-0.564862847328186,-0.7055304646492,-0.811639785766602,0.0943714454770088,-0.850675106048584,-0.223358348011971,-0.525081217288971,0.167729139328003,-0.659706830978394,-0.502001047134399,-0.558723926544189,-0.440819174051285,-0.549521863460541,-0.279354482889175,-0.395767033100128,0.293890774250031,-0.69375091791153,-0.604099690914154,-0.546095788478851,-0.549234867095947,-0.0724388808012009,-0.487967729568481,-0.632171869277954,-0.384867370128632,0.561914145946503,0.225099936127663,-0.488609045743942,0.164959311485291,0.245727270841599,-0.119882203638554,-0.388320356607437,0.449082940816879,-0.203445583581924,0.46722349524498,-0.0492041446268559,-0.23103666305542,-0.191759049892426,-0.145837247371674,0.0662037432193756,-0.230945408344269,-0.338094353675842,0.379936009645462,-0.322186380624771,-0.253974378108978,-0.419980585575104,-0.215676724910736,-0.143408164381981,-0.388508558273315,0.363835960626602,-0.466120094060898,0.00467682396993041,0.780134856700897,0.00971551798284054,-0.632091641426086,-0.344985991716385,-0.232838034629822,0.000518709362950176,-0.175297647714615,-0.345434099435806,-0.279798418283463,-0.28303599357605,-0.169603362679482,-0.0995224863290787,0.270494788885117,-0.178003862500191,-0.082626149058342,-0.296546906232834,-0.422572731971741,-0.198810517787933,0.0265025403350592,0.324822604656219,0.509044647216797,-0.814473628997803,-0.406959116458893,-0.489454478025436,-0.173404335975647,0.363652139902115,0.204948708415031,-0.327914476394653
-0.308754920959473,0.722280144691467,-0.309341043233871,0.800002336502075,-0.471895754337311,-0.337758183479309,-0.840018153190613,0.459439396858215,-0.930438816547394,0.587889671325684,-0.785158574581146,-0.412987232208252,0.495739609003067,0.511257529258728,0.27623462677002,-0.722709000110626,-0.47693595290184,0.312821567058563,0.626618623733521,-0.878369033336639,-0.789727926254272,0.524161636829376,0.325110405683517,-0.907890379428864,-0.656771719455719,-0.334255665540695,-0.770204126834869,-0.485538125038147,-0.456179648637772,-0.814846634864807,0.882847189903259,0.923224747180939,-0.238712713122368,0.799059391021729,0.81494402885437,0.917876422405243,0.909530282020569,0.899005055427551,0.916031062602997,0.898579359054565,0.605151891708374,0.768944084644318,-0.0650423839688301,0.72402960062027,0.0239177979528904,0.888554573059082,0.993493556976318,0.979786276817322,0.956872403621674,0.939921796321869,0.949457943439484,0.560161173343658,0.928171277046204,0.95031076669693,0.899786591529846,-0.330551654100418,-0.259260594844818,-0.450171500444412,-0.65505850315094,0.708909869194031,0.807802021503448,-0.133782625198364,-0.677408993244171,-0.213798061013222,-0.330254167318344,0.293877840042114,0.129617065191269,0.754633963108063,0.857367396354675,0.257598370313644,0.79448539018631,-0.293539792299271,0.354994773864746,0.273709744215012,0.604815781116486,0.936505496501923,-0.563554525375366,-0.759596168994904,0.801622927188873,0.232294455170631,-0.0289254989475012,-0.883450627326965,0.529820501804352,-0.129959926009178,-0.559185981750488,-0.224895894527435,-0.626476168632507,-0.52352899312973,-0.427149802446365,-0.32080265879631,-0.0893478691577911,0.101190149784088,0.00541652599349618,0.721633911132812,0.549186646938324,-0.39180850982666,0.418009012937546,-0.927262723445892,-0.568043351173401,-0.919661581516266,-0.213048860430717,0.00423165922984481,-0.934224605560303,0.340157747268677,-0.00848501455038786,0.871761977672577,0.964065551757812,0.480574935674667,0.825786232948303,0.392502903938293,0.21582393348217,-0.709778606891632,0.33456689119339,0.915645360946655,0.150589391589165,0.831210911273956,-0.284119576215744,0.55834436416626,-0.418144166469574,0.193995997309685,-0.461403220891953,-0.361052960157394,-0.113480821251869,-0.73538875579834,0.570153832435608,0.165223151445389,1,-0.0558299981057644,0.921081900596619,0.343289494514465,0.700688004493713,0.050645437091589,0.83004367351532,0.0255753118544817,0.623957574367523,0.511445760726929,0.880380809307098,-0.183346882462502,0.633676528930664,-0.189443185925484,0.335725456476212,0.169337466359138,0.562514424324036,0.529575288295746,-0.14558182656765,0.974291503429413,0.543474555015564,-0.546877205371857,0.445208668708801,0.881891071796417,0.339553624391556,0.754649758338928,-0.233486354351044,-0.553630709648132,-0.440390944480896,-0.47073969244957,-0.596104443073273,-0.488748967647552,-0.337649405002594,-0.364156603813171,-0.536047339439392,-0.0311315823346376,0.241002142429352,-0.429706633090973,-0.665014982223511,-0.843652784824371,-0.677976310253143,-0.393837630748749,-0.669535875320435,-0.412292629480362,-0.709821581840515,-0.570458889007568,-0.566881418228149,-0.465565651655197,0.0908051282167435,-0.56987327337265,-0.559451043605804,-0.851637661457062,-0.467286646366119,-0.424211531877518,-0.218100905418396,-0.564713656902313,-0.000457782298326492,-0.662207245826721,-0.698369145393372,-0.847240149974823,-0.790529191493988,-0.521918058395386,-0.573040127754211,-0.675269365310669,-0.329708606004715,-0.34844645857811,-0.83080005645752,-0.320720434188843,-0.757832944393158,-0.364628970623016,0.434541314840317,0.142525359988213,-0.653162062168121,0.714441418647766,0.179850548505783,0.0167313441634178,-0.733655750751495,0.55525130033493,-0.137981846928596,0.44006136059761,-0.591455161571503,-0.83061021566391,-0.399604380130768,-0.646850764751434,0.12281109392643,-0.677756130695343,0.704836249351501,-0.645195960998535,-0.212852418422699,-0.671038746833801,0.113179467618465,-0.278694242238998,0.0485245324671268,0.0052965572103858,-0.180412501096725,0.00750149413943291,0.811684310436249,0.231703817844391,0.816113591194153,-0.514634191989899,0.164852231740952,0.233995154500008,-0.300289899110794,0.118040844798088,-0.545710623264313,-0.259297311306,-0.303668111562729,0.243928328156471,0.0600230842828751,0.162327766418457,-0.0548180900514126,0.0739659145474434,0.166329309344292,-0.475782781839371,0.158418253064156,-0.0864773839712143,0.311151742935181,-0.603730738162994,-0.519455075263977,-0.255367368459702,-0.581479251384735,0.525126874446869,0.310536235570908,0.659214437007904,-0.529648423194885
-0.460119009017944,0.326849520206451,-0.246015504002571,0.39859876036644,0.17268793284893,0.616293787956238,0.301898628473282,0.211799368262291,0.172038346529007,0.593061983585358,0.441777467727661,0.511155903339386,0.684346199035645,0.133917704224586,0.437436282634735,0.517468392848969,0.80535888671875,0.49102258682251,0.669513165950775,0.285263478755951,0.377965420484543,0.586474418640137,0.299857705831528,-0.00984671991318464,-0.221946880221367,-0.0330620743334293,0.643899381160736,0.199727565050125,0.774972856044769,0.501767158508301,-0.145774215459824,-0.00400811061263084,0.687218248844147,-0.250261574983597,-0.0630834624171257,-0.0994981080293655,0.0821212008595467,0.121158488094807,-0.296216875314713,-0.11236996948719,0.555427372455597,0.429074287414551,0.159369215369225,-0.0674080401659012,0.808157980442047,0.0379509441554546,-0.0607878305017948,-0.0291434135288,0.118846833705902,0.00845833215862513,0.0718136057257652,-0.129001393914223,0.124897561967373,0.0921757966279984,-0.283396363258362,0.659773349761963,0.757306754589081,0.53631466627121,0.731198012828827,0.392104119062424,0.1893070936203,0.513028204441071,0.138417795300484,0.4721759557724,0.659368395805359,0.807862937450409,0.733865559101105,0.490575283765793,0.256304502487183,0.684255003929138,0.420060187578201,0.789448618888855,0.766862273216248,0.697615325450897,0.405362486839294,-0.0402253903448582,0.634151101112366,0.210721641778946,0.0360978953540325,0.492737978696823,0.904099404811859,0.272969096899033,0.714726567268372,0.88060986995697,0.810938537120819,0.911389350891113,-0.210216253995895,-0.433220893144608,0.53999662399292,0.821606278419495,0.62756210565567,0.838531970977783,0.750065803527832,-0.305524259805679,-0.100841097533703,0.832838118076324,0.6254563331604,0.125384092330933,-0.0487762503325939,0.0644502192735672,0.921285271644592,0.621829509735107,0.0709773004055023,0.23485167324543,0.423679262399673,0.0445868372917175,-0.13961173593998,-0.215149775147438,-0.434661328792572,0.749195516109467,0.832115411758423,0.690046012401581,0.655366361141205,0.0243248231709003,0.665854036808014,0.414371341466904,0.589245140552521,0.599596321582794,0.592709124088287,0.471114486455917,0.745388627052307,0.600830078125,0.786949992179871,0.614997744560242,0.622612953186035,0.752664744853973,-0.0558299981057644,1,0.221298322081566,0.67026162147522,0.392251193523407,0.736814558506012,0.267854779958725,0.585804879665375,0.534038901329041,0.635541260242462,0.119265429675579,0.828502535820007,0.648892462253571,0.884353697299957,0.722837746143341,0.810832738876343,0.393591523170471,0.402396589517593,0.348606616258621,0.00749182421714067,0.577613115310669,0.438739597797394,0.640487372875214,-0.3944191634655,0.665014922618866,0.10159719735384,-0.550870656967163,-0.679547429084778,-0.35264840722084,-0.205923452973366,-0.409370452165604,-0.687516689300537,-0.514265060424805,-0.81782341003418,-0.639066636562347,-0.615922808647156,-0.771533370018005,-0.538304090499878,-0.610618889331818,-0.39915743470192,-0.137480944395065,-0.386230170726776,-0.107728615403175,-0.341984868049622,-0.261731535196304,-0.218428879976273,-0.198617696762085,-0.731643497943878,-0.656864404678345,0.318821251392365,-0.520940840244293,0.105609357357025,-0.218015506863594,0.492373049259186,-0.645548105239868,-0.473292738199234,-0.64214962720871,-0.125460162758827,-0.206108212471008,-0.164637416601181,-0.378085196018219,0.106097549200058,-0.541046798229218,-0.229500621557236,-0.614396333694458,-0.552564978599548,0.102800890803337,-0.521876335144043,-0.486047655344009,-0.125526487827301,0.436140894889832,0.372219502925873,-0.28130504488945,0.361086249351501,0.65979129076004,0.45546081662178,-0.0465657860040665,0.684485554695129,-0.209841713309288,0.749105334281921,-0.0148615762591362,-0.0995659083127975,-0.366900324821472,0.0697238966822624,0.0938770398497581,-0.0683477148413658,-0.18156473338604,0.551022231578827,0.165546551346779,-0.26103287935257,-0.0093401437625289,-0.0138683617115021,-0.547123074531555,-0.493134677410126,0.627547204494476,-0.402377367019653,0.0173852629959583,0.514597535133362,-0.295140653848648,-0.678388297557831,-0.577963769435883,-0.558070838451385,-0.203390836715698,-0.5042405128479,-0.326092630624771,-0.448372930288315,-0.373179376125336,-0.508941888809204,-0.377475470304489,-0.230894818902016,-0.36353799700737,-0.434867471456528,-0.368690341711044,-0.312573730945587,-0.483888238668442,-0.334435939788818,0.0338477119803429,0.343873113393784,-0.472778916358948,-0.492747128009796,-0.220403760671616,-0.383846670389175,-0.0423036850988865,-0.22093191742897,-0.208060935139656
-0.618398070335388,0.877574682235718,-0.592132091522217,0.86495304107666,-0.476079940795898,-0.285872429609299,-0.781749129295349,0.290548712015152,-0.865015625953674,0.797465443611145,-0.675955176353455,-0.32670584321022,0.721729159355164,0.465482950210571,0.315596610307693,-0.603951811790466,-0.198079466819763,0.357583791017532,0.854279398918152,-0.793834447860718,-0.731640458106995,0.618863523006439,0.546250641345978,-0.907602071762085,-0.645886838436127,-0.568438947200775,-0.497707456350327,-0.625936388969421,-0.132388800382614,-0.700226366519928,0.828085720539093,0.84734708070755,-0.0259426794946194,0.564631521701813,0.614493608474731,0.86324542760849,0.949249684810638,0.945820093154907,0.81974333524704,0.897698283195496,0.806911110877991,0.909187853336334,-0.256336063146591,0.680955529212952,0.372371345758438,0.930492222309113,0.902235805988312,0.920231938362122,0.986177444458008,0.943574965000153,0.954400479793549,0.489692032337189,0.986129522323608,0.925176322460175,0.827963769435883,-0.146904125809669,-0.0014742404455319,-0.375600159168243,-0.429491549730301,0.747640132904053,0.903723180294037,0.108846478164196,-0.63279789686203,-0.0159523878246546,-0.0935195088386536,0.593385636806488,0.406422048807144,0.933587431907654,0.915942311286926,0.556148886680603,0.937098979949951,-0.0794477090239525,0.631856918334961,0.561498522758484,0.808791279792786,0.923763751983643,-0.281314015388489,-0.81386935710907,0.846707820892334,0.548799395561218,0.313540607690811,-0.679714202880859,0.799217581748962,0.17203676700592,-0.309177160263062,0.0512725114822388,-0.719650328159332,-0.537886321544647,-0.37252414226532,0.0292389038950205,0.171011373400688,0.422281801700592,0.220488324761391,0.662740707397461,0.651561319828033,-0.0524446293711662,0.424527764320374,-0.798025369644165,-0.482090681791306,-0.789816617965698,0.0572362802922726,0.305136829614639,-0.8304722905159,0.446054637432098,0.0171439200639725,0.857938945293427,0.923503458499908,0.515097081661224,0.657258570194244,0.651752173900604,0.498167842626572,-0.498449593782425,0.602075755596161,0.967635095119476,0.500618100166321,0.890761613845825,-0.070689432322979,0.725939214229584,-0.0732972621917725,0.33704400062561,-0.192199155688286,-0.0996246039867401,0.191427662968636,-0.519293248653412,0.72295069694519,0.446961969137192,0.921081900596619,0.221298322081566,1,0.630729138851166,0.694022953510284,0.394173949956894,0.931808233261108,0.376454740762711,0.830328583717346,0.774431109428406,0.935012519359589,0.162042960524559,0.846216082572937,0.0597336739301682,0.52450829744339,0.478458553552628,0.788021087646484,0.735345065593719,0.0841000527143478,0.937561929225922,0.777899503707886,-0.368273675441742,0.716317296028137,0.785337090492249,0.521527051925659,0.806409358978271,-0.395478904247284,-0.719045758247375,-0.692596912384033,-0.48492568731308,-0.586997509002686,-0.775887489318848,-0.38725882768631,-0.65875917673111,-0.761925458908081,-0.152290761470795,0.0533827245235443,-0.735788524150848,-0.810254752635956,-0.942782461643219,-0.55686616897583,-0.674811005592346,-0.792441308498383,-0.585573673248291,-0.699790298938751,-0.795094132423401,-0.563226819038391,-0.708613276481628,-0.216335386037827,-0.375089973211288,-0.793404579162598,-0.824339091777802,-0.719438791275024,-0.164496943354607,-0.548967897891998,-0.565351843833923,-0.306677132844925,-0.643774032592773,-0.68920361995697,-0.76289039850235,-0.82181042432785,-0.338921427726746,-0.833642363548279,-0.790551543235779,-0.619506001472473,-0.648903071880341,-0.729039371013641,-0.313127130270004,-0.828861355781555,-0.607009589672089,0.58969783782959,0.274740219116211,-0.683496534824371,0.767773628234863,0.351008504629135,0.0162150785326958,-0.738333463668823,0.705128788948059,-0.181150108575821,0.518975675106049,-0.43854022026062,-0.72214263677597,-0.47774812579155,-0.523970484733582,-0.0232042297720909,-0.666535437107086,0.599339783191681,-0.464208513498306,-0.35025480389595,-0.632865965366364,-0.00639596162363887,-0.460051596164703,1.3617284821521e-05,-0.0664463043212891,0.0533577650785446,-0.161592319607735,0.774042665958405,0.386973738670349,0.712378799915314,-0.683350265026093,-0.0625941231846809,0.0410997159779072,-0.389635115861893,-0.0304657500237226,-0.708087861537933,-0.406618058681488,-0.523552179336548,0.0457362830638885,-0.122790142893791,0.143941432237625,-0.248392999172211,-0.0996893867850304,-0.000754433567635715,-0.695662319660187,-0.041108887642622,-0.0256121568381786,0.448165386915207,-0.441761672496796,-0.683856606483459,-0.434925317764282,-0.654008269309998,0.385033011436462,0.326808393001556,0.647045373916626,-0.633334934711456
-0.880989670753479,0.656342327594757,-0.739101469516754,0.449166029691696,-0.0359217077493668,0.26213014125824,-0.137154385447502,0.0364180989563465,-0.195229694247246,0.78883558511734,0.05184655636549,0.192174181342125,0.879555821418762,0.530972182750702,0.211300149559975,0.0931629836559296,0.523161351680756,0.270628541707993,0.782988429069519,-0.140973091125488,-0.166180625557899,0.690773665904999,0.782030761241913,-0.357874542474747,-0.280349105596542,-0.582329034805298,0.210310220718384,-0.410550445318222,0.537702202796936,-0.0951303467154503,0.378216862678528,0.339073479175568,0.663974046707153,0.0679071173071861,0.181414619088173,0.440355330705643,0.597608268260956,0.664172470569611,0.229758247733116,0.38152801990509,0.824991226196289,0.826900362968445,-0.119528137147427,0.497437655925751,0.683536469936371,0.601396024227142,0.348207980394363,0.398558080196381,0.548886001110077,0.477420270442963,0.394056528806686,0.0122099984437227,0.608819961547852,0.452169388532639,0.330206900835037,0.48895388841629,0.667830109596252,0.213118925690651,0.276402771472931,0.607870995998383,0.748606741428375,0.589417695999146,-0.125707283616066,0.6550452709198,0.466958612203598,0.909105598926544,0.747369289398193,0.833343029022217,0.411904364824295,0.887203335762024,0.775102496147156,0.492620140314102,0.858722388744354,0.942976415157318,0.853077173233032,0.481108844280243,0.385733544826508,-0.388623148202896,0.522741615772247,0.756867587566376,0.674635231494904,0.00983166042715311,0.891700625419617,0.717034459114075,0.289544284343719,0.520918667316437,-0.445168852806091,-0.514749646186829,0.208976536989212,0.673784792423248,0.683771193027496,0.909063160419464,0.742188990116119,-0.0138932876288891,0.166366502642632,0.580671429634094,0.301688849925995,-0.20717479288578,-0.463834285736084,-0.232914671301842,0.55723625421524,0.815706849098206,-0.402768582105637,0.324266761541367,-0.0612433515489101,0.286947697401047,0.403008013963699,-0.0652646422386169,0.121651247143745,0.889987885951996,0.87113231420517,0.205338597297668,0.908391714096069,0.506902039051056,0.813708007335663,0.60373067855835,0.434482723474503,0.808669090270996,0.683122158050537,0.542870938777924,0.481631904840469,0.566286265850067,0.790575444698334,0.182308480143547,0.594819903373718,0.856077790260315,0.343289494514465,0.67026162147522,0.630729138851166,1,0.619377374649048,0.898112297058105,0.711548328399658,0.732585847377777,0.857270419597626,0.95828765630722,0.459841817617416,0.757883250713348,0.815444529056549,0.60157173871994,0.573592483997345,0.795577526092529,0.84737241268158,0.785485625267029,0.597149193286896,0.490887999534607,0.801433444023132,-0.127620622515678,0.837161004543304,0.252256274223328,0.644940853118896,0.515859961509705,-0.729109644889832,-0.881087303161621,-0.804695069789886,-0.57094794511795,-0.276584684848785,-0.844688892364502,-0.290142834186554,-0.84960001707077,-0.938589692115784,-0.350413650274277,-0.302402913570404,-0.801891922950745,-0.751781105995178,-0.748094975948334,-0.0508432351052761,-0.792906224727631,-0.6792311668396,-0.76158744096756,-0.623227596282959,-0.741183996200562,-0.586368680000305,-0.761273741722107,-0.730863332748413,-0.0115428324788809,-0.926454067230225,-0.449152648448944,-0.713494777679443,0.15383668243885,-0.668617963790894,-0.429363965988159,-0.540252506732941,-0.569482028484344,-0.619387865066528,-0.251036614179611,-0.64132696390152,0.166946649551392,-0.79643315076828,-0.771058797836304,-0.618360340595245,-0.647638857364655,-0.342566430568695,-0.174332424998283,-0.756101310253143,-0.568000972270966,0.540993452072144,0.292255401611328,-0.454207479953766,0.423741638660431,0.453936457633972,0.131241261959076,-0.304111123085022,0.558191895484924,-0.453808635473251,0.530189514160156,-0.0795690193772316,-0.301712393760681,-0.134447902441025,-0.371225237846375,-0.0668786689639091,-0.228675916790962,-0.113563984632492,0.150758191943169,-0.443414747714996,-0.481240034103394,-0.498165220022202,-0.349547505378723,-0.128485828638077,-0.44602233171463,0.381586253643036,-0.407275974750519,0.252282172441483,0.488964796066284,0.148675099015236,-0.843214988708496,-0.301582008600235,-0.159535199403763,-0.0710019990801811,-0.0576865673065186,-0.499876916408539,-0.315195649862289,-0.427297323942184,-0.105599127709866,-0.151289865374565,0.212331801652908,-0.116134285926819,-0.0814116597175598,-0.136332839727402,-0.558460295200348,-0.142706349492073,0.233477532863617,0.393469452857971,0.280979603528976,-0.747880458831787,-0.227960139513016,-0.66746711730957,0.143518477678299,0.439082682132721,0.257196307182312,-0.513200640678406
-0.336556673049927,0.635072350502014,-0.210336625576019,0.563275218009949,0.0152939213439822,0.403391361236572,-0.306241691112518,0.754885673522949,-0.439822614192963,0.72094988822937,-0.156241074204445,0.253265351057053,0.764639973640442,0.850753724575043,0.562924146652222,-0.0635216757655144,0.143464162945747,0.566522896289825,0.617082357406616,-0.440576642751694,-0.202643096446991,0.867273509502411,0.543205559253693,-0.540177226066589,-0.392057180404663,-0.0956980735063553,-0.314547181129456,-0.0106760552152991,-0.0166111383587122,-0.260970532894135,0.640551209449768,0.757141828536987,0.461766541004181,0.740096628665924,0.842428505420685,0.776294231414795,0.751871764659882,0.789447367191315,0.527790129184723,0.52436637878418,0.769968867301941,0.838916659355164,0.479134529829025,0.65515273809433,0.230451673269272,0.722710609436035,0.736806869506836,0.75368195772171,0.722318947315216,0.690599083900452,0.599957644939423,0.0819235816597939,0.660576522350311,0.725856781005859,0.532773733139038,0.229531794786453,0.338751554489136,0.22725847363472,-0.0270009413361549,0.821086466312408,0.726456522941589,0.327419817447662,-0.264455378055573,0.318611472845078,0.179823786020279,0.615211963653564,0.531895935535431,0.748108863830566,0.527625024318695,0.582079112529755,0.774662137031555,0.342105627059937,0.651868999004364,0.592980921268463,0.645356595516205,0.638638317584991,-0.0410706885159016,-0.327256560325623,0.632882177829742,0.319232970476151,0.22868524491787,-0.551607549190521,0.624439418315887,0.41294339299202,-0.120386876165867,0.254240542650223,-0.37251403927803,-0.884945929050446,0.223879158496857,0.14501391351223,0.413267731666565,0.531762897968292,0.602555513381958,0.185351878404617,0.0223026871681213,-0.0455600246787071,0.620521903038025,-0.728659570217133,-0.715253233909607,-0.737730979919434,0.182274177670479,0.446957439184189,-0.75878518819809,0.425327062606812,-0.045255221426487,0.556969165802002,0.646964013576508,-0.12183940410614,0.540632724761963,0.720316469669342,0.646903514862061,-0.17237015068531,0.65430474281311,0.535064399242401,0.315759301185608,0.70326042175293,0.250762045383453,0.839210748672485,0.0033774902112782,0.550685048103333,0.116155900061131,0.142680883407593,0.441622316837311,-0.178956508636475,0.487799912691116,0.616043448448181,0.700688004493713,0.392251193523407,0.694022953510284,0.619377374649048,1,0.410334080457687,0.650317549705505,0.0824620947241783,0.763945460319519,0.695787489414215,0.487533032894135,0.161259353160858,0.708834767341614,0.352284669876099,0.375247478485107,0.383095979690552,0.620028734207153,0.528855979442596,0.272032111883163,0.786054849624634,0.617779135704041,-0.430474400520325,0.604004502296448,0.478078603744507,0.545733094215393,0.538608729839325,-0.759326040744781,-0.893602848052979,-0.416694551706314,-0.847326815128326,-0.648157715797424,-0.532911777496338,-0.505341649055481,-0.540181159973145,-0.770264506340027,-0.271439403295517,-0.0883394405245781,-0.36149662733078,-0.820346176624298,-0.858225643634796,-0.568021535873413,-0.323413044214249,-0.475298225879669,-0.655721843242645,-0.960894227027893,-0.381136000156403,-0.865091145038605,-0.542658746242523,-0.298458814620972,-0.470196604728699,-0.714480042457581,-0.615001142024994,-0.249537736177444,-0.434253960847855,-0.160529896616936,-0.789904117584229,-0.0299525316804647,-0.818178296089172,-0.915697693824768,-0.74895316362381,-0.79751181602478,-0.27479287981987,-0.482503801584244,-0.726835668087006,-0.182321846485138,-0.164080962538719,-0.665704369544983,-0.624402403831482,-0.932649552822113,-0.0545485056936741,0.47070249915123,0.0912644490599632,-0.708808124065399,0.455890744924545,0.205536425113678,0.129932016134262,-0.56864857673645,0.512503147125244,-0.366659492254257,0.688013195991516,-0.601601779460907,-0.802581012248993,-0.19216151535511,-0.746411085128784,0.437436699867249,-0.467853784561157,0.101373396813869,-0.141833633184433,-0.0954391956329346,-0.757750868797302,-0.206469461321831,0.0739499479532242,-0.191896736621857,-0.452634394168854,-0.0201512444764376,-0.191310465335846,0.418805658817291,0.547644376754761,0.466295450925827,-0.734364748001099,0.0727538615465164,0.153326526284218,0.0647121295332909,0.13168229162693,-0.288420766592026,-0.154851511120796,-0.0296686999499798,0.252503901720047,0.222262054681778,0.304450154304504,0.205722719430923,0.243992179632187,0.100371792912483,-0.208385586738586,0.209742873907089,-0.0943446904420853,0.150519520044327,0.0232244543731213,-0.736970663070679,-0.11593995988369,-0.690735161304474,0.34977850317955,0.49919056892395,0.379613548517227,-0.398371994495392
-0.866828918457031,0.585919141769409,-0.776890993118286,0.265041202306747,0.212176769971848,0.381812125444412,0.126341134309769,-0.0812349393963814,0.0836665630340576,0.712277591228485,0.302549570798874,0.432610511779785,0.797292828559875,0.292789816856384,0.34508740901947,0.362320750951767,0.76577889919281,0.249069064855576,0.680259704589844,0.106202438473701,0.148367777466774,0.596210658550262,0.776377081871033,-0.087028481066227,-0.0608896985650063,-0.581345617771149,0.503978610038757,-0.253208756446838,0.6578209400177,0.171731218695641,0.0653809830546379,0.166129186749458,0.775945007801056,-0.231707721948624,-0.0846038088202477,0.199372172355652,0.355604857206345,0.392752438783646,-0.0628457814455032,0.223100110888481,0.754981338977814,0.627436101436615,-0.164222314953804,0.136545345187187,0.857841074466705,0.349312961101532,0.0367156229913235,0.117059454321861,0.298132866621017,0.278310984373093,0.18344284594059,-0.321253418922424,0.322634339332581,0.127068519592285,0.000610705290455371,0.622937083244324,0.835607469081879,0.393620312213898,0.546665489673615,0.443972110748291,0.486870765686035,0.840973734855652,0.150328889489174,0.710425198078156,0.748343348503113,0.920596420764923,0.890619277954102,0.636414468288422,0.258309602737427,0.924906194210052,0.583462059497833,0.73182886838913,0.884001016616821,0.847043633460999,0.658621609210968,0.140110149979591,0.718086719512939,-0.184202015399933,0.423966616392136,0.867770791053772,0.803474485874176,0.338787019252777,0.80969101190567,0.867668807506561,0.435554891824722,0.739973843097687,-0.151574701070786,-0.44196555018425,0.33869943022728,0.897237181663513,0.74639618396759,0.974523961544037,0.850068211555481,-0.189657539129257,0.159800484776497,0.737211108207703,0.170502066612244,-0.0104236425831914,-0.14030884206295,0.0792323723435402,0.594860374927521,0.909007608890533,-0.0482313297688961,0.499217927455902,-0.0903074219822884,0.167861625552177,0.143359363079071,-0.109112255275249,-0.171813502907753,0.886062860488892,0.897131323814392,0.455364763736725,0.928697764873505,0.281614542007446,0.869745552539825,0.332419246435165,0.745075881481171,0.763701498508453,0.844001948833466,0.53381335735321,0.735498785972595,0.810784518718719,0.927146136760712,0.515921115875244,0.389762699604034,0.917041778564453,0.050645437091589,0.736814558506012,0.394173949956894,0.898112297058105,0.410334080457687,1,0.395712107419968,0.731041967868805,0.746226072311401,0.873027920722961,0.180589899420738,0.839773714542389,0.689479529857635,0.783523738384247,0.380106300115585,0.831276059150696,0.76077139377594,0.561657011508942,0.751951158046722,0.206586435437202,0.691673517227173,0.191395670175552,0.872722327709198,-0.056745458394289,0.633425235748291,0.390668004751205,-0.753336906433105,-0.719355225563049,-0.809728920459747,-0.50186687707901,-0.0830375626683235,-0.793215811252594,-0.13534577190876,-0.78170520067215,-0.851102828979492,-0.180231139063835,-0.294779151678085,-0.752789556980133,-0.565485537052155,-0.521770238876343,0.213803723454475,-0.812505483627319,-0.490737438201904,-0.797996819019318,-0.445208638906479,-0.677907824516296,-0.484937012195587,-0.616928100585938,-0.928851842880249,0.360221475362778,-0.843976378440857,-0.0840339884161949,-0.679172515869141,0.235286816954613,-0.740841865539551,-0.192849323153496,-0.610515058040619,-0.413793742656708,-0.443775743246078,0.0012237896444276,-0.343361735343933,0.505361318588257,-0.718423306941986,-0.643504738807678,-0.58364725112915,-0.608938932418823,-0.0751800313591957,-0.224845111370087,-0.490367561578751,-0.557138621807098,0.646750152111053,0.389577567577362,-0.308833748102188,0.166820779442787,0.434692442417145,-0.0623202137649059,-0.141387552022934,0.420157164335251,-0.143891930580139,0.413521289825439,0.21565455198288,-0.0201647561043501,-0.243086919188499,-0.0963536202907562,0.00385252106934786,-0.0011397625785321,-0.328929007053375,0.475375145673752,-0.297386646270752,-0.24459981918335,-0.392155289649963,-0.217648610472679,-0.231223627924919,-0.5014568567276,0.599563419818878,-0.627447009086609,-0.105124868452549,0.68978625535965,0.0106392493471503,-0.583483040332794,-0.560440480709076,-0.436988025903702,-0.170910954475403,-0.301795899868011,-0.481209844350815,-0.443057537078857,-0.508350193500519,-0.382827311754227,-0.362881183624268,0.0678337439894676,-0.33683717250824,-0.277285575866699,-0.471248120069504,-0.591479301452637,-0.395266115665436,0.215897887945175,0.211539626121521,0.494399577379227,-0.745505154132843,-0.382696241140366,-0.385187327861786,-0.254163682460785,0.258646339178085,0.00729451002553105,-0.472863674163818
-0.629045784473419,0.702280044555664,-0.539957284927368,0.770495235919952,-0.481756687164307,-0.256096661090851,-0.71700257062912,0.182151719927788,-0.786783635616302,0.700861275196075,-0.597723305225372,-0.424896538257599,0.664764225482941,0.471940606832504,0.0765353739261627,-0.571916818618774,-0.178753346204758,0.280857861042023,0.802687704563141,-0.67597371339798,-0.735641121864319,0.60600870847702,0.499880284070969,-0.840017795562744,-0.704307615756989,-0.492833733558655,-0.438584983348846,-0.630848407745361,-0.0186862517148256,-0.654389917850494,0.756912291049957,0.688896894454956,0.0122418543323874,0.475739926099777,0.531666159629822,0.752160370349884,0.866080939769745,0.900719881057739,0.715140581130981,0.749295949935913,0.709719359874725,0.859650611877441,-0.239423200488091,0.73281729221344,0.293905854225159,0.862615466117859,0.818849444389343,0.816290080547333,0.892405152320862,0.821827054023743,0.812470674514771,0.633205831050873,0.959303081035614,0.875539243221283,0.788309752941132,-0.100417874753475,0.0121325505897403,-0.38311105966568,-0.399148374795914,0.642975866794586,0.885309100151062,0.00529184984043241,-0.685132920742035,0.0651815533638,-0.188973724842072,0.586988627910614,0.309531360864639,0.907941401004791,0.788244307041168,0.503692805767059,0.90466970205307,-0.140334829688072,0.562249183654785,0.660002171993256,0.809036076068878,0.905234217643738,-0.334597110748291,-0.744992911815643,0.712376594543457,0.458043456077576,0.284830302000046,-0.621565639972687,0.791602373123169,0.159508302807808,-0.186289489269257,-0.0173889026045799,-0.801245152950287,-0.462465584278107,-0.317741364240646,0.0263851191848516,0.188724458217621,0.425148904323578,0.194454193115234,0.522035956382751,0.465244293212891,0.043751310557127,0.445842653512955,-0.602010071277618,-0.605132400989532,-0.727191686630249,0.155872419476509,0.301430851221085,-0.834191381931305,0.199181035161018,-0.00111972563900054,0.630141615867615,0.824744999408722,0.360085070133209,0.558138310909271,0.59686815738678,0.476225942373276,-0.424881011247635,0.575452089309692,0.890217781066895,0.490494281053543,0.902711570262909,-0.203335717320442,0.608982443809509,0.023530712351203,0.224649041891098,-0.221904829144478,-0.091468907892704,0.196573421359062,-0.507326006889343,0.75059187412262,0.400229334831238,0.83004367351532,0.267854779958725,0.931808233261108,0.711548328399658,0.650317549705505,0.395712107419968,1,0.500992298126221,0.76980322599411,0.769933104515076,0.896062135696411,0.306322455406189,0.78473699092865,0.0591680742800236,0.635899901390076,0.538108348846436,0.763759016990662,0.843328535556793,0.0954435914754868,0.866120338439941,0.718102276325226,-0.493824332952499,0.611859500408173,0.736178934574127,0.552407145500183,0.689384937286377,-0.322156399488449,-0.729922533035278,-0.626781523227692,-0.413528919219971,-0.532272160053253,-0.725185632705688,-0.399694889783859,-0.676200091838837,-0.745214343070984,-0.293334066867828,-0.052592609077692,-0.701861441135406,-0.792143762111664,-0.90218323469162,-0.503304898738861,-0.621700346469879,-0.777317941188812,-0.474349439144135,-0.63404643535614,-0.721187770366669,-0.481737196445465,-0.743312299251556,-0.196501418948174,-0.424794465303421,-0.747887790203094,-0.845638275146484,-0.661201059818268,-0.049402941018343,-0.474636495113373,-0.562907457351685,-0.266662061214447,-0.57554966211319,-0.615242540836334,-0.650714933872223,-0.841993153095245,-0.421333700418472,-0.765341341495514,-0.730658829212189,-0.593119204044342,-0.631127834320068,-0.733906745910645,-0.149461790919304,-0.855701506137848,-0.538031458854675,0.395936518907547,0.149235263466835,-0.644550859928131,0.771197378635406,0.435440689325333,0.22690349817276,-0.611422777175903,0.679090261459351,-0.483411580324173,0.541151463985443,-0.492860049009323,-0.70130056142807,-0.298566669225693,-0.592372536659241,-0.102891571819782,-0.634966254234314,0.517058074474335,-0.508852422237396,-0.408160477876663,-0.697644352912903,-0.153768166899681,-0.479415416717529,-0.0279148910194635,-0.119924053549767,0.0103872213512659,-0.00762369949370623,0.79379403591156,0.155962854623795,0.578115344047546,-0.827166140079498,0.0395620465278625,0.140992611646652,-0.218650117516518,0.130890712141991,-0.575857877731323,-0.25025886297226,-0.421508640050888,0.149724528193474,-0.0235054716467857,0.201677709817886,-0.0683093518018723,0.0139135643839836,0.199880793690681,-0.566340804100037,0.0897229760885239,0.115261137485504,0.525421261787415,-0.36620020866394,-0.523590981960297,-0.256632328033447,-0.785478532314301,0.568536818027496,0.44458857178688,0.600026786327362,-0.517386794090271
-0.699042856693268,0.418052434921265,-0.644010126590729,0.239019155502319,-0.227444738149643,-0.0633259415626526,-0.183872133493423,-0.30161190032959,-0.131330236792564,0.593012630939484,-0.0287336204200983,-0.124348945915699,0.541557788848877,-0.0857937708497047,0.0807290971279144,-0.0202954839915037,0.428866267204285,0.314785957336426,0.634512484073639,-0.0852311626076698,-0.0965027287602425,0.363674581050873,0.609706521034241,-0.302204340696335,-0.185051888227463,-0.542230546474457,0.424744367599487,-0.478616058826447,0.68874728679657,0.0682432800531387,0.0572457313537598,-0.0392970331013203,0.330485016107559,-0.42573955655098,-0.35657811164856,0.0658046379685402,0.308399468660355,0.309735029935837,-0.0434322245419025,0.132825613021851,0.566456615924835,0.443660527467728,-0.504861652851105,0.00678161578252912,0.755851030349731,0.318972617387772,-0.0114869559183717,0.075729601085186,0.263781249523163,0.210926458239555,0.167583808302879,0.208580359816551,0.364153176546097,0.174911066889763,0.0360492467880249,0.113457463681698,0.354743003845215,-0.156584724783897,0.316214799880981,0.0119393188506365,0.336269468069077,0.418458819389343,-0.330966532230377,0.228683963418007,0.213571488857269,0.753983914852142,0.620175182819366,0.585445582866669,0.294360935688019,0.704318821430206,0.556637167930603,0.258116126060486,0.676766753196716,0.82588130235672,0.588152647018433,0.20611783862114,0.406660467386246,-0.380385488271713,0.233908832073212,0.775844097137451,0.727912664413452,0.177578255534172,0.737430930137634,0.638057708740234,0.490641742944717,0.447045773267746,-0.584531724452972,-0.164155200123787,-0.163311690092087,0.634556472301483,0.642834603786469,0.681344509124756,0.335013389587402,0.122907921671867,0.364737153053284,0.613547086715698,0.183306977152824,0.200307041406631,0.121471293270588,0.0067391786724329,0.521337032318115,0.711205363273621,0.0359474793076515,0.270881831645966,-0.116201087832451,0.00424008630216122,0.122180767357349,0.261893898248672,-0.263474762439728,0.638211190700531,0.669745743274689,0.216125249862671,0.659583270549774,0.316433608531952,0.897134363651276,0.295249164104462,0.242501378059387,0.351037263870239,0.65364021062851,0.214053764939308,0.336853325366974,0.371718615293503,0.643738925457001,0.226005762815475,0.432942271232605,0.627988636493683,0.0255753118544817,0.585804879665375,0.376454740762711,0.732585847377777,0.0824620947241783,0.731041967868805,0.500992298126221,1,0.613362073898315,0.6976597905159,0.353075712919235,0.808972418308258,0.576428115367889,0.401559323072433,0.583227157592773,0.810776054859161,0.710505247116089,0.799068748950958,0.569940686225891,0.133544951677322,0.635491549968719,0.14548721909523,0.663526773452759,-0.00198702421039343,0.587681293487549,0.0772081911563873,-0.355938851833344,-0.461789339780807,-0.549087822437286,-0.0976533889770508,-0.216175496578217,-0.731262385845184,-0.354095667600632,-0.789525330066681,-0.561180889606476,-0.408011704683304,-0.43799015879631,-0.805748462677002,-0.537065148353577,-0.432503670454025,0.0295634269714355,-0.629546105861664,-0.294025659561157,-0.346677303314209,-0.0348375737667084,-0.552946388721466,0.0383518859744072,-0.74166876077652,-0.633276522159576,0.208748668432236,-0.587201952934265,-0.219819381833076,-0.599275052547455,0.621672451496124,-0.723691403865814,-0.203718110918999,-0.571195840835571,0.0804938822984695,0.0189443305134773,-0.0139019750058651,-0.147394433617592,0.0910869017243385,-0.650741279125214,-0.280823737382889,-0.72780567407608,-0.7854945063591,0.0237131025642157,-0.0290947239845991,-0.357862412929535,-0.529301285743713,0.188822135329247,-0.00997029896825552,-0.389789968729019,0.20882810652256,0.407001465559006,0.00970816891640425,-0.299921989440918,0.385710388422012,-0.416434794664383,0.223789617419243,-0.0136036491021514,-0.0543631762266159,-0.189252555370331,0.0972107499837875,-0.377761393785477,-0.352240294218063,-0.12908573448658,0.0361435413360596,-0.476935505867004,-0.0985605344176292,-0.311522513628006,-0.57597142457962,-0.092893123626709,-0.0394622571766376,0.268182784318924,-0.0478353835642338,0.167735695838928,0.236558377742767,-0.0642481967806816,-0.575043678283691,-0.240618467330933,-0.170599728822708,-0.0454755388200283,-0.0463202074170113,-0.270836889743805,-0.123194448649883,-0.398684829473495,-0.192490339279175,-0.197086080908775,0.221860349178314,-0.282014310359955,-0.165575236082077,-0.0674115642905235,-0.442473828792572,-0.171936675906181,0.284433990716934,0.653879165649414,0.302718341350555,-0.273102521896362,-0.473712027072906,-0.525248825550079,0.037711638957262,0.360815316438675,0.260258167982101,-0.0702824965119362
-0.733671963214874,0.90743499994278,-0.677713930606842,0.636216998100281,-0.249352648854256,0.102049447596073,-0.465943515300751,0.339241057634354,-0.515588581562042,0.978983640670776,-0.278351873159409,0.106159366667271,0.945627093315125,0.570935368537903,0.560573279857635,-0.177571937441826,0.286897242069244,0.576954543590546,0.883334875106812,-0.533687114715576,-0.316650092601776,0.773145139217377,0.850770235061646,-0.682053208351135,-0.30150580406189,-0.598111033439636,-0.0537077262997627,-0.453600853681564,0.321309983730316,-0.270328938961029,0.644468307495117,0.633708000183105,0.456184595823288,0.348766565322876,0.415088266134262,0.728231906890869,0.852616846561432,0.851480782032013,0.528480529785156,0.627576947212219,0.992278516292572,0.953084707260132,-0.10752534866333,0.521214783191681,0.681472480297089,0.838702440261841,0.62481689453125,0.711414158344269,0.80551415681839,0.754765093326569,0.692005097866058,0.100418120622635,0.781522750854492,0.717137336730957,0.536809802055359,0.146167978644371,0.403064101934433,-0.0136265782639384,0.0695241391658783,0.68691498041153,0.82329261302948,0.534100711345673,-0.375943750143051,0.310902267694473,0.288654804229736,0.889254570007324,0.802248239517212,0.955630123615265,0.6737340092659,0.909639000892639,0.939122140407562,0.361370205879211,0.925891101360321,0.866932988166809,0.911010682582855,0.681061029434204,0.224585935473442,-0.639141321182251,0.720775187015533,0.815578699111938,0.618928253650665,-0.347436547279358,0.912130296230316,0.647372364997864,0.0582049787044525,0.445899933576584,-0.622555255889893,-0.705832719802856,-0.0860322192311287,0.474394172430038,0.681033611297607,0.783642947673798,0.595940768718719,0.403866410255432,0.480834454298019,0.249034017324448,0.421368569135666,-0.572436630725861,-0.338240414857864,-0.580193936824799,0.340265035629272,0.766979515552521,-0.54410719871521,0.629777789115906,-0.10235458612442,0.622208118438721,0.677818775177002,0.286098331212997,0.39197438955307,0.937483966350555,0.869778335094452,-0.123112440109253,0.880799770355225,0.705808222293854,0.821491122245789,0.674770414829254,0.366457432508469,0.903345823287964,0.354145705699921,0.658590197563171,0.276278555393219,0.273570895195007,0.674684226512909,-0.0811538621783257,0.611071825027466,0.855287373065948,0.623957574367523,0.534038901329041,0.830328583717346,0.857270419597626,0.763945460319519,0.746226072311401,0.76980322599411,0.613362073898315,1,0.951234340667725,0.6720170378685,0.461240917444229,0.936861932277679,0.403031855821609,0.542584955692291,0.679180979728699,0.937118887901306,0.834628522396088,0.517207741737366,0.737152814865112,0.937250077724457,-0.134651243686676,0.928116738796234,0.47784611582756,0.637687623500824,0.569880664348602,-0.796945631504059,-0.901732206344604,-0.746349930763245,-0.686947405338287,-0.604712784290314,-0.9066521525383,-0.532820403575897,-0.866593360900879,-0.911850571632385,-0.331221342086792,-0.216135710477829,-0.856439054012299,-0.925299286842346,-0.926870286464691,-0.411148607730865,-0.722301006317139,-0.627025306224823,-0.780661344528198,-0.737244606018066,-0.766165137290955,-0.635232329368591,-0.832719445228577,-0.578650593757629,-0.23003226518631,-0.946702837944031,-0.650441825389862,-0.696927189826965,0.014226108789444,-0.67085337638855,-0.66116726398468,-0.469385236501694,-0.588800430297852,-0.699307084083557,-0.628261387348175,-0.660050451755524,-0.0657787322998047,-0.862956464290619,-0.778709888458252,-0.65727972984314,-0.684415876865387,-0.442721754312515,-0.474712699651718,-0.852340161800385,-0.546046495437622,0.588719725608826,0.173682808876038,-0.730242073535919,0.480629473924637,0.25659304857254,-0.127373695373535,-0.724012196063995,0.612507998943329,-0.283313184976578,0.51358425617218,-0.346011966466904,-0.581257104873657,-0.325331389904022,-0.386331558227539,-0.00683392304927111,-0.594628155231476,0.102642245590687,-0.106886565685272,-0.468053758144379,-0.48167958855629,-0.312887281179428,-0.437212854623795,-0.0156579650938511,-0.19367341697216,0.135067641735077,-0.269831568002701,0.45693501830101,0.664151847362518,0.406741440296173,-0.756999850273132,-0.133136302232742,-0.00784153584390879,-0.121963202953339,-0.0170336626470089,-0.525930225849152,-0.286614805459976,-0.378145188093185,0.0286176037043333,-0.0194886047393084,0.363100588321686,-0.170394837856293,-0.00233653420582414,-0.0829522162675858,-0.581967890262604,-0.0366666465997696,0.0395349524915218,0.548265397548676,0.0888972952961922,-0.8435338139534,-0.475066393613815,-0.725143194198608,0.184581458568573,0.490117758512497,0.578005790710449,-0.464526772499084
-0.869098484516144,0.81929737329483,-0.773641109466553,0.598293840885162,-0.0945266038179398,0.173492074012756,-0.307929188013077,0.16496154665947,-0.378226071596146,0.903719305992126,-0.119477644562721,0.139797151088715,0.92862343788147,0.507601082324982,0.404787659645081,-0.0448574349284172,0.426812291145325,0.413067072629929,0.889635384082794,-0.334417462348938,-0.252926826477051,0.775449156761169,0.824192702770233,-0.531675338745117,-0.372346490621567,-0.623460650444031,0.080461323261261,-0.447367161512375,0.405201643705368,-0.214365229010582,0.486835479736328,0.541799128055573,0.557101309299469,0.178051263093948,0.302514672279358,0.595726072788239,0.741122543811798,0.771957755088806,0.37303215265274,0.570461869239807,0.937942028045654,0.910999119281769,-0.154872015118599,0.479568243026733,0.740013062953949,0.729168713092804,0.501421749591827,0.566111445426941,0.70734179019928,0.664311051368713,0.587830722332001,0.0600193925201893,0.727492928504944,0.584409177303314,0.429157853126526,0.348025947809219,0.570619463920593,0.097234271466732,0.170752376317978,0.681938052177429,0.801755309104919,0.61284875869751,-0.254962772130966,0.490246802568436,0.426433950662613,0.945056259632111,0.816897869110107,0.924474537372589,0.611566424369812,0.921737194061279,0.896729826927185,0.462090790271759,0.932071268558502,0.912394523620605,0.878248035907745,0.583454072475433,0.325099110603333,-0.523864090442657,0.697165489196777,0.839192748069763,0.687549650669098,-0.154443219304085,0.960058808326721,0.700928926467896,0.163753136992455,0.518673717975616,-0.512437701225281,-0.634754359722137,0.0700114220380783,0.61002117395401,0.646685421466827,0.886476159095764,0.709159314632416,0.188923761248589,0.367360562086105,0.455490589141846,0.390183597803116,-0.411534488201141,-0.40276101231575,-0.397622346878052,0.452503770589828,0.798906564712524,-0.490582942962646,0.537266433238983,-0.0794212147593498,0.505224883556366,0.567782342433929,0.128408163785934,0.230410799384117,0.951813399791718,0.892306208610535,0.0543110258877277,0.949530005455017,0.660623788833618,0.843519270420074,0.691922843456268,0.448629826307297,0.89563524723053,0.532092213630676,0.555223166942596,0.39265102148056,0.481526076793671,0.75251966714859,0.0751254335045815,0.634525299072266,0.87290632724762,0.511445760726929,0.635541260242462,0.774431109428406,0.95828765630722,0.695787489414215,0.873027920722961,0.769933104515076,0.6976597905159,0.951234340667725,1,0.590572834014893,0.663933634757996,0.905885279178619,0.564749658107758,0.558956623077393,0.813309907913208,0.93115109205246,0.807243824005127,0.578095853328705,0.638355016708374,0.874885261058807,-0.12127236276865,0.943391382694244,0.365311473608017,0.72104024887085,0.624683976173401,-0.75903707742691,-0.905695796012878,-0.854915738105774,-0.640460252761841,-0.415303409099579,-0.92080157995224,-0.364539831876755,-0.88421618938446,-0.978620827198029,-0.273916959762573,-0.21851535141468,-0.863483190536499,-0.84602016210556,-0.86605840921402,-0.194895163178444,-0.840972006320953,-0.704305171966553,-0.828695178031921,-0.70286500453949,-0.815909564495087,-0.64422070980072,-0.808580756187439,-0.727098226547241,-0.0275244917720556,-0.979631721973419,-0.519618451595306,-0.768673419952393,0.0646887496113777,-0.726489841938019,-0.502750098705292,-0.52312308549881,-0.621483445167542,-0.682870090007782,-0.427541464567184,-0.677614510059357,0.101071327924728,-0.880828738212585,-0.831855475902557,-0.675609886646271,-0.706543028354645,-0.446502178907394,-0.34593591094017,-0.817020893096924,-0.610684990882874,0.671326637268066,0.315281212329865,-0.613334774971008,0.492246031761169,0.455400794744492,0.00762819545343518,-0.500190675258636,0.635429263114929,-0.307699263095856,0.578284740447998,-0.17403282225132,-0.447804540395737,-0.34324386715889,-0.397480130195618,0.0176256243139505,-0.38853719830513,0.0349459871649742,0.0524128377437592,-0.397783190011978,-0.53795325756073,-0.330297946929932,-0.361345708370209,-0.161827221512794,-0.393602222204208,0.362770020961761,-0.430887937545776,0.341555386781693,0.639669835567474,0.347058892250061,-0.809754192829132,-0.324883013963699,-0.190590083599091,-0.204939275979996,-0.126792266964912,-0.605361223220825,-0.416145265102386,-0.514203906059265,-0.141775712370872,-0.202730342745781,0.202337577939034,-0.243664264678955,-0.136777549982071,-0.218230411410332,-0.668662667274475,-0.186785534024239,0.149377554655075,0.4152812063694,0.159906387329102,-0.837640404701233,-0.428344190120697,-0.68144679069519,0.108033917844296,0.432386934757233,0.364596605300903,-0.574623644351959
-0.481717079877853,0.77057808637619,-0.460357636213303,0.880898177623749,-0.733820021152496,-0.498207867145538,-0.863309860229492,0.165030002593994,-0.922155976295471,0.67225706577301,-0.805143773555756,-0.52468878030777,0.569605112075806,0.294881224632263,0.140206098556519,-0.753355264663696,-0.379081428050995,0.266532212495804,0.778355062007904,-0.833432257175446,-0.844607353210449,0.364578574895859,0.33094447851181,-0.942876160144806,-0.630011737346649,-0.527435302734375,-0.530912220478058,-0.702149629592896,-0.140018627047539,-0.723495781421661,0.831910967826843,0.691883146762848,-0.274009346961975,0.504655182361603,0.482315361499786,0.73345547914505,0.8520268201828,0.839943051338196,0.842043876647949,0.804953098297119,0.630284547805786,0.770891070365906,-0.402300447225571,0.654531478881836,0.26361072063446,0.840733885765076,0.863006412982941,0.863360226154327,0.925123393535614,0.827263593673706,0.936147689819336,0.673493146896362,0.94553530216217,0.928470015525818,0.837583541870117,-0.323962867259979,-0.233424201607704,-0.559942364692688,-0.54758620262146,0.607968807220459,0.811503708362579,-0.190860077738762,-0.716341376304626,-0.225282415747643,-0.31005534529686,0.399151504039764,0.169827237725258,0.836491227149963,0.899689555168152,0.364709109067917,0.805039048194885,-0.316511452198029,0.443658173084259,0.413486808538437,0.739879965782166,0.92861419916153,-0.446089833974838,-0.829858064651489,0.648370206356049,0.384708255529404,0.255179613828659,-0.724090576171875,0.670633733272552,-0.01474704220891,-0.281234860420227,-0.0784200057387352,-0.833789169788361,-0.275766670703888,-0.550068914890289,-0.127779453992844,0.0264669861644506,0.215899705886841,-0.066226027905941,0.783442676067352,0.721191763877869,-0.102042675018311,0.35994815826416,-0.70456063747406,-0.34522932767868,-0.759680807590485,0.062460333108902,0.0880667418241501,-0.755346119403839,0.219017818570137,0.197733834385872,0.817753612995148,0.855883777141571,0.679107546806335,0.648848295211792,0.442060470581055,0.305056482553482,-0.567642450332642,0.344016641378403,0.928963005542755,0.401358664035797,0.847820937633514,-0.343609809875488,0.501682162284851,-0.207989141345024,0.255839109420776,-0.346592217683792,-0.358211517333984,-0.0391374006867409,-0.656215369701385,0.780921876430511,0.231429040431976,0.880380809307098,0.119265429675579,0.935012519359589,0.459841817617416,0.487533032894135,0.180589899420738,0.896062135696411,0.353075712919235,0.6720170378685,0.590572834014893,1,0.0333218164741993,0.761669218540192,-0.160386383533478,0.619896173477173,0.324365586042404,0.607910990715027,0.691888689994812,-0.185941025614738,0.839477300643921,0.720116913318634,-0.276671588420868,0.521371424198151,0.780895233154297,0.320802509784698,0.68250697851181,-0.127466037869453,-0.535801112651825,-0.511245310306549,-0.176217466592789,-0.607757866382599,-0.696439921855927,-0.43580436706543,-0.592475235462189,-0.544751524925232,-0.28214156627655,-0.0504903309047222,-0.702630341053009,-0.710526287555695,-0.811035633087158,-0.641445815563202,-0.526399672031403,-0.709518134593964,-0.288380920886993,-0.447961926460266,-0.691656887531281,-0.267035752534866,-0.703416109085083,0.0509425364434719,-0.464442789554596,-0.596540689468384,-0.844751238822937,-0.644099831581116,0.0358934253454208,-0.540826976299286,-0.53670871257782,-0.372802197933197,-0.396160662174225,-0.447346180677414,-0.759312450885773,-0.752174258232117,-0.5184326171875,-0.780465662479401,-0.565045058727264,-0.689167022705078,-0.70713347196579,-0.581647634506226,-0.165163546800613,-0.683640897274017,-0.606064438819885,0.380862772464752,0.235183253884315,-0.537286221981049,0.848956763744354,0.293003797531128,0.115589670836926,-0.714343965053558,0.723142623901367,-0.178506016731262,0.401006042957306,-0.4303218126297,-0.626250922679901,-0.410674601793289,-0.324053823947906,-0.280680775642395,-0.716021537780762,0.770711898803711,-0.593592882156372,-0.384200572967529,-0.449255079030991,0.0752474069595337,-0.635583460330963,0.146875813603401,0.214574381709099,-0.0630000606179237,0.0479008965194225,0.925604701042175,0.115587949752808,0.581333816051483,-0.602327287197113,0.0379161275923252,0.116553872823715,-0.419158041477203,-0.0249203909188509,-0.668481171131134,-0.325130581855774,-0.498675853013992,0.0727525949478149,-0.100352421402931,0.0811223834753036,-0.276725113391876,-0.149501919746399,0.14474381506443,-0.631880462169647,-0.0310727190226316,-0.166632354259491,0.539424061775208,-0.646097004413605,-0.464820027351379,-0.412228643894196,-0.535359025001526,0.425041437149048,0.16232393682003,0.71333235502243,-0.515204131603241
-0.666381537914276,0.200283274054527,-0.507105052471161,0.159370735287666,0.273894399404526,0.408048838376999,0.289038956165314,-0.206639736890793,0.236928358674049,0.432578593492508,0.436831057071686,0.268578559160233,0.517999410629272,-0.0302529558539391,0.0947716310620308,0.443472653627396,0.767426431179047,0.208125829696655,0.551417410373688,0.363295286893845,0.279104501008987,0.492908895015717,0.430920273065567,0.0872353911399841,-0.238080859184265,-0.252074480056763,0.658079266548157,-0.0531679131090641,0.750455796718597,0.361245483160019,-0.275766551494598,-0.119341611862183,0.644203305244446,-0.513435363769531,-0.308710664510727,-0.165399953722954,0.0291182920336723,0.0835137069225311,-0.390558928251266,-0.0796715766191483,0.448007494211197,0.325148582458496,-0.140220820903778,-0.120588697493076,0.766413033008575,0.0161027405411005,-0.215898767113686,-0.178847327828407,0.0177741069346666,-0.0144162233918905,-0.0733183994889259,-0.0770006626844406,0.112431399524212,-0.0913143083453178,-0.287031561136246,0.606382787227631,0.741125345230103,0.349445402622223,0.637834370136261,0.139454618096352,0.174472153186798,0.60122287273407,0.0763291567564011,0.564087271690369,0.590832471847534,0.79167640209198,0.677627503871918,0.418012976646423,0.117436751723289,0.660053193569183,0.386246681213379,0.647672951221466,0.67207258939743,0.761181890964508,0.369949132204056,-0.0949349850416183,0.636778116226196,0.0967220440506935,0.119170390069485,0.620028257369995,0.786825239658356,0.461098551750183,0.694305956363678,0.787440180778503,0.699508845806122,0.703312516212463,-0.167540669441223,-0.261493891477585,0.402110695838928,0.837590098381042,0.575523257255554,0.827263355255127,0.681236386299133,-0.396459251642227,-0.0767237842082977,0.874944865703583,0.331076920032501,0.35311421751976,-0.0556144677102566,0.260159641504288,0.737633466720581,0.695094585418701,0.130009993910789,0.183302193880081,0.0474469214677811,-0.17312790453434,-0.159649923443794,-0.242333367466927,-0.538198590278625,0.662964820861816,0.726724624633789,0.635729372501373,0.720902502536774,0.0548927672207355,0.730376064777374,0.286259442567825,0.547158420085907,0.428053855895996,0.798725247383118,0.16265644133091,0.649097442626953,0.752373576164246,0.793263018131256,0.616848230361938,0.406821578741074,0.676085889339447,-0.183346882462502,0.828502535820007,0.162042960524559,0.757883250713348,0.161259353160858,0.839773714542389,0.306322455406189,0.808972418308258,0.461240917444229,0.663933634757996,0.0333218164741993,1,0.472621470689774,0.812663078308105,0.524387359619141,0.909661650657654,0.516905248165131,0.501759827136993,0.595984399318695,-0.0668554604053497,0.429104417562485,0.230210438370705,0.617460310459137,-0.343698382377625,0.714620888233185,0.107778936624527,-0.428800970315933,-0.525419116020203,-0.531366169452667,-0.174042478203773,-0.0288670994341373,-0.614889323711395,-0.168934896588326,-0.713372111320496,-0.630941987037659,-0.331393450498581,-0.494958996772766,-0.565223574638367,-0.410998284816742,-0.293956309556961,0.25464603304863,-0.584527313709259,-0.224394306540489,-0.422345340251923,-0.134893730282784,-0.374448657035828,-0.143008917570114,-0.58601438999176,-0.826554358005524,0.508413195610046,-0.542475461959839,0.145364910364151,-0.413510769605637,0.487980246543884,-0.617137372493744,-0.101330198347569,-0.518473744392395,-0.0883256942033768,-0.0941016525030136,0.194191932678223,-0.206130251288414,0.339088290929794,-0.498747974634171,-0.306875824928284,-0.53693038225174,-0.548330426216125,0.0275872685015202,-0.13504895567894,-0.340232610702515,-0.305150836706161,0.376619756221771,0.258487433195114,-0.213213205337524,0.164525061845779,0.691482484340668,0.308302283287048,0.11483059823513,0.42570772767067,-0.335073828697205,0.504793047904968,0.16761988401413,0.0678184852004051,-0.255385875701904,0.0017652785172686,0.00576667487621307,0.0723181888461113,-0.329098790884018,0.479226291179657,-0.0375488139688969,-0.266197383403778,-0.199322834610939,-0.0838466584682465,-0.509988009929657,-0.553547203540802,0.658397257328033,-0.401707857847214,-0.152913391590118,0.365728706121445,-0.208899796009064,-0.607388079166412,-0.574905157089233,-0.526004672050476,-0.131296172738075,-0.321569055318832,-0.28681218624115,-0.362040549516678,-0.443598061800003,-0.482055962085724,-0.429312914609909,-0.130770295858383,-0.312962383031845,-0.352953284978867,-0.363015592098236,-0.386674106121063,-0.418231844902039,0.19619919359684,0.128803387284279,0.488350719213486,-0.330807715654373,-0.358971357345581,-0.324248790740967,-0.240241765975952,0.167481482028961,-0.269966810941696,-0.208303958177567
-0.711420178413391,0.897069990634918,-0.604035496711731,0.81612354516983,-0.365197569131851,0.0814898461103439,-0.437826603651047,0.312765777111053,-0.538666188716888,0.96045184135437,-0.285079658031464,0.0919895768165588,0.952228486537933,0.478994637727737,0.506204783916473,-0.178611800074577,0.285118103027344,0.52099221944809,0.967076361179352,-0.4846550822258,-0.348204404115677,0.68239426612854,0.640516102313995,-0.688658714294434,-0.408912003040314,-0.54012006521225,-0.00542291067540646,-0.427301108837128,0.368445158004761,-0.232795745134354,0.621252775192261,0.582501411437988,0.37162771821022,0.315095394849777,0.385265171527863,0.614970564842224,0.779362976551056,0.788052558898926,0.51462858915329,0.58918958902359,0.932422280311584,0.930992364883423,-0.147363767027855,0.518035650253296,0.721929550170898,0.752332925796509,0.632664680480957,0.684978902339935,0.804104328155518,0.687754213809967,0.748378932476044,0.192267537117004,0.785141050815582,0.753303289413452,0.505971014499664,0.217215746641159,0.396624445915222,0.0146198235452175,0.0823349356651306,0.773481726646423,0.806953728199005,0.370967924594879,-0.332867205142975,0.262500137090683,0.304851591587067,0.851780831813812,0.712469696998596,0.960369646549225,0.769968330860138,0.834087908267975,0.89265513420105,0.354757577180862,0.894321620464325,0.787790596485138,0.894873857498169,0.685308694839478,0.18237829208374,-0.554397583007812,0.605893909931183,0.71204000711441,0.727786064147949,-0.343631684780121,0.937624275684357,0.614713191986084,0.187217652797699,0.535672187805176,-0.655291199684143,-0.57668137550354,-0.0385911948978901,0.482354074716568,0.557496249675751,0.763879358768463,0.544921576976776,0.400976181030273,0.497191458940506,0.374999135732651,0.519604980945587,-0.550371944904327,-0.308882713317871,-0.541639864444733,0.525378167629242,0.614715993404388,-0.527756333351135,0.476310729980469,0.242827251553535,0.69264805316925,0.617829322814941,0.33706060051918,0.336705654859543,0.892155468463898,0.833667993545532,-0.0259493347257376,0.774155914783478,0.711100578308105,0.772688210010529,0.793930292129517,0.281552314758301,0.883290112018585,0.299257218837738,0.670950889587402,0.305827528238297,0.205906108021736,0.582579433917999,-0.0719914585351944,0.833791196346283,0.782177984714508,0.633676528930664,0.648892462253571,0.846216082572937,0.815444529056549,0.708834767341614,0.689479529857635,0.78473699092865,0.576428115367889,0.936861932277679,0.905885279178619,0.761669218540192,0.472621470689774,1,0.441556602716446,0.743442893028259,0.68234258890152,0.799496173858643,0.757765889167786,0.255879640579224,0.686952769756317,0.965107798576355,0.0413326621055603,0.882408320903778,0.40568283200264,0.591617941856384,0.619489848613739,-0.649408519268036,-0.889244318008423,-0.700294017791748,-0.469761848449707,-0.665927171707153,-0.963194668292999,-0.587466657161713,-0.928335011005402,-0.879804491996765,-0.481585681438446,-0.397016257047653,-0.884631991386414,-0.928430199623108,-0.896742165088654,-0.497698247432709,-0.699086129665375,-0.649641752243042,-0.630819141864777,-0.638287782669067,-0.738254904747009,-0.505099892616272,-0.91889214515686,-0.467304825782776,-0.1921147108078,-0.886760592460632,-0.605933904647827,-0.684611558914185,0.178674682974815,-0.790163218975067,-0.695618450641632,-0.656979620456696,-0.515608310699463,-0.618391454219818,-0.675171792507172,-0.767307758331299,-0.1568643450737,-0.937021911144257,-0.697144746780396,-0.817287445068359,-0.805286586284637,-0.364565581083298,-0.478823810815811,-0.834077119827271,-0.582419991493225,0.633596420288086,0.391332596540451,-0.599344551563263,0.711311519145966,0.42400711774826,0.119853436946869,-0.636400699615479,0.837183713912964,-0.193927481770515,0.650877296924591,-0.278698563575745,-0.519054710865021,-0.436023622751236,-0.245431438088417,-0.108293756842613,-0.548741579055786,0.306999355554581,-0.0393438376486301,-0.324846386909485,-0.444077163934708,-0.129840806126595,-0.480938255786896,-0.0822573006153107,-0.157278165221214,0.283819586038589,-0.320548593997955,0.59219765663147,0.581965565681458,0.299137473106384,-0.80541867017746,-0.286490797996521,-0.178878203034401,-0.339668452739716,-0.254304975271225,-0.681752622127533,-0.470770835876465,-0.533536493778229,-0.16419991850853,-0.205115512013435,0.0910894945263863,-0.355086743831635,-0.255435138940811,-0.161174744367599,-0.670951724052429,-0.249822035431862,-0.239770770072937,0.446475356817245,-0.120613880455494,-0.818891108036041,-0.553438603878021,-0.563290596008301,0.0588227733969688,0.204328507184982,0.485446602106094,-0.561986863613129
-0.468389838933945,0.214545875787735,-0.298549860715866,0.179810762405396,0.574901342391968,0.760105431079865,0.525789797306061,0.158648982644081,0.388135015964508,0.420285701751709,0.651333272457123,0.695434272289276,0.55534154176712,0.130508780479431,0.435982465744019,0.717734813690186,0.907853007316589,0.310612559318542,0.476142585277557,0.484214842319489,0.560717344284058,0.596823334693909,0.320036917924881,0.255031526088715,-0.13035774230957,-0.00778729375451803,0.670520067214966,0.345130532979965,0.619663894176483,0.536468327045441,-0.340494990348816,0.0160663854330778,0.810480356216431,-0.308920085430145,-0.0592897310853004,-0.14764030277729,-0.0515297837555408,-0.0049885232001543,-0.450971752405167,-0.116864264011383,0.453791528940201,0.297144770622253,0.265989482402802,-0.193120062351227,0.732531905174255,-0.096875973045826,-0.204277575016022,-0.178554639220238,-0.0415680147707462,-0.0493989661335945,-0.0899040400981903,-0.433872431516647,-0.0531084947288036,-0.15651336312294,-0.42470982670784,0.830292284488678,0.913317859172821,0.733693420886993,0.795735538005829,0.363247245550156,0.0733021721243858,0.747750163078308,0.400877952575684,0.650642514228821,0.866818428039551,0.741697907447815,0.760472536087036,0.300085991621017,0.0852193832397461,0.630321264266968,0.273561209440231,0.940609931945801,0.688676238059998,0.557551622390747,0.206956967711449,-0.249783530831337,0.771670758724213,0.375464528799057,0.119320765137672,0.483709514141083,0.757021069526672,0.471746057271957,0.576277792453766,0.856371343135834,0.667452991008759,0.89583683013916,0.187508076429367,-0.470789313316345,0.741300880908966,0.864587247371674,0.530614197254181,0.834649264812469,0.900883674621582,-0.557053625583649,-0.255494117736816,0.804290056228638,0.454740911722183,0.16417583823204,-0.0897487550973892,0.254245430231094,0.734266459941864,0.633934080600739,0.151407286524773,0.353039056062698,0.198693990707397,-0.04451609775424,-0.231201857328415,-0.454809308052063,-0.510152101516724,0.692128539085388,0.754163205623627,0.775853514671326,0.700382113456726,-0.097786009311676,0.525481402873993,0.235931649804115,0.831950962543488,0.596111834049225,0.66496068239212,0.340925961732864,0.839664101600647,0.866007924079895,0.829128861427307,0.791780650615692,0.323230713605881,0.72607809305191,-0.189443185925484,0.884353697299957,0.0597336739301682,0.60157173871994,0.352284669876099,0.783523738384247,0.0591680742800236,0.401559323072433,0.403031855821609,0.564749658107758,-0.160386383533478,0.812663078308105,0.441556602716446,1,0.348154872655869,0.761733770370483,0.335023373365402,0.147196099162102,0.524289608001709,-0.0939139649271965,0.340302348136902,0.375850737094879,0.607824981212616,-0.490093916654587,0.666981637477875,0.167771175503731,-0.598332941532135,-0.571402251720428,-0.433233380317688,-0.356632977724075,-0.0841301828622818,-0.503939986228943,-0.150858744978905,-0.5820032954216,-0.624524056911469,-0.216609105467796,-0.456078141927719,-0.333659768104553,-0.375353664159775,-0.248194888234138,0.194926008582115,-0.433033585548401,-0.0978365242481232,-0.522233963012695,-0.32826840877533,-0.198430255055428,-0.382097333669662,-0.413505166769028,-0.829433798789978,0.568512678146362,-0.491565108299255,0.347836375236511,-0.192730829119682,0.195498108863831,-0.484254479408264,-0.179959669709206,-0.434441059827805,-0.284191429615021,-0.295460671186447,0.0885998606681824,-0.238348811864853,0.456608444452286,-0.370232552289963,-0.323911994695663,-0.329032182693481,-0.28363025188446,0.046707920730114,-0.471382558345795,-0.337557852268219,-0.070117175579071,0.592503786087036,0.457066148519516,-0.167893826961517,0.101599752902985,0.635830700397491,0.283613801002502,0.182620748877525,0.43765577673912,-0.00746324937790632,0.658651828765869,0.202819615602493,0.0352606363594532,-0.378804624080658,-0.0328158177435398,0.385926425457001,0.248701065778732,-0.390152424573898,0.759318470954895,0.322508454322815,-0.297474324703217,-0.00236514280550182,0.311111927032471,-0.675691366195679,-0.769049346446991,0.785291314125061,-0.675487101078033,-0.342098861932755,0.666878223419189,-0.196165457367897,-0.462155729532242,-0.729791700839996,-0.703292906284332,-0.224757000803947,-0.559565007686615,-0.302890211343765,-0.540628790855408,-0.383862107992172,-0.612890899181366,-0.489688605070114,-0.316220253705978,-0.358868390321732,-0.440207898616791,-0.619853913784027,-0.314322859048843,-0.559592843055725,-0.118310295045376,-0.290324419736862,0.524977326393127,-0.519733190536499,-0.377504706382751,-0.0710644796490669,-0.539708495140076,-0.0467220954596996,-0.492212474346161,-0.313645094633102
-0.379096508026123,0.417413949966431,-0.169676318764687,0.702782511711121,-0.486627966165543,0.0756926015019417,-0.247030839323997,0.169153392314911,-0.351368457078934,0.604697942733765,-0.152222365140915,-0.0875624790787697,0.619528293609619,0.152647227048874,0.146719306707382,-0.107384890317917,0.225680530071259,0.425286173820496,0.762763738632202,-0.196469277143478,-0.230036556720734,0.394334763288498,0.130377486348152,-0.485031425952911,-0.48440232872963,-0.127379283308983,0.175535932183266,-0.205806419253349,0.532210648059845,0.031429585069418,0.30362406373024,0.132798731327057,0.164982378482819,0.0464802458882332,0.101633153855801,0.135816380381584,0.357562482357025,0.393104881048203,0.18670916557312,0.128815725445747,0.503139197826385,0.550243973731995,-0.106846667826176,0.308822572231293,0.532574594020844,0.331512004137039,0.338518679141998,0.331456273794174,0.448483645915985,0.242459982633591,0.42946994304657,0.492386132478714,0.503708243370056,0.540807127952576,0.206053927540779,0.173474252223969,0.210839077830315,-0.0288167744874954,0.169475317001343,0.432908594608307,0.442269653081894,-0.0911504551768303,-0.365725427865982,0.0621139667928219,0.0498511344194412,0.583670735359192,0.332533627748489,0.666394293308258,0.544240117073059,0.454219788312912,0.564589500427246,0.170466288924217,0.557542264461517,0.614791572093964,0.591589570045471,0.44004100561142,0.0267307534813881,-0.205974191427231,0.0665487870573997,0.287897616624832,0.688237845897675,-0.230122968554497,0.705386638641357,0.450054913759232,0.543567478656769,0.46570411324501,-0.726549625396729,-0.220224291086197,0.0163780357688665,0.347099334001541,0.354060858488083,0.504001259803772,0.235040336847305,0.208003148436546,0.19928976893425,0.513403296470642,0.647518038749695,-0.10946823656559,-0.182410717010498,-0.327790796756744,0.765090584754944,0.268990457057953,-0.287789553403854,-0.0771936029195786,0.596855223178864,0.287497460842133,0.212589949369431,0.217612609267235,-0.0185685157775879,0.536574125289917,0.56771057844162,0.184311911463737,0.366482973098755,0.378125131130219,0.541860640048981,0.701847195625305,-0.0848305895924568,0.42725533246994,0.194887116551399,0.375601232051849,0.198545277118683,-0.0257450193166733,0.326641231775284,-0.0210594087839127,0.919186651706696,0.433716028928757,0.335725456476212,0.722837746143341,0.52450829744339,0.573592483997345,0.375247478485107,0.380106300115585,0.635899901390076,0.583227157592773,0.542584955692291,0.558956623077393,0.619896173477173,0.524387359619141,0.743442893028259,0.348154872655869,1,0.596621453762054,0.3752820789814,0.64041930437088,-0.123187929391861,0.314404875040054,0.692471325397491,0.181651651859283,0.458853930234909,0.07284015417099,0.458516091108322,0.205375492572784,-0.203075796365738,-0.625006675720215,-0.237198352813721,0.0553632862865925,-0.666026592254639,-0.71904593706131,-0.715380966663361,-0.828210711479187,-0.510601758956909,-0.841308176517487,-0.776930212974548,-0.645468354225159,-0.728365242481232,-0.566518902778625,-0.554912388324738,-0.296962201595306,-0.302270889282227,-0.028081126511097,-0.185171946883202,-0.300593256950378,0.0159997511655092,-0.90055775642395,-0.137813851237297,-0.188830137252808,-0.44467169046402,-0.39791813492775,-0.298378169536591,0.589273750782013,-0.634382665157318,-0.670001447200775,-0.655718505382538,-0.037640243768692,-0.141403362154961,-0.505802929401398,-0.624773740768433,-0.465858519077301,-0.658832192420959,-0.182878136634827,-0.80076789855957,-0.747211456298828,-0.0889917239546776,-0.305979490280151,-0.612676441669464,-0.269974291324615,0.172230929136276,0.245711907744408,-0.344744116067886,0.771585702896118,0.582940399646759,0.628228485584259,-0.330566495656967,0.871475756168365,-0.431152403354645,0.684666693210602,-0.326868623495102,-0.344432860612869,-0.28681007027626,0.00523179862648249,-0.3108771443367,-0.471945583820343,0.367730885744095,-0.0562550164759159,-0.10045550018549,-0.301333665847778,0.0326772592961788,-0.458405524492264,-0.204778015613556,-0.0168915651738644,0.234991937875748,0.0554898381233215,0.652483642101288,0.0537379197776318,-0.132848411798477,-0.814825832843781,-0.192230924963951,-0.170922681689262,-0.239592105150223,-0.254255503416061,-0.411410123109818,-0.282528311014175,-0.362773418426514,-0.193207442760468,-0.175073638558388,-0.126464322209358,-0.265926152467728,-0.320629626512527,0.10595828294754,-0.339402318000793,-0.229699969291687,-0.449936211109161,0.40889173746109,-0.226658195257187,-0.284590691328049,-0.419507443904877,-0.403451323509216,0.0974502712488174,-0.0271224845200777,0.249379113316536,-0.194312036037445
-0.702761828899384,0.478107124567032,-0.580844759941101,0.454274594783783,0.146259143948555,0.278669357299805,-0.0375353433191776,0.0291258934885263,-0.120095081627369,0.660416781902313,0.128213047981262,0.124933615326881,0.65731805562973,0.0337669253349304,0.34601154923439,0.177134320139885,0.592676162719727,0.449631243944168,0.785124123096466,0.0131876273080707,0.0600664094090462,0.716850578784943,0.535858333110809,-0.262078046798706,-0.490266412496567,-0.319583296775818,0.392799079418182,-0.155711263418198,0.547104179859161,0.104892320930958,-0.0230151005089283,0.256452292203903,0.502239167690277,-0.264974981546402,-0.0314823277294636,0.155838117003441,0.340237885713577,0.357857406139374,-0.100956216454506,0.263348430395126,0.678603947162628,0.551869213581085,-0.164119124412537,-0.0207904763519764,0.833265423774719,0.305757582187653,0.118257291615009,0.167287543416023,0.350547283887863,0.348365277051926,0.285950511693954,0.110317572951317,0.406470328569412,0.217753037810326,-0.0383893512189388,0.397610068321228,0.596714079380035,0.143659308552742,0.425316870212555,0.324836403131485,0.365270644426346,0.602522790431976,-0.217354625463486,0.348649829626083,0.472015172243118,0.905630528926849,0.784883260726929,0.657974123954773,0.479101449251175,0.74624228477478,0.675860047340393,0.569738984107971,0.823801398277283,0.812363922595978,0.498933404684067,0.176211163401604,0.466770559549332,-0.167964234948158,0.444081723690033,0.746443331241608,0.802057087421417,0.122541852295399,0.880010008811951,0.767010748386383,0.495905876159668,0.663725256919861,-0.377339035272598,-0.513516187667847,0.19038014113903,0.717155039310455,0.536299765110016,0.834041178226471,0.658116519451141,-0.0726214870810509,0.201883375644684,0.685184299945831,0.548562049865723,-0.00634358823299408,-0.11255206912756,-0.0910462513566017,0.606797754764557,0.691790521144867,-0.138527512550354,0.461763799190521,0.00712527520954609,0.178877472877502,0.178143605589867,0.0214965604245663,-0.305641651153564,0.811386048793793,0.805035412311554,0.360794365406036,0.842531859874725,0.374146670103073,0.799845278263092,0.545055449008942,0.503937184810638,0.61321610212326,0.569968938827515,0.179791137576103,0.464702159166336,0.605864644050598,0.751187026500702,0.380880802869797,0.558274626731873,0.731256484985352,0.169337466359138,0.810832738876343,0.478458553552628,0.795577526092529,0.383095979690552,0.831276059150696,0.538108348846436,0.810776054859161,0.679180979728699,0.813309907913208,0.324365586042404,0.909661650657654,0.68234258890152,0.761733770370483,0.596621453762054,1,0.721732974052429,0.655267119407654,0.574126005172729,0.264966309070587,0.59800910949707,0.108464926481247,0.811871290206909,-0.0817462950944901,0.908484995365143,0.331949591636658,-0.508256316184998,-0.669830858707428,-0.649115443229675,-0.345191359519958,-0.304249167442322,-0.783779740333557,-0.339995592832565,-0.834717810153961,-0.780995547771454,-0.284003138542175,-0.386987060308456,-0.702525019645691,-0.65270870923996,-0.584083735942841,-0.0330085009336472,-0.693968057632446,-0.3496955037117,-0.558277010917664,-0.353398650884628,-0.534268140792847,-0.30488246679306,-0.74221932888031,-0.824036777019501,0.388061314821243,-0.698491811752319,-0.0826116427779198,-0.53265917301178,0.328660726547241,-0.701845407485962,-0.304724037647247,-0.473906487226486,-0.253919154405594,-0.281641334295273,-0.14666023850441,-0.391265600919724,0.144993498921394,-0.678864479064941,-0.483775824308395,-0.650469958782196,-0.66882997751236,-0.253796428442001,-0.392593383789062,-0.568075716495514,-0.379215270280838,0.567879796028137,0.265198737382889,-0.539142847061157,0.363299012184143,0.761870622634888,0.217802718281746,-0.226873889565468,0.612991273403168,-0.268686175346375,0.670021593570709,-0.0849746540188789,-0.269096046686172,-0.55037933588028,-0.174829676747322,0.144630298018456,-0.241839528083801,-0.0649449452757835,0.245246037840843,-0.0122561817988753,-0.490682989358902,-0.00341879855841398,-0.124761141836643,-0.584202229976654,-0.52939110994339,0.599667310714722,-0.390908420085907,0.0874751433730125,0.554127812385559,0.145112618803978,-0.705138802528381,-0.553550183773041,-0.506125330924988,-0.292962282896042,-0.344368875026703,-0.463651597499847,-0.489573180675507,-0.567563712596893,-0.460766226053238,-0.453463703393936,-0.0949601903557777,-0.427435845136642,-0.372134476900101,-0.388855844736099,-0.560309052467346,-0.40780782699585,0.116550959646702,0.223496899008751,0.279508739709854,-0.493392676115036,-0.618613243103027,-0.491910696029663,-0.150608897209167,0.262250065803528,-0.0489546172320843,-0.332242339849472
-0.79633891582489,0.82478803396225,-0.794246673583984,0.486290067434311,-0.167184457182884,-0.0375688076019287,-0.501483619213104,0.13812755048275,-0.5025834441185,0.868717968463898,-0.313379228115082,-0.0578945241868496,0.803940057754517,0.431746870279312,0.413494408130646,-0.247847601771355,0.224243432283401,0.459743678569794,0.791753470897675,-0.520706355571747,-0.363838881254196,0.731935799121857,0.911043226718903,-0.642046809196472,-0.32764932513237,-0.685780882835388,-0.0824579373002052,-0.566807568073273,0.244492083787918,-0.365075498819351,0.55157995223999,0.602752149105072,0.381122380495071,0.206470474600792,0.291137874126434,0.703970432281494,0.820749163627625,0.813941895961761,0.473161637783051,0.667156755924225,0.916239440441132,0.86007034778595,-0.267665535211563,0.431807070970535,0.638026475906372,0.819935142993927,0.540558218955994,0.634773373603821,0.745158672332764,0.763935267925262,0.617098689079285,0.141431048512459,0.760669410228729,0.601926863193512,0.520862758159637,0.0466532185673714,0.338085532188416,-0.163358137011528,-0.0122227845713496,0.499816477298737,0.76880270242691,0.585163056850433,-0.453359007835388,0.283722162246704,0.212400808930397,0.853555381298065,0.765688419342041,0.884932219982147,0.610371589660645,0.861689150333405,0.915144503116608,0.257409542798996,0.850325882434845,0.859960675239563,0.833212554454803,0.630640864372253,0.20083275437355,-0.709768891334534,0.796052634716034,0.88087409734726,0.512688159942627,-0.275028914213181,0.872102439403534,0.565842926502228,-0.0505365170538425,0.296283036470413,-0.586021840572357,-0.638356804847717,-0.208094343543053,0.436571776866913,0.618248999118805,0.72842001914978,0.519796192646027,0.388536602258682,0.521308124065399,0.20591527223587,0.272949695587158,-0.467743426561356,-0.299128592014313,-0.496116667985916,0.163407400250435,0.780243158340454,-0.503361225128174,0.660905122756958,-0.367926687002182,0.510549962520599,0.678970456123352,0.305426746606827,0.329013347625732,0.863247096538544,0.77593719959259,-0.200900122523308,0.899139165878296,0.724288523197174,0.830047190189362,0.578447639942169,0.339415550231934,0.776991784572601,0.404171645641327,0.426219880580902,0.169402778148651,0.328308641910553,0.644741237163544,-0.101522006094456,0.43579176068306,0.777069985866547,0.562514424324036,0.393591523170471,0.788021087646484,0.84737241268158,0.620028734207153,0.76077139377594,0.763759016990662,0.710505247116089,0.937118887901306,0.93115109205246,0.607910990715027,0.516905248165131,0.799496173858643,0.335023373365402,0.3752820789814,0.721732974052429,1,0.866921901702881,0.665194511413574,0.700745105743408,0.810115456581116,-0.268152952194214,0.903121471405029,0.508412659168243,0.687936186790466,0.552869915962219,-0.707902610301971,-0.771329462528229,-0.81534069776535,-0.680343151092529,-0.40240553021431,-0.828034579753876,-0.338183879852295,-0.765973925590515,-0.869956731796265,-0.111970454454422,-0.00557268736883998,-0.832388281822205,-0.794551491737366,-0.856114506721497,-0.207138881087303,-0.802458345890045,-0.640579283237457,-0.813870668411255,-0.656537055969238,-0.822413742542267,-0.594552278518677,-0.712562084197998,-0.664567112922668,-0.106728799641132,-0.921162724494934,-0.606418192386627,-0.770935714244843,-0.0327245146036148,-0.613456964492798,-0.437617003917694,-0.327968627214432,-0.546915233135223,-0.614454686641693,-0.439721792936325,-0.513430655002594,0.048802625387907,-0.797522366046906,-0.794864773750305,-0.570082724094391,-0.643103301525116,-0.508931159973145,-0.302248775959015,-0.746022999286652,-0.603803217411041,0.550637006759644,0.0597032494843006,-0.738879084587097,0.328086376190186,0.258645534515381,-0.264635413885117,-0.668034851551056,0.428484380245209,-0.31529912352562,0.359784573316574,-0.281106889247894,-0.521568417549133,-0.313851475715637,-0.434633672237396,0.00484895147383213,-0.549841463565826,0.0284467153251171,-0.184521690011024,-0.538748383522034,-0.495759755373001,-0.353828012943268,-0.432420402765274,-0.0284611210227013,-0.217881113290787,0.122123576700687,-0.241889208555222,0.338365197181702,0.603199422359467,0.512213528156281,-0.662996649742126,-0.112734638154507,0.0159674808382988,-0.0838396772742271,0.0970050767064095,-0.47279104590416,-0.22584456205368,-0.398957163095474,0.050293292850256,-0.0417635217308998,0.429152965545654,-0.149035483598709,0.0604222044348717,-0.0899845212697983,-0.603363215923309,0.018602330237627,0.350858598947525,0.590582847595215,0.164650529623032,-0.730356276035309,-0.443445593118668,-0.778973340988159,0.26042976975441,0.627636611461639,0.551145911216736,-0.424324035644531
-0.62497091293335,0.643366813659668,-0.558642029762268,0.486622422933578,-0.451393723487854,-0.13767671585083,-0.579666614532471,0.116180203855038,-0.556996941566467,0.779747724533081,-0.401350110769272,-0.286751270294189,0.703257918357849,0.373867332935333,0.197141975164413,-0.372122436761856,0.0764411464333534,0.498794823884964,0.746764719486237,-0.543748319149017,-0.458694994449615,0.606582999229431,0.718970775604248,-0.715018153190613,-0.386533945798874,-0.515385568141937,-0.0960606262087822,-0.579479515552521,0.35489758849144,-0.325250387191772,0.576646327972412,0.404337525367737,0.220266804099083,0.19007720053196,0.213394701480865,0.578856885433197,0.747569143772125,0.756267607212067,0.462290704250336,0.471717059612274,0.768653690814972,0.775558769702911,-0.271925747394562,0.4903165102005,0.49549874663353,0.758827328681946,0.523873031139374,0.596197485923767,0.689212560653687,0.620397388935089,0.545741558074951,0.472432523965836,0.757707953453064,0.670834362506866,0.5339714884758,-0.118943437933922,0.122281104326248,-0.331319361925125,-0.0761243924498558,0.339997440576553,0.707560002803802,0.22295854985714,-0.660651803016663,0.110524728894234,-0.0995001941919327,0.735068321228027,0.536067545413971,0.85574197769165,0.549798965454102,0.701165676116943,0.859145641326904,0.0200081057846546,0.699801504611969,0.87814074754715,0.827903628349304,0.685358166694641,-0.0143054705113173,-0.692012131214142,0.52643609046936,0.663514673709869,0.469270974397659,-0.387105852365494,0.803256034851074,0.451868295669556,0.105588056147099,0.162112414836884,-0.862156093120575,-0.479767650365829,-0.327852249145508,0.277681231498718,0.592587113380432,0.572820365428925,0.268120527267456,0.4516521692276,0.428282380104065,0.191844835877419,0.379132062196732,-0.31005933880806,-0.306323260068893,-0.557596147060394,0.28573751449585,0.625294804573059,-0.504369080066681,0.312183260917664,-0.204782903194427,0.335744887590408,0.593429327011108,0.343756496906281,0.291789323091507,0.706500649452209,0.667238473892212,-0.237630397081375,0.682636737823486,0.649816393852234,0.768993377685547,0.613589823246002,-0.02066595479846,0.549875974655151,0.300246745347977,0.350055694580078,-0.00541636161506176,0.036186970770359,0.482529580593109,-0.253228485584259,0.57053554058075,0.612784326076508,0.529575288295746,0.402396589517593,0.735345065593719,0.785485625267029,0.528855979442596,0.561657011508942,0.843328535556793,0.799068748950958,0.834628522396088,0.807243824005127,0.691888689994812,0.501759827136993,0.757765889167786,0.147196099162102,0.64041930437088,0.655267119407654,0.866921901702881,1,0.438562005758286,0.635779559612274,0.793074309825897,-0.312525451183319,0.687422931194305,0.492402166128159,0.596008837223053,0.308659344911575,-0.501995503902435,-0.718045175075531,-0.542949676513672,-0.430483013391495,-0.565335154533386,-0.762988448143005,-0.581597506999969,-0.800091087818146,-0.702364981174469,-0.472806453704834,-0.279106318950653,-0.797053515911102,-0.829760670661926,-0.80745804309845,-0.417203307151794,-0.562918305397034,-0.504012048244476,-0.45614942908287,-0.463653653860092,-0.626194357872009,-0.307128578424454,-0.838582158088684,-0.383920192718506,-0.351640939712524,-0.73958432674408,-0.727884769439697,-0.591799974441528,0.23527555167675,-0.532054960727692,-0.600446045398712,-0.337517976760864,-0.2867571413517,-0.396659076213837,-0.506346642971039,-0.528943479061127,-0.319649040699005,-0.713003218173981,-0.539467453956604,-0.630302309989929,-0.690119564533234,-0.415980249643326,-0.195136234164238,-0.758522808551788,-0.459750384092331,0.172630250453949,-0.169562712311745,-0.719177544116974,0.442595332860947,0.25337091088295,0.01931425742805,-0.683893084526062,0.487782925367355,-0.645151734352112,0.362829297780991,-0.493828773498535,-0.567881882190704,-0.120206363499165,-0.367094248533249,-0.243499353528023,-0.721110105514526,0.122885420918465,-0.39937749505043,-0.614930629730225,-0.448269188404083,-0.400138139724731,-0.605892956256866,0.0637804046273232,0.0100543415173888,-0.112249583005905,0.165286913514137,0.573875844478607,0.220014795660973,0.298096150159836,-0.799248099327087,0.154064536094666,0.249934628605843,0.107966579496861,0.294543594121933,-0.274256467819214,0.0421541333198547,-0.20371775329113,0.25174543261528,0.175265595316887,0.515417575836182,0.0431093350052834,0.195016548037529,0.299974501132965,-0.372244417667389,0.227931633591652,0.254054397344589,0.815870404243469,0.0537362173199654,-0.437402218580246,-0.325901538133621,-0.887556135654449,0.50993287563324,0.661113798618317,0.668081760406494,-0.150041863322258
-0.518279433250427,0.285575181245804,-0.546870410442352,-0.249323785305023,0.446781665086746,0.380310416221619,0.167160242795944,-0.0101326368749142,0.236376643180847,0.433615118265152,0.344130903482437,0.383953630924225,0.435875505208969,0.225385949015617,0.364746481180191,0.373108834028244,0.608787775039673,0.322801530361176,0.231468379497528,0.121704749763012,0.330974161624908,0.532293736934662,0.818748533725739,0.0808864757418633,0.207794517278671,-0.363334357738495,0.396550744771957,-0.0664930418133736,0.440528333187103,0.225110858678818,-0.10031982511282,0.0697874873876572,0.696947872638702,-0.241016939282417,-0.128604799509048,0.170841723680496,0.209267392754555,0.206464424729347,-0.205479443073273,0.0570105463266373,0.526821136474609,0.318957209587097,0.0110151199623942,-0.0989923030138016,0.534785270690918,0.221999868750572,-0.157539412379265,-0.0358640663325787,0.0418195240199566,0.157184168696404,-0.127516314387321,-0.436047911643982,0.0451551973819733,-0.134983777999878,-0.143173426389694,0.312432497739792,0.597217977046967,0.277640104293823,0.485033124685287,-0.00209681713022292,0.170506104826927,0.882420539855957,0.081932045519352,0.524907946586609,0.514751434326172,0.663482546806335,0.77208000421524,0.296312212944031,-0.102627255022526,0.711982131004333,0.365241587162018,0.577816188335419,0.617768466472626,0.671796858310699,0.330180197954178,-0.0955826342105865,0.655955016613007,-0.121097601950169,0.357637166976929,0.732070922851562,0.384181708097458,0.337445169687271,0.432172894477844,0.698205351829529,0.199661523103714,0.41400346159935,0.0313091650605202,-0.502534985542297,0.208992406725883,0.643060266971588,0.746060013771057,0.672658920288086,0.660793602466583,-0.224965065717697,-0.00785506796091795,0.332403838634491,-0.0250131450593472,0.104850560426712,-0.0055446126498282,0.103232860565186,0.123817540705204,0.879319190979004,0.110169135034084,0.606351971626282,-0.663997650146484,-0.155916467308998,0.0298725366592407,-0.223249763250351,-0.208019837737083,0.630704283714294,0.654413819313049,0.261533886194229,0.766971290111542,0.0169985853135586,0.658979833126068,-0.109838053584099,0.712386190891266,0.45267853140831,0.688784539699554,0.271897494792938,0.508677124977112,0.709432780742645,0.817522644996643,0.471863746643066,-0.215140745043755,0.725851714611053,-0.14558182656765,0.348606616258621,0.0841000527143478,0.597149193286896,0.272032111883163,0.751951158046722,0.0954435914754868,0.569940686225891,0.517207741737366,0.578095853328705,-0.185941025614738,0.595984399318695,0.255879640579224,0.524289608001709,-0.123187929391861,0.574126005172729,0.665194511413574,0.438562005758286,1,0.0635334700345993,0.321151375770569,-0.0683855265378952,0.611048698425293,-0.101179502904415,0.530201196670532,0.00501570664346218,-0.732749879360199,-0.419559329748154,-0.507153809070587,-0.648078143596649,0.0724641382694244,-0.359501630067825,-0.019829023629427,-0.383295357227325,-0.532529592514038,0.119048275053501,0.0387358292937279,-0.374767154455185,-0.303826630115509,-0.279999971389771,0.343869984149933,-0.482548981904984,-0.101764723658562,-0.705253481864929,-0.350681334733963,-0.359090536832809,-0.438744336366653,-0.219717279076576,-0.849768042564392,0.292400509119034,-0.557000935077667,0.0357788130640984,-0.344658523797989,-0.0436678342521191,-0.247284010052681,-0.0278062857687473,-0.050935298204422,-0.255773603916168,-0.295791238546371,0.178318277001381,0.110434770584106,0.530808508396149,-0.242183178663254,-0.41866797208786,-0.0620146580040455,-0.140591785311699,-0.058064229786396,-0.196417167782784,-0.254703015089035,-0.17994886636734,0.27887824177742,-0.192848548293114,-0.411223083734512,-0.415039330720901,0.0119776967912912,-0.464420467615128,-0.174240723252296,-0.176645502448082,-0.234795108437538,0.0236995816230774,0.0488664135336876,-0.0458137989044189,0.0171923693269491,-0.203895419836044,0.228461071848869,-0.0345420986413956,-0.69220507144928,0.296553015708923,-0.340567827224731,-0.154881224036217,-0.519450902938843,0.0233644433319569,-0.137726485729218,-0.416571259498596,0.169444352388382,-0.294937252998352,-0.445087939500809,0.608062565326691,0.0762094035744667,-0.23331792652607,-0.138777703046799,-0.055830430239439,0.315267086029053,0.175937592983246,0.0729667395353317,0.0681194067001343,-0.0039934916421771,0.0204188376665115,0.0693655461072922,0.48909729719162,0.0859508216381073,0.238070368766785,-0.213923573493958,-0.134482532739639,0.0800435096025467,0.608906686306,0.271959811449051,0.812627077102661,-0.430064499378204,-0.165303364396095,-0.467413306236267,-0.0585234835743904,0.640586256980896,0.0436293557286263,0.00334752281196415
-0.421307474374771,0.771387815475464,-0.416050642728806,0.730039536952972,-0.386397033929825,-0.239048093557358,-0.796857535839081,0.463621973991394,-0.871047556400299,0.674768388271332,-0.701399087905884,-0.322760760784149,0.600268959999084,0.621881544589996,0.31822869181633,-0.638209342956543,-0.352121263742447,0.358308881521225,0.658869624137878,-0.848411023616791,-0.731939613819122,0.635474920272827,0.509147524833679,-0.884324610233307,-0.592852532863617,-0.40978017449379,-0.700932085514069,-0.505819380283356,-0.35639151930809,-0.773825168609619,0.892332315444946,0.928296864032745,-0.0646112859249115,0.784233272075653,0.812474608421326,0.969144523143768,0.964340925216675,0.963530361652374,0.890632510185242,0.89609557390213,0.71399587392807,0.853937447071075,-0.0315369591116905,0.76360034942627,0.100102350115776,0.951138377189636,0.973768353462219,0.982227981090546,0.968686580657959,0.965549767017365,0.909949958324432,0.466594904661179,0.946025013923645,0.937451064586639,0.897493600845337,-0.244069516658783,-0.122508935630322,-0.370709151029587,-0.560002326965332,0.729094862937927,0.874397575855255,0.0360991545021534,-0.647554814815521,-0.0597302354872227,-0.231803894042969,0.425736844539642,0.272662132978439,0.823413848876953,0.804665565490723,0.408460527658463,0.869903326034546,-0.18095289170742,0.474290877580643,0.432096481323242,0.701712667942047,0.939351856708527,-0.441546827554703,-0.784969210624695,0.861752450466156,0.361521661281586,0.0261864233762026,-0.820354402065277,0.610182762145996,0.00884126033633947,-0.524460911750793,-0.160358160734177,-0.625411689281464,-0.628838241100311,-0.360012501478195,-0.19629992544651,0.083333320915699,0.245314449071884,0.154352560639381,0.654133319854736,0.504125773906708,-0.329175710678101,0.39679092168808,-0.906295359134674,-0.627554059028625,-0.908093214035034,-0.181912466883659,0.195664674043655,-0.939934849739075,0.420926988124847,-0.15423384308815,0.818888664245605,0.976033866405487,0.390511125326157,0.816432476043701,0.522242546081543,0.354594975709915,-0.658372402191162,0.492909073829651,0.911877155303955,0.275031089782715,0.811195373535156,-0.154364913702011,0.659917593002319,-0.258893996477127,0.279487013816833,-0.354233533143997,-0.216795399785042,0.0608025602996349,-0.652123689651489,0.525294423103333,0.322325795888901,0.974291503429413,0.00749182421714067,0.937561929225922,0.490887999534607,0.786054849624634,0.206586435437202,0.866120338439941,0.133544951677322,0.737152814865112,0.638355016708374,0.839477300643921,-0.0668554604053497,0.686952769756317,-0.0939139649271965,0.314404875040054,0.264966309070587,0.700745105743408,0.635779559612274,0.0635334700345993,1,0.616292476654053,-0.603407442569733,0.554461181163788,0.883405387401581,0.422577530145645,0.754056096076965,-0.406464725732803,-0.665943741798401,-0.541121423244476,-0.629278898239136,-0.575932502746582,-0.552396833896637,-0.341868668794632,-0.43890169262886,-0.656806647777557,-0.0316814593970776,0.244032889604568,-0.497836172580719,-0.734689772129059,-0.910541653633118,-0.607468664646149,-0.482424288988113,-0.712045907974243,-0.564723432064056,-0.810759305953979,-0.641897022724152,-0.686017632484436,-0.508817315101624,-0.0684294849634171,-0.56329357624054,-0.686518549919128,-0.879656672477722,-0.532595157623291,-0.450414419174194,-0.241298019886017,-0.590985536575317,-0.00116921553853899,-0.745549142360687,-0.793108522891998,-0.811812818050385,-0.79616242647171,-0.422300696372986,-0.613875925540924,-0.780760586261749,-0.319903939962387,-0.355045676231384,-0.852744936943054,-0.330827504396439,-0.835368871688843,-0.393597215414047,0.462389439344406,0.0854390189051628,-0.725275814533234,0.627873718738556,0.153611183166504,-0.059869397431612,-0.759292602539062,0.504324197769165,-0.242896884679794,0.438013672828674,-0.594933211803436,-0.846264719963074,-0.325002878904343,-0.725034296512604,0.154840961098671,-0.67539644241333,0.537708461284637,-0.592990040779114,-0.323294997215271,-0.713867902755737,-0.0633656606078148,-0.281093388795853,0.0590642653405666,-0.0872711390256882,-0.178571343421936,-0.0359436497092247,0.731492757797241,0.326740652322769,0.812279403209686,-0.592221558094025,0.180907428264618,0.275289714336395,-0.180414170026779,0.207609102129936,-0.506239950656891,-0.20144972205162,-0.26159605383873,0.304980456829071,0.128881126642227,0.304813235998154,0.0302803367376328,0.17719541490078,0.176146909594536,-0.47189736366272,0.226469218730927,0.0610637217760086,0.382035493850708,-0.419239073991776,-0.615863859653473,-0.218111425638199,-0.709845304489136,0.564812302589417,0.477000623941422,0.68752110004425,-0.52715528011322
-0.712106645107269,0.897939383983612,-0.639002799987793,0.689248144626617,-0.4625284075737,0.0143050886690617,-0.446556508541107,0.219708159565926,-0.489591300487518,0.964752554893494,-0.288957387208939,0.0943845137953758,0.943491041660309,0.474647581577301,0.476735264062881,-0.186965420842171,0.286591351032257,0.501787066459656,0.894540190696716,-0.499087274074554,-0.338590532541275,0.562978863716125,0.726647615432739,-0.666168093681335,-0.200470209121704,-0.637703120708466,0.0528541468083858,-0.515882253646851,0.458958745002747,-0.189762994647026,0.643994688987732,0.460198104381561,0.381888419389725,0.255882680416107,0.25699108839035,0.585573196411133,0.763633906841278,0.761866211891174,0.515530109405518,0.514953911304474,0.923650324344635,0.89882904291153,-0.23616424202919,0.510989129543304,0.724403440952301,0.754303157329559,0.553597271442413,0.634466648101807,0.750095844268799,0.619319260120392,0.672852396965027,0.123247273266315,0.730278134346008,0.70711088180542,0.502821087837219,0.148146316409111,0.36260136961937,-0.0299176909029484,0.106067433953285,0.663064181804657,0.786815226078033,0.382822245359421,-0.308869481086731,0.267068237066269,0.279016256332397,0.820379972457886,0.713428556919098,0.924543559551239,0.657209634780884,0.871461927890778,0.836475014686584,0.309152752161026,0.877795219421387,0.809782147407532,0.939898133277893,0.659797310829163,0.24170084297657,-0.614891409873962,0.522187530994415,0.762206017971039,0.72175806760788,-0.281618058681488,0.875732183456421,0.626851737499237,0.19990299642086,0.506486594676971,-0.684836089611053,-0.480492234230042,-0.129468381404877,0.505224406719208,0.673514902591705,0.747130572795868,0.482955783605576,0.450268000364304,0.544467091560364,0.354838997125626,0.351773709058762,-0.475192368030548,-0.191331580281258,-0.481716275215149,0.497905433177948,0.690144002437592,-0.419502407312393,0.46454706788063,0.1628537774086,0.618796050548553,0.573885858058929,0.399264246225357,0.348673850297928,0.865264415740967,0.82952469587326,-0.0444958321750164,0.739703178405762,0.647451937198639,0.839251756668091,0.642197132110596,0.27071812748909,0.82584935426712,0.376509815454483,0.763212859630585,0.331319749355316,0.168748036026955,0.607719719409943,-0.0717829093337059,0.736301958560944,0.806369781494141,0.543474555015564,0.577613115310669,0.777899503707886,0.801433444023132,0.617779135704041,0.691673517227173,0.718102276325226,0.635491549968719,0.937250077724457,0.874885261058807,0.720116913318634,0.429104417562485,0.965107798576355,0.340302348136902,0.692471325397491,0.59800910949707,0.810115456581116,0.793074309825897,0.321151375770569,0.616292476654053,1,0.0955131202936172,0.857346773147583,0.405172735452652,0.453011989593506,0.499114394187927,-0.673662483692169,-0.829678416252136,-0.670101583003998,-0.433818638324738,-0.629668235778809,-0.947030961513519,-0.597653925418854,-0.913611054420471,-0.810221552848816,-0.519267380237579,-0.420268267393112,-0.924968242645264,-0.889368832111359,-0.832030296325684,-0.451676100492477,-0.673757433891296,-0.602385342121124,-0.602253973484039,-0.543331623077393,-0.741679430007935,-0.414054274559021,-0.904498100280762,-0.439551025629044,-0.250831067562103,-0.867534935474396,-0.631827890872955,-0.702323257923126,0.270575016736984,-0.799837350845337,-0.667249441146851,-0.704091668128967,-0.40400493144989,-0.530855059623718,-0.616589665412903,-0.639162838459015,-0.113222196698189,-0.919675350189209,-0.629728198051453,-0.823839545249939,-0.825567126274109,-0.212138131260872,-0.380423367023468,-0.745785892009735,-0.628422915935516,0.506984055042267,0.278974860906601,-0.542519927024841,0.583980977535248,0.222908988595009,-0.0342519320547581,-0.676458299160004,0.710003137588501,-0.217056199908257,0.452517181634903,-0.226108625531197,-0.41393518447876,-0.269322752952576,-0.120666310191154,-0.286727368831635,-0.570980548858643,0.200599908828735,-0.0573118776082993,-0.522782921791077,-0.251494705677032,-0.296299815177917,-0.635335981845856,0.133910343050957,0.0218717940151691,0.153036370873451,-0.228208169341087,0.557306170463562,0.535898506641388,0.191440880298615,-0.726709365844727,-0.169725120067596,-0.0472367070615292,-0.204249247908592,-0.139302119612694,-0.580681800842285,-0.313314110040665,-0.432877004146576,-0.0517660789191723,-0.0776150971651077,0.258431822061539,-0.284039705991745,-0.148874595761299,-0.0680674836039543,-0.606283128261566,-0.15359328687191,-0.177550569176674,0.606058239936829,-0.0310156922787428,-0.786999106407166,-0.496673166751862,-0.561813533306122,0.082083985209465,0.258331656455994,0.605871856212616,-0.449138760566711
0.0159641895443201,-0.0251344311982393,0.0217226352542639,-0.0320543274283409,0.0236428342759609,0.192738860845566,0.466501593589783,-0.227750271558762,0.456447929143906,0.0324648693203926,0.428626358509064,0.46373525261879,0.0450133197009563,-0.498814016580582,0.249378442764282,0.490396171808243,0.531677603721619,0.0559296198189259,0.0555866248905659,0.452850103378296,0.533417642116547,-0.321711480617523,-0.186839759349823,0.379929482936859,0.407047927379608,-0.00421187002211809,0.750418663024902,0.23487114906311,0.579147636890411,0.670060634613037,-0.488499194383621,-0.51195502281189,0.170353055000305,-0.620055913925171,-0.630214869976044,-0.60850715637207,-0.477406412363052,-0.524646103382111,-0.512911021709442,-0.447363197803497,-0.0710640400648117,-0.281299918889999,-0.196461290121078,-0.599689424037933,0.53437477350235,-0.504839241504669,-0.561622381210327,-0.518242418766022,-0.412211626768112,-0.501754641532898,-0.287099480628967,-0.451513290405273,-0.473944902420044,-0.43688240647316,-0.62264484167099,0.316166162490845,0.321027159690857,0.356777340173721,0.637941181659698,-0.17643229663372,-0.429147839546204,0.207683607935905,0.51069962978363,0.0371048524975777,0.531601309776306,0.0942098349332809,0.24681231379509,-0.216426610946655,-0.140458881855011,0.141278997063637,-0.338232010602951,0.458834141492844,0.152987584471703,-0.0925485268235207,-0.164005160331726,-0.543640792369843,0.648019969463348,0.405997425317764,-0.476638108491898,0.168128937482834,0.598505675792694,0.598211407661438,-0.00552076101303101,0.406347155570984,0.666360318660736,0.670904874801636,0.24416483938694,0.334972739219666,0.233518064022064,0.550794184207916,0.222611129283905,0.213258281350136,0.128854230046272,-0.204915523529053,0.0943056419491768,0.576474666595459,-0.0674804225564003,0.438332468271255,0.748838901519775,0.581978976726532,0.554978787899017,0.125200301408768,0.743471264839172,0.0733093544840813,0.561294972896576,-0.126075625419617,-0.581856191158295,0.116635240614414,-0.610121130943298,0.0587178245186806,0.176993176341057,0.652161777019501,-0.0726072788238525,-0.421863794326782,0.259206742048264,-0.327109634876251,0.426908135414124,-0.0452070981264114,0.337001800537109,0.286888241767883,0.625018656253815,0.269667059183121,0.256376981735229,0.63863468170166,0.0936336144804955,0.181251406669617,-0.546877205371857,0.438739597797394,-0.368273675441742,-0.127620622515678,-0.430474400520325,0.191395670175552,-0.493824332952499,0.14548721909523,-0.134651243686676,-0.12127236276865,-0.276671588420868,0.230210438370705,0.0413326621055603,0.375850737094879,0.181651651859283,0.108464926481247,-0.268152952194214,-0.312525451183319,-0.0683855265378952,-0.603407442569733,0.0955131202936172,1,0.0892611593008041,-0.687053561210632,-0.142931699752808,-0.302093207836151,0.0420092940330505,0.188667252659798,0.094390295445919,0.485914826393127,0.0436083450913429,-0.164604678750038,-0.0972450226545334,-0.193900048732758,0.165230244398117,-0.261973589658737,-0.566475093364716,-0.160233184695244,0.144753351807594,0.375572592020035,0.185367062687874,0.0160672813653946,0.352664828300476,0.206084683537483,0.522225797176361,0.131987527012825,0.493395090103149,-0.117689862847328,-0.176100507378578,0.565068364143372,0.157860800623894,0.595032751560211,0.0470569469034672,0.677979409694672,-0.476355642080307,0.147534102201462,-0.64739066362381,0.538398206233978,0.504382729530334,0.266186833381653,0.374956548213959,0.36331045627594,-0.106024108827114,0.428207963705063,-0.392555236816406,-0.317401438951492,0.807989895343781,-0.147839799523354,0.431943327188492,-0.0934423953294754,0.121576346457005,0.394412934780121,0.406961470842361,-0.0840152874588966,0.0853444561362267,0.00239448179490864,0.247776836156845,0.176187917590141,0.544382512569427,-0.0392118059098721,0.558926522731781,0.610083401203156,-0.222275346517563,0.884709298610687,-0.304983764886856,0.28814110159874,-0.146295115351677,0.672736048698425,0.231277629733086,0.660475254058838,0.272862464189529,-0.119278661906719,-0.0749561116099358,0.188195705413818,0.481590360403061,-0.313813537359238,-0.312969028949738,0.232160225510597,-0.625823259353638,0.267843127250671,-0.57358717918396,-0.617838680744171,-0.357001841068268,-0.719883143901825,-0.134801119565964,-0.352013260126114,-0.286913722753525,-0.676123678684235,-0.494360268115997,-0.465152710676193,-0.629822492599487,-0.657835066318512,-0.553957343101501,-0.142468467354774,-0.692383468151093,-0.57502806186676,-0.166964203119278,0.153678521513939,-0.00638240296393633,-0.457245916128159,0.646945416927338,-0.874582588672638,-0.694495499134064,-0.360400527715683,0.0720372796058655
-0.809835076332092,0.86936891078949,-0.774613082408905,0.589272677898407,-0.037356860935688,0.165423512458801,-0.280226320028305,0.190309658646584,-0.344838410615921,0.923935651779175,-0.105059027671814,0.226964086294174,0.894962847232819,0.338307827711105,0.605459690093994,0.00237277406267822,0.477629631757736,0.508763551712036,0.885647296905518,-0.330688506364822,-0.132363483309746,0.742186009883881,0.815439641475677,-0.499112010002136,-0.288379222154617,-0.625257194042206,0.162557676434517,-0.374096363782883,0.394833862781525,-0.125292077660561,0.383347690105438,0.548198640346527,0.518191516399384,0.0805952772498131,0.215830028057098,0.540385186672211,0.681263864040375,0.667955577373505,0.301802784204483,0.575041055679321,0.949131906032562,0.829943358898163,-0.20420928299427,0.252286583185196,0.859402298927307,0.653604865074158,0.41726166009903,0.508768737316132,0.65546065568924,0.648872673511505,0.587364196777344,-0.0763585343956947,0.626872062683105,0.489658623933792,0.300216138362885,0.296603918075562,0.562191009521484,0.102913148701191,0.249392405152321,0.61159074306488,0.663638353347778,0.72321093082428,-0.196863442659378,0.370502889156342,0.523461222648621,0.9446781873703,0.913771033287048,0.854493319988251,0.646280348300934,0.939108312129974,0.844564497470856,0.548327445983887,0.969476759433746,0.815735161304474,0.771678268909454,0.452147215604782,0.453975081443787,-0.491333931684494,0.710826396942139,0.925130665302277,0.763233840465546,-0.0903516411781311,0.931825637817383,0.757422208786011,0.179661005735397,0.63075453042984,-0.413361489772797,-0.644245207309723,0.0273773781955242,0.669651567935944,0.653292119503021,0.874255776405334,0.704018771648407,0.246843591332436,0.500342845916748,0.445566892623901,0.376912146806717,-0.42258083820343,-0.145858630537987,-0.333612263202667,0.411468684673309,0.812080919742584,-0.326890558004379,0.747995555400848,-0.0752246528863907,0.571459054946899,0.510994017124176,0.256502330303192,0.133655354380608,0.960585296154022,0.898372113704681,0.0887377709150314,0.94245308637619,0.613034904003143,0.880207359790802,0.579169929027557,0.595288336277008,0.893525183200836,0.494269579648972,0.564698219299316,0.459623456001282,0.512342572212219,0.774425268173218,0.176246091723442,0.549219787120819,0.892128050327301,0.445208668708801,0.640487372875214,0.716317296028137,0.837161004543304,0.604004502296448,0.872722327709198,0.611859500408173,0.663526773452759,0.928116738796234,0.943391382694244,0.521371424198151,0.617460310459137,0.882408320903778,0.607824981212616,0.458853930234909,0.811871290206909,0.903121471405029,0.687422931194305,0.611048698425293,0.554461181163788,0.857346773147583,0.0892611593008041,1,0.25393745303154,0.728049457073212,0.582541227340698,-0.763735234737396,-0.80540931224823,-0.839617013931274,-0.604350745677948,-0.42510250210762,-0.925778150558472,-0.362525939941406,-0.861158549785614,-0.912932932376862,-0.169015422463417,-0.19511491060257,-0.864838242530823,-0.797145068645477,-0.794517993927002,-0.175737991929054,-0.836684703826904,-0.575715661048889,-0.83711975812912,-0.615393996238708,-0.792175948619843,-0.574040830135345,-0.762923896312714,-0.78567236661911,0.142248049378395,-0.928926944732666,-0.362312585115433,-0.750733494758606,0.0885847583413124,-0.796027541160583,-0.437291771173477,-0.559560775756836,-0.516908645629883,-0.583672285079956,-0.416880369186401,-0.513458490371704,0.205891773104668,-0.874302089214325,-0.747100114822388,-0.699740409851074,-0.725040376186371,-0.324850857257843,-0.489110976457596,-0.686600923538208,-0.609280109405518,0.768448412418365,0.359306961297989,-0.623450815677643,0.394268393516541,0.416810274124146,-0.17315511405468,-0.549382567405701,0.607982039451599,-0.0397355332970619,0.525754749774933,-0.0868805199861526,-0.378481239080429,-0.523750424385071,-0.219217792153358,0.0759068056941032,-0.388907670974731,0.0264039225876331,0.151631444692612,-0.28874546289444,-0.401909023523331,-0.148741319775581,-0.319520682096481,-0.213046744465828,-0.333177328109741,0.435370832681656,-0.520168304443359,0.221232980489731,0.816680610179901,0.364602148532867,-0.626088500022888,-0.453148990869522,-0.341265559196472,-0.333487898111343,-0.300815016031265,-0.635803818702698,-0.522292375564575,-0.587247431278229,-0.302954226732254,-0.328684568405151,0.121521718800068,-0.443353831768036,-0.275808125734329,-0.424539029598236,-0.726067721843719,-0.341759264469147,0.0415941923856735,0.350461721420288,0.180222511291504,-0.858810245990753,-0.648418426513672,-0.514241814613342,-0.136314898729324,0.305247783660889,0.314508438110352,-0.548112034797668
-0.314127027988434,0.598477244377136,-0.389462530612946,0.509546220302582,-0.560003221035004,-0.571713984012604,-0.875896275043488,0.161016583442688,-0.86681866645813,0.393064230680466,-0.846636235713959,-0.567053437232971,0.306694179773331,0.501488327980042,-0.0305244904011488,-0.835521757602692,-0.644381940364838,0.0106571782380342,0.360340178012848,-0.888074696063995,-0.909093499183655,0.233860701322556,0.380215406417847,-0.815232872962952,-0.39789679646492,-0.510007441043854,-0.850569784641266,-0.709470748901367,-0.534967243671417,-0.937151253223419,0.917952418327332,0.751473188400269,-0.343861281871796,0.740319967269897,0.647941529750824,0.889501392841339,0.855224132537842,0.851313054561615,0.962623476982117,0.84937047958374,0.428586393594742,0.633728981018066,-0.257272213697433,0.799905776977539,-0.197621956467628,0.876631438732147,0.888017535209656,0.884138941764832,0.842798709869385,0.843931913375854,0.798651397228241,0.511019945144653,0.850609064102173,0.830496490001678,0.985526859760284,-0.474849700927734,-0.409026861190796,-0.607772529125214,-0.820744574069977,0.496125519275665,0.791864812374115,-0.21670238673687,-0.636901795864105,-0.183467537164688,-0.487525999546051,0.0729653835296631,-0.0777154043316841,0.594336032867432,0.61211085319519,0.136379525065422,0.621202349662781,-0.543237566947937,0.126101225614548,0.17055007815361,0.583004236221313,0.922694742679596,-0.646187663078308,-0.877941429615021,0.721040427684784,0.18038073182106,-0.285746693611145,-0.795764327049255,0.301442444324493,-0.35186293721199,-0.761671841144562,-0.52533221244812,-0.562248110771179,-0.251721411943436,-0.607789218425751,-0.460799276828766,-0.139518871903419,-0.0797708407044411,-0.202166706323624,0.743991434574127,0.560771703720093,-0.545811414718628,-0.0138725182041526,-0.802096366882324,-0.53746771812439,-0.787068128585815,-0.467183917760849,-0.0388704501092434,-0.860524773597717,0.180264741182327,-0.263989955186844,0.706652104854584,0.940533220767975,0.501840651035309,0.931757926940918,0.171447560191154,-0.00505155837163329,-0.864458680152893,0.179677963256836,0.852417945861816,0.06299739331007,0.572233498096466,-0.44132986664772,0.33921229839325,-0.361912071704865,0.117786146700382,-0.597932577133179,-0.44588378071785,-0.254412412643433,-0.862836480140686,0.294090807437897,0.00401164963841438,0.881891071796417,-0.3944191634655,0.785337090492249,0.252256274223328,0.478078603744507,-0.056745458394289,0.736178934574127,-0.00198702421039343,0.47784611582756,0.365311473608017,0.780895233154297,-0.343698382377625,0.40568283200264,-0.490093916654587,0.07284015417099,-0.0817462950944901,0.508412659168243,0.492402166128159,-0.101179502904415,0.883405387401581,0.405172735452652,-0.687053561210632,0.25393745303154,1,0.031741626560688,0.661349415779114,-0.1080601811409,-0.329579800367355,-0.41935196518898,-0.390137612819672,-0.298783540725708,-0.294377952814102,-0.0729415789246559,-0.128913566470146,-0.354436606168747,0.14777560532093,0.475611627101898,-0.350978344678879,-0.414577841758728,-0.657946527004242,-0.436958849430084,-0.367582589387894,-0.705091655254364,-0.357508808374405,-0.554578185081482,-0.596552670001984,-0.463850766420364,-0.230032339692116,0.214371368288994,-0.661947309970856,-0.458617895841599,-0.905744850635529,-0.520124554634094,-0.466008484363556,-0.0679906457662582,-0.301987200975418,0.11065636575222,-0.578747272491455,-0.586439788341522,-0.610767066478729,-0.589632332324982,-0.396921098232269,-0.431655585765839,-0.631790459156036,-0.163391619920731,-0.228249654173851,-0.740214228630066,0.0808608382940292,-0.538278520107269,-0.464280098676682,0.207207292318344,-0.0245427861809731,-0.445235371589661,0.479104280471802,-0.144390627741814,-0.221498548984528,-0.642165720462799,0.207704946398735,-0.186367109417915,0.0146004157140851,-0.433134913444519,-0.620665848255157,-0.0492208823561668,-0.597945392131805,-0.121089830994606,-0.564639031887054,0.582890748977661,-0.770126819610596,-0.530225217342377,-0.443094849586487,-0.178687483072281,-0.444607436656952,0.421670317649841,0.22355580329895,-0.40795961022377,0.139391407370567,0.724657654762268,-0.00904283951967955,0.771355509757996,-0.30311244726181,0.396292477846146,0.499611675739288,-0.0920914486050606,0.403832465410233,-0.389168053865433,0.00824844278395176,-0.149957776069641,0.484015136957169,0.251578837633133,0.388421624898911,0.149453610181808,0.303045719861984,0.350743621587753,-0.374277204275131,0.377622842788696,0.227915734052658,0.44991472363472,-0.548168420791626,-0.371887743473053,0.0488072521984577,-0.558801352977753,0.701144516468048,0.421654850244522,0.783626139163971,-0.438071876764297
-0.478411763906479,0.429580241441727,-0.37683442234993,0.468345671892166,0.256773352622986,0.318761110305786,-0.145482674241066,0.328677207231522,-0.253580749034882,0.602015376091003,0.0154585782438517,0.0615321882069111,0.551657974720001,0.114440284669399,0.482498377561569,0.0734887719154358,0.4009869992733,0.606798768043518,0.707746028900146,-0.127785071730614,0.0338026583194733,0.876671254634857,0.462662100791931,-0.357461273670197,-0.648117661476135,-0.0841083079576492,0.125032931566238,0.0192329548299313,0.244617983698845,-0.0180038288235664,0.0374591648578644,0.488321155309677,0.387101262807846,-0.0103232283145189,0.262371927499771,0.323863595724106,0.419916868209839,0.421017438173294,-0.00517658470198512,0.370889067649841,0.649372279644012,0.536971569061279,0.0839731022715569,-0.0101393526419997,0.624324262142181,0.369210720062256,0.285436511039734,0.321025818586349,0.428319990634918,0.492252975702286,0.366702407598495,0.213234513998032,0.449882507324219,0.31224861741066,0.0370941497385502,0.228752106428146,0.424438774585724,0.0758165866136551,0.256777167320251,0.343003183603287,0.329435914754868,0.528682351112366,-0.381359666585922,0.161145836114883,0.294368296861649,0.804914355278015,0.708020448684692,0.619148910045624,0.547557651996613,0.598128378391266,0.722032427787781,0.478064835071564,0.731432259082794,0.690740764141083,0.356533616781235,0.23459392786026,0.246388137340546,-0.163961112499237,0.578301250934601,0.589057981967926,0.562217652797699,-0.140509009361267,0.788462102413177,0.62138569355011,0.270789444446564,0.487450182437897,-0.356893837451935,-0.741291522979736,0.157035917043686,0.458414107561111,0.387006670236588,0.660997748374939,0.592962026596069,0.00293110380880535,0.134560003876686,0.379386842250824,0.731022477149963,-0.215550497174263,-0.247105538845062,-0.333920121192932,0.359877556562424,0.544556856155396,-0.324990093708038,0.565236210823059,-0.138809651136398,0.252912521362305,0.313751757144928,-0.0179894883185625,-0.169050633907318,0.740140855312347,0.694361090660095,0.149887710809708,0.784390449523926,0.420819997787476,0.589131832122803,0.603446304798126,0.42013093829155,0.593292474746704,0.260380387306213,0.0247659087181091,0.228367656469345,0.456012666225433,0.604302704334259,0.210560381412506,0.450352281332016,0.605046808719635,0.339553624391556,0.665014922618866,0.521527051925659,0.644940853118896,0.545733094215393,0.633425235748291,0.552407145500183,0.587681293487549,0.637687623500824,0.72104024887085,0.320802509784698,0.714620888233185,0.591617941856384,0.666981637477875,0.458516091108322,0.908484995365143,0.687936186790466,0.596008837223053,0.530201196670532,0.422577530145645,0.453011989593506,-0.142931699752808,0.728049457073212,0.031741626560688,1,0.342293083667755,-0.50393134355545,-0.659654557704926,-0.507547676563263,-0.520303189754486,-0.432419389486313,-0.622179925441742,-0.393763273954391,-0.679905295372009,-0.726795554161072,-0.151128202676773,-0.195302098989487,-0.486542969942093,-0.676381707191467,-0.65347695350647,-0.215048477053642,-0.52034592628479,-0.248104512691498,-0.546284556388855,-0.519583642482758,-0.3838170170784,-0.45189243555069,-0.621866226196289,-0.709665417671204,0.249786138534546,-0.609491050243378,-0.140938684344292,-0.334114700555801,0.00984613597393036,-0.429077208042145,-0.411383420228958,-0.123404838144779,-0.375961482524872,-0.407051146030426,-0.324722856283188,-0.425811409950256,-0.0475262962281704,-0.505890429019928,-0.49158251285553,-0.403680890798569,-0.423145890235901,-0.509450316429138,-0.594732522964478,-0.663046598434448,-0.122264139354229,0.53972852230072,0.0866197422146797,-0.754886090755463,0.326219320297241,0.730078041553497,0.195343211293221,-0.351398050785065,0.541585505008698,-0.294379532337189,0.759297907352448,-0.375986129045486,-0.557524085044861,-0.640389442443848,-0.44509345293045,0.475700557231903,-0.378780961036682,0.00252997945062816,0.0524900741875172,0.176399409770966,-0.728904008865356,0.159598603844643,0.134524136781693,-0.730028331279755,-0.621396780014038,0.426086097955704,-0.265980511903763,0.115397445857525,0.585747838020325,0.394458651542664,-0.6708904504776,-0.380574017763138,-0.369692444801331,-0.210997670888901,-0.197421163320541,-0.333493739366531,-0.400479853153229,-0.397283762693405,-0.293067395687103,-0.298604071140289,-0.0244107227772474,-0.262787729501724,-0.183462098240852,-0.283224254846573,-0.404536724090576,-0.207561656832695,0.130139470100403,0.12349658459425,0.212577655911446,-0.433293372392654,-0.599543690681458,-0.597008109092712,0.00681971339508891,0.412998080253601,-0.0270665120333433,-0.247084841132164
-0.673279345035553,0.72300398349762,-0.657661080360413,0.735084533691406,-0.137145355343819,-0.202161759138107,-0.471960961818695,0.066134549677372,-0.602206408977509,0.512706995010376,-0.43437248468399,-0.136829942464828,0.5511714220047,0.415940374135971,0.113380715250969,-0.385244727134705,-0.112933225929737,-0.104579545557499,0.644888162612915,-0.486203491687775,-0.615449726581573,0.426656156778336,0.368359506130219,-0.549353182315826,-0.568794548511505,-0.588912904262543,-0.448020696640015,-0.532339930534363,-0.301922976970673,-0.69115424156189,0.613678872585297,0.7792107462883,0.0316374450922012,0.46512833237648,0.558369278907776,0.693182945251465,0.709240078926086,0.741696774959564,0.666455745697021,0.869396150112152,0.575640797615051,0.72343373298645,-0.244731888175011,0.625315546989441,0.253537863492966,0.690975487232208,0.730286180973053,0.696876525878906,0.77977329492569,0.784620225429535,0.797457993030548,0.166055008769035,0.779035627841949,0.642635226249695,0.693598866462708,0.169477328658104,0.188518986105919,-0.107522808015347,-0.402524203062057,0.824087083339691,0.806477308273315,0.202127814292908,-0.187694668769836,0.244559794664383,0.181055560708046,0.408180683851242,0.268296629190445,0.681524157524109,0.744212985038757,0.388116151094437,0.657550573348999,0.0367797799408436,0.437702775001526,0.272293150424957,0.589451909065247,0.703173816204071,-0.179042190313339,-0.565642893314362,0.820644497871399,0.411874175071716,0.177469670772552,-0.384279429912567,0.604012429714203,0.0285590644925833,-0.431004405021667,0.0441389046609402,-0.214606553316116,-0.3308325111866,-0.0867085456848145,0.0693538188934326,-0.117556124925613,0.372209817171097,0.325693905353546,0.330667853355408,0.478324502706528,0.0365871265530586,0.141855895519257,-0.713814914226532,-0.558374404907227,-0.455119967460632,-0.0275613069534302,0.140583530068398,-0.73078066110611,0.338942050933838,0.0811349675059319,0.813423991203308,0.763091623783112,0.254603147506714,0.5844407081604,0.478022485971451,0.301485121250153,-0.320031344890594,0.510566651821136,0.836383283138275,0.241096928715706,0.757490277290344,0.0999463573098183,0.679221093654633,0.0125330090522766,0.211746051907539,-0.0521152429282665,0.164839923381805,0.103789784014225,-0.333000779151917,0.551754295825958,0.299587696790695,0.754649758338928,0.10159719735384,0.806409358978271,0.515859961509705,0.538608729839325,0.390668004751205,0.689384937286377,0.0772081911563873,0.569880664348602,0.624683976173401,0.68250697851181,0.107778936624527,0.619489848613739,0.167771175503731,0.205375492572784,0.331949591636658,0.552869915962219,0.308659344911575,0.00501570664346218,0.754056096076965,0.499114394187927,-0.302093207836151,0.582541227340698,0.661349415779114,0.342293083667755,1,-0.265972107648849,-0.535031855106354,-0.802704036235809,-0.4172283411026,-0.112490609288216,-0.578063309192657,0.146000042557716,-0.368381291627884,-0.698337912559509,0.249881640076637,0.338319361209869,-0.514893531799316,-0.439695954322815,-0.682215452194214,-0.126776590943336,-0.759703636169434,-0.912615716457367,-0.676195919513702,-0.665292680263519,-0.812206208705902,-0.668917655944824,-0.333390235900879,-0.277706056833267,-0.0558506697416306,-0.709423780441284,-0.516772389411926,-0.756068706512451,-0.388561993837357,-0.467801958322525,-0.135230824351311,-0.273530393838882,-0.809629917144775,-0.738666951656342,-0.414935439825058,-0.772565543651581,0.0838292613625526,-0.707157552242279,-0.876710951328278,-0.41227450966835,-0.430353224277496,-0.703228771686554,-0.0751791372895241,-0.575262308120728,-0.681889176368713,0.822881937026978,0.667435109615326,-0.273799866437912,0.678887128829956,0.419382154941559,0.0260997377336025,-0.286876410245895,0.570962011814117,0.175830915570259,0.435127586126328,0.021569786593318,-0.388915032148361,-0.483743906021118,-0.498999565839767,0.12301978468895,-0.124539479613304,0.552271246910095,-0.134388238191605,-0.12312638759613,-0.573546767234802,0.0729765072464943,-0.176277279853821,-0.0820728540420532,-0.331836253404617,0.395133495330811,-0.597641110420227,0.468488186597824,0.413163751363754,0.706233441829681,-0.425607800483704,-0.394243657588959,-0.273228466510773,-0.639451920986176,-0.308603346347809,-0.881174325942993,-0.701704025268555,-0.717067837715149,-0.247843474149704,-0.449826389551163,-0.233080238103867,-0.402295023202896,-0.353864312171936,-0.377220869064331,-0.827501058578491,-0.346542805433273,0.028737660497427,-0.0614244863390923,-0.462948679924011,-0.735349297523499,-0.235878556966782,-0.260339707136154,0.099602960050106,-0.00201074918732047,0.23726412653923,-0.948569893836975
0.505499005317688,-0.61711859703064,0.435051172971725,-0.187470078468323,-0.230070665478706,-0.582854747772217,-0.0395367480814457,-0.481180101633072,0.00262310192920268,-0.770580589771271,-0.233641028404236,-0.612156629562378,-0.829865992069244,-0.698147237300873,-0.677106499671936,-0.337575107812881,-0.603933751583099,-0.566537201404572,-0.523161351680756,0.115364879369736,-0.211076304316521,-0.759795665740967,-0.832294881343842,0.196017280220985,-0.115333557128906,0.305576175451279,-0.217385321855545,-0.0133506814017892,-0.428233206272125,-0.160372003912926,-0.322820872068405,-0.38693755865097,-0.823314487934113,-0.275472939014435,-0.356922179460526,-0.492394179105759,-0.520480573177338,-0.536920607089996,-0.152064442634583,-0.231276467442513,-0.823915779590607,-0.707825064659119,-0.333040326833725,-0.315629839897156,-0.570285081863403,-0.50946033000946,-0.268691539764404,-0.369868338108063,-0.401903629302979,-0.395846873521805,-0.237729087471962,0.418455064296722,-0.326776832342148,-0.316889941692352,-0.151523739099503,-0.45266392827034,-0.685921192169189,-0.480560272932053,-0.450369447469711,-0.558953881263733,-0.517855942249298,-0.788979709148407,-0.0939869433641434,-0.59966254234314,-0.591711819171906,-0.795755207538605,-0.866902232170105,-0.615290880203247,-0.190578028559685,-0.872314393520355,-0.610733985900879,-0.703712821006775,-0.835736513137817,-0.759488999843597,-0.643631100654602,-0.252043038606644,-0.552216589450836,0.187125667929649,-0.457059472799301,-0.661563217639923,-0.513194978237152,0.0162073336541653,-0.620944857597351,-0.799466550350189,-0.195865973830223,-0.593807101249695,0.143766433000565,0.784657537937164,-0.36817792057991,-0.62043285369873,-0.841309487819672,-0.808855175971985,-0.844326138496399,0.0565253868699074,-0.00549949752166867,-0.282746315002441,-0.305191516876221,0.348561823368073,0.309135019779205,0.288252949714661,-0.348319202661514,-0.875716984272003,0.247583001852036,-0.628389954566956,0.244759991765022,-0.260903626680374,-0.297855019569397,0.210132241249084,-0.171675488352776,-0.869512259960175,-0.877856433391571,-0.208116322755814,-0.841919720172882,-0.217850282788277,-0.651460587978363,-0.268191128969193,-0.71144300699234,-0.854190587997437,-0.513847053050995,-0.762850046157837,-0.592020332813263,-0.556313216686249,-0.856401205062866,-0.31454274058342,-0.203767403960228,-0.922439396381378,-0.233486354351044,-0.550870656967163,-0.395478904247284,-0.729109644889832,-0.759326040744781,-0.753336906433105,-0.322156399488449,-0.355938851833344,-0.796945631504059,-0.75903707742691,-0.127466037869453,-0.428800970315933,-0.649408519268036,-0.598332941532135,-0.203075796365738,-0.508256316184998,-0.707902610301971,-0.501995503902435,-0.732749879360199,-0.406464725732803,-0.673662483692169,0.0420092940330505,-0.763735234737396,-0.1080601811409,-0.50393134355545,-0.265972107648849,1,0.823041677474976,0.525149822235107,0.856527507305145,0.395206868648529,0.597835779190063,0.397318750619888,0.620069742202759,0.773569881916046,0.233461081981659,0.213101699948311,0.496614038944244,0.69470751285553,0.633330821990967,0.154624670743942,0.452005058526993,0.294965595006943,0.812586843967438,0.747531831264496,0.420608371496201,0.745702922344208,0.506654620170593,0.685966968536377,0.107778966426849,0.776520907878876,0.284634530544281,0.339713245630264,0.159337267279625,0.354819774627686,0.559779465198517,0.258445143699646,0.588822782039642,0.707753300666809,0.359795302152634,0.384387254714966,-0.235625639557838,0.485687226057053,0.62720388174057,0.235457420349121,0.240607172250748,0.197020888328552,0.556201457977295,0.66316145658493,0.166911870241165,-0.472604602575302,-0.0513210222125053,0.547796010971069,-0.0111274300143123,-0.0144842993468046,0.235136985778809,0.436148852109909,-0.248243629932404,0.23559433221817,-0.396000564098358,0.208311825990677,0.371661126613617,0.0393295288085938,0.360221296548843,-0.278343588113785,0.240179553627968,0.42520597577095,-0.281528383493423,0.29705286026001,0.335866391658783,0.494611144065857,0.016595309600234,0.0728119537234306,0.426621675491333,-0.131478697061539,0.379360944032669,0.0549796782433987,-0.786136448383331,-0.119726188480854,0.53841769695282,0.106238752603531,-0.00229115830734372,-0.217947319149971,-0.0541298016905785,0.150030583143234,0.0842262655496597,0.00815303903073072,-0.097310483455658,-0.16839911043644,-0.452797204256058,-0.106717146933079,-0.207556933164597,0.143524467945099,0.201008275151253,-0.0696315616369247,-0.0897857323288918,-0.243641003966331,-0.558136701583862,0.807999849319458,0.195160895586014,0.544006168842316,0.0184583850204945,-0.520877480506897,-0.257944643497467,0.242160573601723
0.633441507816315,-0.722963273525238,0.464793920516968,-0.613995909690857,0.0561303459107876,-0.411768615245819,0.216562509536743,-0.48685023188591,0.336644202470779,-0.871012270450592,0.0306989699602127,-0.296153366565704,-0.943025290966034,-0.732469379901886,-0.492542594671249,-0.0573428459465504,-0.416722387075424,-0.537002265453339,-0.818013608455658,0.299520581960678,0.151776522397995,-0.856638848781586,-0.681399405002594,0.499342024326324,0.364456355571747,0.322480022907257,-0.0131316184997559,0.174089267849922,-0.367891758680344,0.108838960528374,-0.540730595588684,-0.566835880279541,-0.631964862346649,-0.424010276794434,-0.541358172893524,-0.618368625640869,-0.713149845600128,-0.765362322330475,-0.383752018213272,-0.442585527896881,-0.893330037593842,-0.91633266210556,-0.224235773086548,-0.593134045600891,-0.566713333129883,-0.691161334514618,-0.578780114650726,-0.617172420024872,-0.687652945518494,-0.600609540939331,-0.550926804542542,-0.055303055793047,-0.674794316291809,-0.658596098423004,-0.421486705541611,-0.419120579957962,-0.572632074356079,-0.283056944608688,-0.210960149765015,-0.802763342857361,-0.779123723506927,-0.480586767196655,0.199937254190445,-0.505485892295837,-0.386368989944458,-0.864987909793854,-0.731786608695984,-0.88233494758606,-0.542758703231812,-0.826629638671875,-0.847174286842346,-0.509859919548035,-0.868646860122681,-0.853595554828644,-0.828171610832214,-0.591449081897736,-0.229869440197945,0.343889445066452,-0.565762341022491,-0.582716226577759,-0.589448213577271,0.292326509952545,-0.859544575214386,-0.68172162771225,-0.203650206327438,-0.523617029190063,0.485152363777161,0.770234107971191,-0.269081592559814,-0.496065318584442,-0.640986084938049,-0.818755030632019,-0.750119149684906,-0.100983336567879,-0.10665350407362,-0.355731815099716,-0.589140892028809,0.498279422521591,0.58549976348877,0.530989468097687,-0.518504083156586,-0.692977964878082,0.591357111930847,-0.403228968381882,-0.0736201927065849,-0.47730165719986,-0.528452157974243,0.0784416422247887,-0.312369912862778,-0.912325143814087,-0.879618465900421,-0.087840162217617,-0.843199968338013,-0.538322329521179,-0.650761187076569,-0.738756418228149,-0.390792399644852,-0.922183334827423,-0.371892333030701,-0.667227745056152,-0.387388408184052,-0.368980199098587,-0.700492441654205,-0.0480077043175697,-0.677015125751495,-0.839111924171448,-0.553630709648132,-0.679547429084778,-0.719045758247375,-0.881087303161621,-0.893602848052979,-0.719355225563049,-0.729922533035278,-0.461789339780807,-0.901732206344604,-0.905695796012878,-0.535801112651825,-0.525419116020203,-0.889244318008423,-0.571402251720428,-0.625006675720215,-0.669830858707428,-0.771329462528229,-0.718045175075531,-0.419559329748154,-0.665943741798401,-0.829678416252136,0.188667252659798,-0.80540931224823,-0.329579800367355,-0.659654557704926,-0.535031855106354,0.823041677474976,1,0.620582044124603,0.72277557849884,0.602694928646088,0.80250883102417,0.547491729259491,0.831059157848358,0.931726038455963,0.464344531297684,0.355344086885452,0.667583405971527,0.913216054439545,0.884069442749023,0.421296864748001,0.572479605674744,0.577768981456757,0.720630466938019,0.834901750087738,0.57226175069809,0.738048195838928,0.79331648349762,0.545355975627899,0.26251494884491,0.884329378604889,0.557485461235046,0.487159550189972,0.0518064312636852,0.515288710594177,0.751262485980988,0.403848081827164,0.697840094566345,0.800163626670837,0.603700399398804,0.803116381168365,0.112511903047562,0.731903076171875,0.757154285907745,0.517409443855286,0.503734111785889,0.474092721939087,0.521967351436615,0.937546730041504,0.313031703233719,-0.551254630088806,-0.243811681866646,0.637234449386597,-0.538941085338593,-0.395933657884598,-0.212840259075165,0.498186498880386,-0.678719580173492,0.431143194437027,-0.735132098197937,0.390939086675644,0.60286408662796,0.221544846892357,0.526256263256073,-0.171730652451515,0.415680438280106,-0.0209029652178288,-0.0526273548603058,0.245250329375267,0.639343976974487,0.327845305204391,0.172568559646606,0.205012828111649,0.458788216114044,-0.227759227156639,0.317493051290512,-0.405122518539429,-0.587363183498383,-0.254275262355804,0.897003531455994,0.163481563329697,0.0536479726433754,0.0377301461994648,0.0421676188707352,0.44457420706749,0.290374279022217,0.262575626373291,-0.0238326955586672,-0.0125617710873485,-0.230494037270546,0.00875847600400448,-0.01952507160604,0.035544391721487,0.413766503334045,0.0240012351423502,0.0718653798103333,-0.302659958600998,-0.147225201129913,0.818477928638458,0.264598339796066,0.704408526420593,-0.197183817625046,-0.43322479724884,-0.338813602924347,0.471765279769897
0.960577130317688,-0.768961489200592,0.957191288471222,-0.498626440763474,0.0195452738553286,0.0773998349905014,0.283770203590393,0.191809698939323,0.332095831632614,-0.675158023834229,0.165574535727501,-0.0388919860124588,-0.71404755115509,-0.315057277679443,-0.166155323386192,0.119929954409599,-0.300908714532852,0.0158115904778242,-0.721344828605652,0.275898218154907,0.361377447843552,-0.487014263868332,-0.735903143882751,0.388692140579224,0.305124700069427,0.834346532821655,-0.00539409974589944,0.627934277057648,-0.1750598102808,0.395451962947845,-0.402054250240326,-0.510922074317932,-0.378156304359436,-0.0448037534952164,-0.152093827724457,-0.523394286632538,-0.632660388946533,-0.659907460212708,-0.381844371557236,-0.68500542640686,-0.744002163410187,-0.744558691978455,0.437727838754654,-0.415399163961411,-0.636763155460358,-0.633384943008423,-0.406987428665161,-0.450396180152893,-0.618529081344604,-0.63612025976181,-0.560022413730621,0.0731114819645882,-0.651466071605682,-0.405849397182465,-0.446893274784088,-0.340755015611649,-0.509018778800964,-0.0106695732101798,0.00587518326938152,-0.614422738552094,-0.751537024974823,-0.614477932453156,0.075505793094635,-0.509026110172272,-0.470045864582062,-0.730256319046021,-0.640465617179871,-0.740390777587891,-0.556972503662109,-0.754250705242157,-0.703603744506836,-0.327749282121658,-0.72141820192337,-0.636642098426819,-0.733132839202881,-0.499246299266815,-0.296890676021576,0.562850713729858,-0.762541353702545,-0.823753118515015,-0.517029464244843,-0.0115005280822515,-0.789634108543396,-0.448620110750198,0.0922274366021156,-0.344045996665955,0.233376309275627,0.33512607216835,0.022257424890995,-0.532672166824341,-0.348519772291183,-0.731558918952942,-0.577671408653259,-0.163857847452164,-0.497995048761368,-0.403159648180008,0.00180853251367807,0.374327093362808,0.313416808843613,0.16575300693512,-0.202294930815697,-0.626543402671814,0.405172973871231,-0.512091517448425,0.155295252799988,-0.548035144805908,-0.557179033756256,-0.203755840659142,-0.256576538085938,-0.737243711948395,-0.627378821372986,0.0183199271559715,-0.821399927139282,-0.692637026309967,-0.690111458301544,-0.543482184410095,-0.443415910005569,-0.754776298999786,-0.535657227039337,-0.356720268726349,-0.321712791919708,-0.545302927494049,-0.558252155780792,-0.0464454963803291,-0.444974422454834,-0.6603764295578,-0.440390944480896,-0.35264840722084,-0.692596912384033,-0.804695069789886,-0.416694551706314,-0.809728920459747,-0.626781523227692,-0.549087822437286,-0.746349930763245,-0.854915738105774,-0.511245310306549,-0.531366169452667,-0.700294017791748,-0.433233380317688,-0.237198352813721,-0.649115443229675,-0.81534069776535,-0.542949676513672,-0.507153809070587,-0.541121423244476,-0.670101583003998,0.094390295445919,-0.839617013931274,-0.41935196518898,-0.507547676563263,-0.802704036235809,0.525149822235107,0.620582044124603,1,0.483649402856827,-0.0103521104902029,0.780592620372772,-0.12308494746685,0.616786241531372,0.851679444313049,-0.162858009338379,-0.153608426451683,0.785399496555328,0.499428629875183,0.651401519775391,-0.168649837374687,0.988904058933258,0.854974806308746,0.86770224571228,0.549950838088989,0.955643177032471,0.595343351364136,0.495227515697479,0.712987720966339,-0.214117407798767,0.898735165596008,0.370949864387512,0.942643761634827,0.0648089349269867,0.725669324398041,0.0416261479258537,0.502365171909332,0.643901705741882,0.602516055107117,0.137022197246552,0.533933579921722,-0.421138226985931,0.837049186229706,0.885819673538208,0.586434483528137,0.643947720527649,0.429496169090271,0.0147061496973038,0.516332507133484,0.845844447612762,-0.815806448459625,-0.554758667945862,0.305404722690582,-0.403386652469635,-0.407972902059555,0.187569573521614,0.265204101800919,-0.454089939594269,-0.046559926122427,-0.304670870304108,-0.223824813961983,0.152204766869545,0.38035124540329,0.289812326431274,0.0493945963680744,0.0766253173351288,-0.117945797741413,-0.119094915688038,0.397060096263885,0.376612991094589,0.252196729183197,0.356199443340302,0.0525828786194324,0.367158621549606,-0.524181365966797,0.677067041397095,-0.183155789971352,-0.589262664318085,-0.463991075754166,0.485412448644638,0.515220522880554,0.35881307721138,0.462803244590759,0.280087679624557,0.79003244638443,0.612349092960358,0.744276702404022,0.333073168992996,0.472564071416855,0.0153993312269449,0.45026108622551,0.336621671915054,0.483320832252502,0.877931356430054,0.400553464889526,-0.313733488321304,-0.197578877210617,-0.0239501446485519,0.809889554977417,0.353831887245178,0.379046261310577,0.049994420260191,-0.202816128730774,-0.221198469400406,0.810592830181122
0.367551475763321,-0.53561931848526,0.345690280199051,-0.174568444490433,-0.31570041179657,-0.429880976676941,0.16158951818943,-0.589660942554474,0.212594777345657,-0.59430456161499,-0.00319361640140414,-0.354810744524002,-0.619299232959747,-0.772603988647461,-0.568569421768188,-0.0783994644880295,-0.243299663066864,-0.47018626332283,-0.37649941444397,0.308739989995956,0.0141047099605203,-0.820782542228699,-0.745616674423218,0.310117810964584,0.117684133350849,0.197557300329208,0.216644421219826,-0.000709041371010244,0.0505133457481861,0.191913560032845,-0.445757210254669,-0.66180408000946,-0.578827500343323,-0.553128182888031,-0.661139190196991,-0.720479011535645,-0.639803409576416,-0.657202422618866,-0.352228760719299,-0.465066164731979,-0.706271648406982,-0.677776277065277,-0.431329429149628,-0.446892142295837,-0.213391900062561,-0.629166126251221,-0.495134383440018,-0.558453619480133,-0.520435333251953,-0.607405722141266,-0.357077360153198,0.226838156580925,-0.451744139194489,-0.425068974494934,-0.374406218528748,-0.223622620105743,-0.417532235383987,-0.269984871149063,-0.0637190639972687,-0.568114161491394,-0.567489385604858,-0.630588710308075,0.112848423421383,-0.429676979780197,-0.300842851400375,-0.584140777587891,-0.630661189556122,-0.55428010225296,-0.260687053203583,-0.617909967899323,-0.640664517879486,-0.422873824834824,-0.608343541622162,-0.562923014163971,-0.500610530376434,-0.402920633554459,-0.171065226197243,0.299623936414719,-0.686483383178711,-0.463136166334152,-0.0976435542106628,0.30560776591301,-0.475189864635468,-0.448517858982086,0.24260887503624,-0.190763771533966,0.0960335358977318,0.883015751838684,-0.227157413959503,-0.226599797606468,-0.508823931217194,-0.532151699066162,-0.668860614299774,-0.0436703749001026,0.0193608459085226,0.112230539321899,-0.307212769985199,0.579104006290436,0.568347871303558,0.519109010696411,0.0777264386415482,-0.620733261108398,0.546399831771851,-0.629297912120819,0.505772709846497,-0.350296705961227,-0.535367906093597,0.230291604995728,-0.426377952098846,-0.679678797721863,-0.607398390769958,0.153536200523376,-0.732649922370911,-0.376968622207642,-0.342977106571198,-0.349628120660782,-0.486509710550308,-0.753613412380219,-0.17740036547184,-0.443275541067123,-0.190616339445114,-0.372963398694992,-0.562483429908752,0.0095899160951376,-0.0400113724172115,-0.651845633983612,-0.47073969244957,-0.205923452973366,-0.48492568731308,-0.57094794511795,-0.847326815128326,-0.50186687707901,-0.413528919219971,-0.0976533889770508,-0.686947405338287,-0.640460252761841,-0.176217466592789,-0.174042478203773,-0.469761848449707,-0.356632977724075,0.0553632862865925,-0.345191359519958,-0.680343151092529,-0.430483013391495,-0.648078143596649,-0.629278898239136,-0.433818638324738,0.485914826393127,-0.604350745677948,-0.390137612819672,-0.520303189754486,-0.4172283411026,0.856527507305145,0.72277557849884,0.483649402856827,1,0.320520877838135,0.363587528467178,0.207771897315979,0.336061030626297,0.700311899185181,-0.100753054022789,-0.220061138272285,0.251584738492966,0.59118640422821,0.678624033927917,0.192471086978912,0.37401619553566,0.369013726711273,0.827503204345703,0.909582436084747,0.385485827922821,0.9223552942276,0.258225709199905,0.519623994827271,0.255618572235107,0.688675701618195,0.419172465801239,0.265520542860031,0.600014567375183,0.021734582260251,0.474253565073013,-0.182989075779915,0.799611032009125,0.86411714553833,0.431214421987534,0.450943470001221,-0.0974839180707932,0.301471173763275,0.740052700042725,-0.0790161788463593,-0.0430421754717827,0.594685852527618,0.503228724002838,0.7100710272789,0.0432990342378616,-0.453943341970444,0.0872347801923752,0.672516882419586,0.00543582532554865,0.0187331326305866,0.286419123411179,0.475218594074249,-0.0879573449492455,0.268877327442169,-0.366942197084427,0.411625564098358,0.618945240974426,0.069702222943306,0.740894556045532,-0.557486057281494,0.288907498121262,0.269028812646866,0.032795138657093,0.199855700135231,0.625238120555878,0.385272800922394,-0.202426135540009,0.132303714752197,0.523032426834106,0.0540495365858078,0.277801930904388,-0.00592203391715884,-0.67610776424408,-0.509218156337738,0.455399423837662,-0.0949509963393211,-0.190940022468567,-0.250787347555161,-0.285044252872467,0.0948726013302803,0.0080395583063364,-0.0878715440630913,-0.310241013765335,-0.28619658946991,-0.506953060626984,-0.301639884710312,-0.419934213161469,0.0115187531337142,0.130887538194656,-0.305576503276825,-0.313524484634399,-0.122041657567024,-0.376808315515518,0.705085754394531,0.0270527042448521,0.660691916942596,-0.27843701839447,-0.700687229633331,-0.295442044734955,0.285271197557449
-0.0222309287637472,-0.536042034626007,-0.110082745552063,-0.652188658714294,0.454592704772949,-0.0981653407216072,0.505344748497009,-0.747061789035797,0.584758520126343,-0.685312628746033,0.401400089263916,0.0442125834524632,-0.56216436624527,-0.351290315389633,-0.646287143230438,0.292270183563232,0.0632528141140938,-0.860129714012146,-0.624780476093292,0.586299061775208,0.217801719903946,-0.586660027503967,-0.227971464395523,0.714916706085205,0.381490528583527,-0.0959293022751808,0.218581676483154,-0.0105553446337581,-0.12089916318655,0.0997270792722702,-0.541545927524567,-0.507782578468323,-0.0223430637270212,-0.518610000610352,-0.533347368240356,-0.514072418212891,-0.588934004306793,-0.545480966567993,-0.45330935716629,-0.313853830099106,-0.606022953987122,-0.585715770721436,-0.248833656311035,-0.293770611286163,-0.298727631568909,-0.544276714324951,-0.611573278903961,-0.653585970401764,-0.619592249393463,-0.513337016105652,-0.598927021026611,-0.435931533575058,-0.543594777584076,-0.73126482963562,-0.36589527130127,0.24331459403038,0.10747342556715,0.16075199842453,0.0475162975490093,-0.432696282863617,-0.395601570606232,0.075535424053669,0.590212821960449,0.309873342514038,0.187848314642906,-0.445823222398758,-0.366428732872009,-0.632191598415375,-0.625435531139374,-0.378701955080032,-0.650059998035431,-0.0623826161026955,-0.519396066665649,-0.436019897460938,-0.474467992782593,-0.544161200523376,0.178075447678566,0.349127262830734,-0.286997407674789,-0.204859152436256,-0.357853412628174,0.677473187446594,-0.519691109657288,-0.322026938199997,-0.13473254442215,-0.253019094467163,0.727918922901154,0.629356205463409,0.191962644457817,0.0148874241858721,-0.363694429397583,-0.244940280914307,-0.115236051380634,-0.548919498920441,-0.300050228834152,0.107260949909687,-0.784535825252533,0.558585464954376,0.14359638094902,0.773154497146606,-0.285236984491348,-0.207285046577454,0.460949897766113,-0.340742200613022,-0.262048214673996,-0.516483187675476,-0.478441923856735,-0.36610996723175,-0.327532947063446,-0.506328761577606,-0.487755596637726,0.24444106221199,-0.29482701420784,-0.427410870790482,-0.351000070571899,-0.598532676696777,0.0904359519481659,-0.480747103691101,0.290455013513565,-0.443718552589417,0.0937120988965034,0.34428483247757,-0.185907125473022,0.301730275154114,-0.613001644611359,-0.383831024169922,-0.596104443073273,-0.409370452165604,-0.586997509002686,-0.276584684848785,-0.648157715797424,-0.0830375626683235,-0.532272160053253,-0.216175496578217,-0.604712784290314,-0.415303409099579,-0.607757866382599,-0.0288670994341373,-0.665927171707153,-0.0841301828622818,-0.666026592254639,-0.304249167442322,-0.40240553021431,-0.565335154533386,0.0724641382694244,-0.575932502746582,-0.629668235778809,0.0436083450913429,-0.42510250210762,-0.298783540725708,-0.432419389486313,-0.112490609288216,0.395206868648529,0.602694928646088,-0.0103521104902029,0.320520877838135,1,0.51993066072464,0.945586025714874,0.60991632938385,0.38101801276207,0.657805204391479,0.488813072443008,0.404972523450851,0.83257120847702,0.694135010242462,0.941890895366669,-0.0135651715099812,0.0408960245549679,0.084544837474823,0.446401566267014,0.0954665541648865,0.208154127001762,0.73248690366745,-0.0592206567525864,0.532772362232208,0.349872887134552,0.560202658176422,0.0071340287104249,-0.105454035103321,0.267237395048141,0.944922387599945,0.18768635392189,0.152163133025169,0.334388017654419,0.91092187166214,0.515313565731049,0.717892229557037,0.427992433309555,0.153683751821518,0.444792091846466,0.39798492193222,0.288337767124176,0.757109344005585,0.70634263753891,-0.0858179852366447,-0.0940811783075333,0.164008364081383,0.749006748199463,-0.531593143939972,-0.145400062203407,-0.193052232265472,0.795311748981476,-0.632762432098389,0.311335235834122,-0.58989953994751,0.790895879268646,0.77445662021637,0.342980653047562,0.23021987080574,-0.0779453068971634,0.850113272666931,-0.362190037965775,0.370419770479202,0.0365753956139088,0.392746299505234,-0.158861398696899,0.237003803253174,0.118468642234802,-0.135542452335358,0.256192445755005,-0.308802127838135,-0.663769781589508,-0.296637922525406,-0.222133934497833,0.592535078525543,-0.227088302373886,-0.209351673722267,-0.0156731251627207,-0.0540715418756008,0.119576245546341,-0.00707748532295227,-0.0438479855656624,-0.215505436062813,-0.263204157352448,-0.261902153491974,-0.00611542537808418,-0.110267296433449,-0.296752125024796,0.0502915643155575,-0.186898812651634,0.513551890850067,-0.467583119869232,0.223751425743103,0.322154611349106,0.491983711719513,0.539198994636536,-0.258325457572937,-0.265775918960571,-0.559265196323395,-0.0633279830217361
0.816443026065826,-0.867607295513153,0.733027696609497,-0.739629030227661,0.326449066400528,-0.0216237604618073,0.372172951698303,-0.0942798107862473,0.444555878639221,-0.929443597793579,0.219367101788521,-0.0702792033553123,-0.911284744739532,-0.292555242776871,-0.437149554491043,0.125555962324142,-0.381821155548096,-0.441172301769257,-0.965925455093384,0.380495667457581,0.292690336704254,-0.603185832500458,-0.674751043319702,0.599636018276215,0.363119095563889,0.649591267108917,-0.154415100812912,0.501058042049408,-0.481841295957565,0.166110500693321,-0.472953081130981,-0.45340970158577,-0.383005321025848,-0.0704146325588226,-0.154388964176178,-0.478115230798721,-0.682242810726166,-0.683674693107605,-0.379169374704361,-0.538853704929352,-0.901670277118683,-0.850835978984833,0.335150957107544,-0.363543957471848,-0.848118424415588,-0.660114824771881,-0.468555331230164,-0.535082042217255,-0.703117251396179,-0.604313313961029,-0.657562375068665,-0.141323193907738,-0.708694458007812,-0.605538249015808,-0.384241193532944,-0.248508855700493,-0.456206470727921,0.0108535811305046,-0.172493368387222,-0.638845324516296,-0.725578367710114,-0.465710371732712,0.284094899892807,-0.292882919311523,-0.38734957575798,-0.895060241222382,-0.76733410358429,-0.914734840393066,-0.721538782119751,-0.87613433599472,-0.842739343643188,-0.395477592945099,-0.916313886642456,-0.817732930183411,-0.862091779708862,-0.566435277462006,-0.320723474025726,0.542470753192902,-0.573117136955261,-0.833663165569305,-0.829581379890442,0.15454925596714,-0.963829100131989,-0.677599549293518,-0.282197535037994,-0.602531373500824,0.613838851451874,0.456415772438049,0.0680049136281013,-0.615803897380829,-0.590126574039459,-0.822712898254395,-0.54980194568634,-0.344783544540405,-0.561095476150513,-0.521437585353851,-0.408029288053513,0.379184693098068,0.147169783711433,0.35760298371315,-0.569946587085724,-0.687539875507355,0.359965562820435,-0.503251194953918,-0.197993069887161,-0.600492775440216,-0.511334180831909,-0.379834443330765,-0.163407579064369,-0.895545482635498,-0.848801553249359,-0.0780448541045189,-0.814074277877808,-0.667438507080078,-0.884262979030609,-0.699454545974731,-0.360505342483521,-0.821364104747772,-0.456142276525497,-0.59635317325592,-0.392088264226913,-0.330106735229492,-0.652652859687805,-0.0574423968791962,-0.786039352416992,-0.806005358695984,-0.488748967647552,-0.687516689300537,-0.775887489318848,-0.844688892364502,-0.532911777496338,-0.793215811252594,-0.725185632705688,-0.731262385845184,-0.9066521525383,-0.92080157995224,-0.696439921855927,-0.614889323711395,-0.963194668292999,-0.503939986228943,-0.71904593706131,-0.783779740333557,-0.828034579753876,-0.762988448143005,-0.359501630067825,-0.552396833896637,-0.947030961513519,-0.164604678750038,-0.925778150558472,-0.294377952814102,-0.622179925441742,-0.578063309192657,0.597835779190063,0.80250883102417,0.780592620372772,0.363587528467178,0.51993066072464,1,0.481188118457794,0.955596804618835,0.866619229316711,0.417912542819977,0.402131527662277,0.961018919944763,0.842901408672333,0.80336058139801,0.309936255216599,0.807293474674225,0.637913167476654,0.638884782791138,0.486096769571304,0.802220165729523,0.383480280637741,0.913073837757111,0.598592400550842,-0.0185319986194372,0.886705756187439,0.476311177015305,0.782223761081696,-0.327550828456879,0.908179402351379,0.521218955516815,0.752842664718628,0.391627460718155,0.471282660961151,0.488976895809174,0.62904942035675,-0.00906889420002699,0.972395539283752,0.656908214092255,0.898037314414978,0.903175950050354,0.247264012694359,0.37080791592598,0.703480422496796,0.697274208068848,-0.659868597984314,-0.431450545787811,0.521170198917389,-0.632037043571472,-0.484366148710251,-0.054324209690094,0.545683681964874,-0.792985379695892,0.130311325192451,-0.563232839107513,0.0996094346046448,0.344738155603409,0.478208899497986,0.0944514647126198,0.202615410089493,0.45924773812294,-0.233957976102829,-0.0594968870282173,0.359965145587921,0.329323291778564,0.130928173661232,0.547594785690308,0.105278879404068,0.14822068810463,-0.412480801343918,0.392052799463272,-0.472168356180191,-0.592196702957153,-0.232009440660477,0.738480925559998,0.423130661249161,0.312857925891876,0.409550726413727,0.343598574399948,0.718927562236786,0.532134532928467,0.653860926628113,0.313259601593018,0.352561950683594,-0.0312853157520294,0.495639055967331,0.377937942743301,0.291338533163071,0.763177871704102,0.383878022432327,0.136427700519562,-0.468490064144135,0.0368434153497219,0.775641679763794,0.63768458366394,0.491705149412155,0.0669493302702904,-0.156613022089005,-0.401731997728348,0.55943238735199
-0.0567250773310661,-0.381072551012039,-0.170615777373314,-0.461716443300247,0.423764169216156,-0.199266508221626,0.321689039468765,-0.634683549404144,0.362690567970276,-0.623197853565216,0.20373871922493,-0.0421459712088108,-0.519514441490173,-0.258766263723373,-0.577305972576141,0.11200687289238,-0.105841457843781,-0.869839370250702,-0.535261332988739,0.383862644433975,0.0248656012117863,-0.499108731746674,-0.221143156290054,0.539382517337799,0.205934390425682,-0.156087905168533,-0.0379411540925503,-0.0900436490774155,-0.377158582210541,-0.151924073696136,-0.355245351791382,-0.225457563996315,-0.139997377991676,-0.29172158241272,-0.288624197244644,-0.284813642501831,-0.399982362985611,-0.363952696323395,-0.220767363905907,-0.0416164956986904,-0.523174285888672,-0.455045163631439,-0.24935694038868,-0.149802133440971,-0.360088855028152,-0.366307407617569,-0.361546903848648,-0.420619159936905,-0.403517991304398,-0.269585072994232,-0.35404098033905,-0.359382420778275,-0.351383358240128,-0.541298925876617,-0.150299474596977,0.167143478989601,0.0193119924515486,0.0673583671450615,-0.174166724085808,-0.236302554607391,-0.236038461327553,0.0422863848507404,0.492757707834244,0.234565123915672,0.129641592502594,-0.462176412343979,-0.39296543598175,-0.523955881595612,-0.408912926912308,-0.402999401092529,-0.519477725028992,-0.147267386317253,-0.509519398212433,-0.508338034152985,-0.424347221851349,-0.351668328046799,0.00641827099025249,0.199065163731575,-0.0466294102370739,-0.205664545297623,-0.45409744977951,0.46292245388031,-0.46708881855011,-0.447659611701965,-0.385718137025833,-0.356634110212326,0.711179733276367,0.522582530975342,0.106495641171932,-0.129062801599503,-0.523420393466949,-0.296579360961914,-0.134544730186462,-0.390163272619247,-0.161200284957886,-0.0593436099588871,-0.732536792755127,0.276722699403763,0.00233154953457415,0.573041498661041,-0.445537149906158,-0.306117713451385,0.224494159221649,-0.226498782634735,-0.268253952264786,-0.249604240059853,-0.232551693916321,-0.259428828954697,-0.0971260443329811,-0.483774185180664,-0.532134175300598,0.0375892035663128,-0.26758137345314,-0.201341018080711,-0.431157827377319,-0.420225232839584,0.0414512492716312,-0.365196168422699,0.106709994375706,-0.467756539583206,-0.056631688028574,0.263503164052963,-0.299838304519653,0.109061881899834,-0.54287850856781,-0.428772538900375,-0.337649405002594,-0.514265060424805,-0.38725882768631,-0.290142834186554,-0.505341649055481,-0.13534577190876,-0.399694889783859,-0.354095667600632,-0.532820403575897,-0.364539831876755,-0.43580436706543,-0.168934896588326,-0.587466657161713,-0.150858744978905,-0.715380966663361,-0.339995592832565,-0.338183879852295,-0.581597506999969,-0.019829023629427,-0.341868668794632,-0.597653925418854,-0.0972450226545334,-0.362525939941406,-0.0729415789246559,-0.393763273954391,0.146000042557716,0.397318750619888,0.547491729259491,-0.12308494746685,0.207771897315979,0.945586025714874,0.481188118457794,1,0.641675591468811,0.296477645635605,0.81748753786087,0.691147208213806,0.393512815237045,0.772431194782257,0.544295787811279,0.837369561195374,-0.104402929544449,-0.134806096553802,-0.0329010635614395,0.264529049396515,-0.0337408520281315,0.0290864259004593,0.751725673675537,-0.0108831869438291,0.461001187562943,0.263067722320557,0.421496242284775,-0.0926694273948669,-0.340164810419083,0.272391200065613,0.913878738880157,0.260002106428146,-0.0653546452522278,0.139838814735413,0.73894065618515,0.343342453241348,0.66148430109024,0.343377709388733,-0.0296574514359236,0.452955394983292,0.40407532453537,0.0423263013362885,0.686550855636597,0.592164158821106,-0.167338505387306,0.0935225710272789,0.286328136920929,0.651110827922821,-0.378256350755692,-0.10354283452034,-0.233369469642639,0.679917275905609,-0.540860235691071,0.435244858264923,-0.506285309791565,0.719969868659973,0.601183235645294,0.177445605397224,0.0540703535079956,0.0508428141474724,0.780632019042969,-0.141488239169121,0.24229821562767,0.092005081474781,0.220424324274063,-0.0246141012758017,0.279158383607864,0.0924763530492783,-0.181791260838509,0.266859591007233,-0.406360596418381,-0.525626480579376,-0.20670747756958,0.0618961155414581,0.584709405899048,-0.254512429237366,-0.225515782833099,-0.190178945660591,-0.102673254907131,-0.0653839483857155,-0.162141710519791,-0.167725399136543,-0.224488034844398,-0.333763211965561,-0.329620629549026,-0.079378567636013,-0.156048387289047,-0.367384642362595,-0.103246837854385,-0.218521595001221,0.480790495872498,-0.54899388551712,0.0103162778541446,0.188487470149994,0.437829971313477,0.514726459980011,-0.203273922204971,-0.28265106678009,-0.482495695352554,-0.275404155254364
0.704080820083618,-0.726035058498383,0.565916121006012,-0.656238913536072,0.279116362333298,-0.184215873479843,0.248744934797287,-0.176287770271301,0.321960538625717,-0.898163795471191,0.0767195671796799,-0.137414321303368,-0.89262330532074,-0.285724490880966,-0.447117567062378,-0.00971488654613495,-0.48685547709465,-0.565623462200165,-0.926602423191071,0.252675026655197,0.133579596877098,-0.651137590408325,-0.616685330867767,0.515119612216949,0.34270852804184,0.456302613019943,-0.28964763879776,0.327679842710495,-0.637575566768646,-0.0317441783845425,-0.353617250919342,-0.311901062726974,-0.475107401609421,-0.00331764365546405,-0.102038316428661,-0.346999257802963,-0.567257881164551,-0.579120755195618,-0.215926557779312,-0.330115854740143,-0.853463411331177,-0.781479775905609,0.181703314185143,-0.283848404884338,-0.848637402057648,-0.54280149936676,-0.354254901409149,-0.421246260404587,-0.578432619571686,-0.454808682203293,-0.505201160907745,-0.170493423938751,-0.596139907836914,-0.533087551593781,-0.231369465589523,-0.297304034233093,-0.500874936580658,-0.0824295803904533,-0.332559645175934,-0.5392125248909,-0.606972336769104,-0.436532825231552,0.286474317312241,-0.304054528474808,-0.376116394996643,-0.92121809720993,-0.778737366199493,-0.862347662448883,-0.603680729866028,-0.864218354225159,-0.794016182422638,-0.468880295753479,-0.916520237922668,-0.887749910354614,-0.803529798984528,-0.457038283348083,-0.373902142047882,0.383057832717896,-0.399631440639496,-0.754267156124115,-0.879193484783173,0.104295320808887,-0.943565845489502,-0.775976836681366,-0.487695157527924,-0.679513037204742,0.65138053894043,0.49709764122963,-0.0472328960895538,-0.664644718170166,-0.694114506244659,-0.846960663795471,-0.582182347774506,-0.219065144658089,-0.374190509319305,-0.602117657661438,-0.546471357345581,0.226692870259285,0.136300086975098,0.321230232715607,-0.714899897575378,-0.720734119415283,0.272414952516556,-0.403551012277603,-0.240342199802399,-0.410349458456039,-0.353998988866806,-0.24030764400959,-0.00687502836808562,-0.895882487297058,-0.899905860424042,-0.218344315886497,-0.792078495025635,-0.503048419952393,-0.890544176101685,-0.656428635120392,-0.356340110301971,-0.758022904396057,-0.496084272861481,-0.592259287834167,-0.455651938915253,-0.338214337825775,-0.722221791744232,-0.166491240262985,-0.791221439838409,-0.830669522285461,-0.364156603813171,-0.81782341003418,-0.65875917673111,-0.84960001707077,-0.540181159973145,-0.78170520067215,-0.676200091838837,-0.789525330066681,-0.866593360900879,-0.88421618938446,-0.592475235462189,-0.713372111320496,-0.928335011005402,-0.5820032954216,-0.828210711479187,-0.834717810153961,-0.765973925590515,-0.800091087818146,-0.383295357227325,-0.43890169262886,-0.913611054420471,-0.193900048732758,-0.861158549785614,-0.128913566470146,-0.679905295372009,-0.368381291627884,0.620069742202759,0.831059157848358,0.616786241531372,0.336061030626297,0.60991632938385,0.955596804618835,0.641675591468811,1,0.821970999240875,0.618806004524231,0.608157217502594,0.894098520278931,0.879905760288239,0.756718873977661,0.370765209197998,0.651835918426514,0.457340359687805,0.515721499919891,0.431852757930756,0.618050038814545,0.299574196338654,0.971181750297546,0.59229177236557,0.00911381654441357,0.804081797599792,0.408948838710785,0.599620878696442,-0.450419753789902,0.836272716522217,0.634706974029541,0.723726570606232,0.269741594791412,0.382679492235184,0.47508242726326,0.583672344684601,0.0939136445522308,0.871292054653168,0.508309960365295,0.863505303859711,0.853658676147461,0.155436858534813,0.445782959461212,0.724749386310577,0.499415338039398,-0.492050975561142,-0.281640112400055,0.554811358451843,-0.57828015089035,-0.518333733081818,-0.205499678850174,0.504013776779175,-0.790702223777771,0.318007856607437,-0.641522467136383,0.214201107621193,0.364075392484665,0.391322016716003,0.0756380707025528,0.176091983914375,0.487878799438477,-0.103573448956013,-0.10305143892765,0.295743584632874,0.338332265615463,0.167129144072533,0.478838860988617,0.199766799807549,0.185216844081879,-0.363088667392731,0.2466871291399,-0.431626230478287,-0.519213140010834,-0.0519701167941093,0.826047301292419,0.346101701259613,0.263744652271271,0.23498047888279,0.270754218101501,0.529496729373932,0.387553602457047,0.488978087902069,0.25344517827034,0.234992459416389,-0.0843252316117287,0.364353746175766,0.288184583187103,0.161142870783806,0.56656676530838,0.291267395019531,0.18036262691021,-0.502026677131653,-0.0990176498889923,0.655070066452026,0.599388420581818,0.5538090467453,0.0351971425116062,-0.220253050327301,-0.335382580757141,0.353040516376495
0.837710559368134,-0.787388801574707,0.719870269298553,-0.616121232509613,-0.0258742794394493,-0.277391701936722,0.231881141662598,-0.24513541162014,0.341103553771973,-0.857354819774628,0.053675502538681,-0.225433424115181,-0.920056581497192,-0.583679020404816,-0.415233910083771,-0.0236073210835457,-0.443442463874817,-0.368358194828033,-0.861059725284576,0.277127683162689,0.213275909423828,-0.820510625839233,-0.760952055454254,0.471425920724869,0.417913913726807,0.539569735527039,-0.040373295545578,0.341603517532349,-0.322620034217834,0.21591417491436,-0.470661699771881,-0.601256608963013,-0.601448833942413,-0.259981423616409,-0.41487056016922,-0.609623193740845,-0.718835413455963,-0.76496833562851,-0.363833516836166,-0.5811647772789,-0.909408688545227,-0.909657955169678,0.0218947157263756,-0.516442716121674,-0.676329493522644,-0.699372172355652,-0.530721247196198,-0.573205709457397,-0.699210166931152,-0.665900051593781,-0.585755705833435,-0.00180188566446304,-0.708042681217194,-0.57509708404541,-0.42111000418663,-0.451950132846832,-0.630606234073639,-0.214396581053734,-0.172869473695755,-0.779859244823456,-0.806104183197021,-0.622816145420074,0.163783371448517,-0.559626817703247,-0.488728076219559,-0.915265619754791,-0.790216147899628,-0.893052518367767,-0.603423774242401,-0.875282824039459,-0.868916928768158,-0.521392107009888,-0.902022898197174,-0.849581062793732,-0.826245725154877,-0.56598287820816,-0.308299750089645,0.430459648370743,-0.718822956085205,-0.754169106483459,-0.632920801639557,0.160676166415215,-0.928397357463837,-0.673957765102386,-0.122178696095943,-0.525701403617859,0.394123524427414,0.687637686729431,-0.204853594303131,-0.586522877216339,-0.567769646644592,-0.880239844322205,-0.780789613723755,-0.0924941375851631,-0.260090976953506,-0.44113165140152,-0.433073163032532,0.465761095285416,0.518896579742432,0.401576220989227,-0.442593395709991,-0.74011492729187,0.550403952598572,-0.516899943351746,0.0363875702023506,-0.528763711452484,-0.565547585487366,-0.00233347364701331,-0.2558653652668,-0.937832653522491,-0.868439555168152,-0.0885312855243683,-0.942882180213928,-0.64178991317749,-0.734489381313324,-0.73036926984787,-0.490929812192917,-0.937541127204895,-0.490970760583878,-0.543511629104614,-0.413306683301926,-0.531685948371887,-0.731982350349426,-0.0999050810933113,-0.631255209445953,-0.849333941936493,-0.536047339439392,-0.639066636562347,-0.761925458908081,-0.938589692115784,-0.770264506340027,-0.851102828979492,-0.745214343070984,-0.561180889606476,-0.911850571632385,-0.978620827198029,-0.544751524925232,-0.630941987037659,-0.879804491996765,-0.624524056911469,-0.510601758956909,-0.780995547771454,-0.869956731796265,-0.702364981174469,-0.532529592514038,-0.656806647777557,-0.810221552848816,0.165230244398117,-0.912932932376862,-0.354436606168747,-0.726795554161072,-0.698337912559509,0.773569881916046,0.931726038455963,0.851679444313049,0.700311899185181,0.38101801276207,0.866619229316711,0.296477645635605,0.821970999240875,1,0.209744706749916,0.163695350289345,0.766669511795044,0.81634384393692,0.862093508243561,0.178734019398689,0.817738950252533,0.729579389095306,0.86635947227478,0.793100714683533,0.778485476970673,0.755099058151245,0.734550297260284,0.723158180713654,0.0126834036782384,0.972066462039948,0.477093279361725,0.716776132583618,0.0697833523154259,0.652581036090851,0.49505877494812,0.459272116422653,0.741764545440674,0.783462643623352,0.431781768798828,0.74937117099762,-0.131115958094597,0.833664298057556,0.884180724620819,0.583841145038605,0.600567936897278,0.520683825016022,0.384630441665649,0.844602286815643,0.545570850372314,-0.746796131134033,-0.40549710392952,0.579061150550842,-0.516837179660797,-0.505502820014954,-0.0808785483241081,0.4172103703022,-0.650781035423279,0.262369722127914,-0.662749886512756,0.162224322557449,0.472710162401199,0.366306453943253,0.49263733625412,-0.161100253462791,0.288986265659332,-0.0432992838323116,-0.118455655872822,0.268368929624557,0.630476653575897,0.280672341585159,0.204278722405434,0.251788139343262,0.53388512134552,-0.43147873878479,0.531681418418884,-0.30254054069519,-0.674172520637512,-0.384435474872589,0.810926973819733,0.380632311105728,0.248555079102516,0.24555429816246,0.181045591831207,0.635495722293854,0.491008967161179,0.51860511302948,0.178351104259491,0.241826385259628,-0.107453271746635,0.226143673062325,0.161327257752419,0.27986142039299,0.660036563873291,0.222344383597374,-0.109216473996639,-0.241878718137741,-0.139436453580856,0.881530165672302,0.363780707120895,0.63242506980896,-0.0780356451869011,-0.380735576152802,-0.255125969648361,0.660816252231598
0.0307262577116489,-0.137056961655617,-0.177329242229462,-0.316350966691971,0.441985815763474,-0.267303377389908,0.00983260665088892,-0.275198310613632,0.049771249294281,-0.415998697280884,-0.0764953643083572,-0.123984776437283,-0.452712833881378,-0.218724548816681,-0.154826432466507,-0.112522467970848,-0.278316646814346,-0.481318354606628,-0.406977564096451,0.0145120639353991,-0.0649151057004929,-0.204400405287743,-0.0430270321667194,0.226072460412979,0.0465116575360298,-0.137095794081688,-0.31890931725502,-0.0675357282161713,-0.65667062997818,-0.353365629911423,-0.171137541532516,0.1916424036026,-0.263503938913345,-0.0319942645728588,0.0129607180133462,0.0692462474107742,-0.104825183749199,-0.137248665094376,0.0107333920896053,0.283826500177383,-0.290696531534195,-0.300969839096069,-0.166456744074821,-0.198620542883873,-0.322266727685928,-0.0972891971468925,-0.0791420936584473,-0.095153696835041,-0.129297092556953,0.10475167632103,-0.065118633210659,-0.277835071086884,-0.152259454131126,-0.316145122051239,0.0152406562119722,-0.145440056920052,-0.165693774819374,-0.14085279405117,-0.352266401052475,-0.176466763019562,-0.167986899614334,0.16605481505394,0.175707191228867,-0.0657583400607109,0.00159766897559166,-0.365704029798508,-0.211712449789047,-0.370664864778519,-0.119125828146935,-0.320366710424423,-0.254037022590637,-0.184474393725395,-0.361835479736328,-0.49448573589325,-0.413000673055649,-0.183552697300911,-0.11210985481739,-0.0424658432602882,0.325701624155045,-0.0489298030734062,-0.526626169681549,0.110972121357918,-0.364403903484344,-0.441840171813965,-0.664862334728241,-0.423237770795822,0.586588025093079,0.133578300476074,-0.132230862975121,-0.284989893436432,-0.504974067211151,-0.339538544416428,-0.149503692984581,-0.0547058880329132,0.102350674569607,-0.396134704351425,-0.51297801733017,-0.105236999690533,0.044655479490757,0.193416237831116,-0.744288980960846,-0.253096699714661,0.024269076064229,0.247299060225487,-0.539675295352936,0.0518319383263588,0.0886451080441475,-0.0104591455310583,0.105930127203465,-0.341406732797623,-0.461444914340973,-0.292015165090561,-0.12635512650013,0.0388868451118469,-0.382610499858856,-0.311288148164749,0.10167507827282,-0.208414524793625,-0.184918746352196,-0.49872288107872,-0.268720299005508,0.131537929177284,-0.306662976741791,-0.090041920542717,-0.61594545841217,-0.360641419887543,-0.0311315823346376,-0.615922808647156,-0.152290761470795,-0.350413650274277,-0.271439403295517,-0.180231139063835,-0.293334066867828,-0.408011704683304,-0.331221342086792,-0.273916959762573,-0.28214156627655,-0.331393450498581,-0.481585681438446,-0.216609105467796,-0.841308176517487,-0.284003138542175,-0.111970454454422,-0.472806453704834,0.119048275053501,-0.0316814593970776,-0.519267380237579,-0.261973589658737,-0.169015422463417,0.14777560532093,-0.151128202676773,0.249881640076637,0.233461081981659,0.464344531297684,-0.162858009338379,-0.100753054022789,0.657805204391479,0.417912542819977,0.81748753786087,0.618806004524231,0.209744706749916,1,0.920335292816162,0.364908635616302,0.563863039016724,0.290772378444672,0.557995080947876,-0.121560886502266,-0.0877867415547371,-0.213078930974007,0.020023999735713,-0.0927061960101128,-0.177070170640945,0.708200097084045,-0.0617709532380104,0.367258220911026,0.163268819451332,0.267760157585144,-0.0938713774085045,-0.637377858161926,0.326993137598038,0.721819818019867,0.504561901092529,-0.205490678548813,-0.0384930931031704,0.402528434991837,0.331868976354599,0.506798028945923,0.302608907222748,-0.155295506119728,0.512133657932281,0.440288126468658,-0.246530339121819,0.291738331317902,0.414174169301987,-0.0882227942347527,0.244331359863281,0.0949952676892281,0.194906890392303,-0.41095182299614,-0.170893162488937,-0.54146009683609,0.251100271940231,-0.540803730487823,0.545941293239594,-0.426002472639084,0.378342986106873,0.200349897146225,-0.13483065366745,-0.163808211684227,0.371908575296402,0.409462124109268,-0.0293781962245703,-0.0120105221867561,0.160167843103409,0.00100522057618946,0.191888883709908,0.379391700029373,-0.0221071876585484,-0.171014815568924,0.0920143574476242,-0.33728364109993,-0.447818696498871,0.104501016438007,0.494421988725662,0.621955633163452,-0.138267815113068,-0.130846843123436,-0.215188801288605,-0.0165301449596882,-0.0666162967681885,-0.164217665791512,-0.13629262149334,-0.110952079296112,-0.236562788486481,-0.143066450953484,-0.106123179197311,-0.0208486448973417,-0.392904698848724,-0.146326199173927,-0.0832816138863564,0.499925523996353,-0.454997777938843,-0.0407640486955643,0.0613878220319748,0.135180905461311,0.314763754606247,-0.126984789967537,-0.0393278561532497,-0.252845406532288,-0.238012671470642
0.0444851890206337,-0.0358765237033367,-0.16183078289032,-0.212022006511688,0.206643760204315,-0.418398797512054,-0.275049388408661,-0.149557247757912,-0.220182955265045,-0.33304288983345,-0.347882807254791,-0.335265070199966,-0.391838788986206,0.0142471753060818,-0.213961720466614,-0.392636001110077,-0.539493322372437,-0.43374028801918,-0.362467050552368,-0.276871711015701,-0.353997826576233,-0.140076324343681,0.0344530716538429,-0.0397108271718025,-0.0520370565354824,-0.185052573680878,-0.627521574497223,-0.23961640894413,-0.813808500766754,-0.623156607151031,0.154242888092995,0.375340104103088,-0.382860124111176,0.274599254131317,0.260462552309036,0.345808565616608,0.152098566293716,0.128270417451859,0.323043286800385,0.459670007228851,-0.207345515489578,-0.124167792499065,-0.140779301524162,0.116583377122879,-0.502244889736176,0.173546060919762,0.212118566036224,0.189637511968613,0.109406009316444,0.319182395935059,0.131629332900047,-0.0381570123136044,0.0976903438568115,-0.0234881192445755,0.344486832618713,-0.351359099149704,-0.367459386587143,-0.347516715526581,-0.632373452186584,-0.0666929334402084,0.0642134919762611,-0.0194074828177691,-0.0837841704487801,-0.155779868364334,-0.275741130113602,-0.404157370328903,-0.322089999914169,-0.21109676361084,-0.00384945794939995,-0.340153485536575,-0.0858142673969269,-0.430108398199081,-0.390979140996933,-0.433078825473785,-0.236292496323586,0.129349544644356,-0.405727207660675,-0.29255199432373,0.453621357679367,-0.110586173832417,-0.69946300983429,-0.211965039372444,-0.33711439371109,-0.597195506095886,-0.886866331100464,-0.669642806053162,0.337633073329926,0.0484581664204597,-0.326207965612411,-0.521975040435791,-0.526349782943726,-0.435857832431793,-0.278513371944427,0.176850110292435,0.170225337147713,-0.640174388885498,-0.47670641541481,-0.331991761922836,-0.189749822020531,-0.116416864097118,-0.891752123832703,-0.305898785591125,-0.279205471277237,0.18126317858696,-0.62784081697464,0.183941513299942,0.362397223711014,0.087566040456295,0.434867233037949,-0.34700345993042,-0.501622438430786,-0.599896788597107,-0.14892366528511,0.245453536510468,-0.427539676427841,-0.148812621831894,-0.157306522130966,-0.170562908053398,-0.357576668262482,-0.455734878778458,-0.527991533279419,-0.121998243033886,-0.435763746500015,-0.4290571808815,-0.536826848983765,-0.408798336982727,0.241002142429352,-0.771533370018005,0.0533827245235443,-0.302402913570404,-0.0883394405245781,-0.294779151678085,-0.052592609077692,-0.43799015879631,-0.216135710477829,-0.21851535141468,-0.0504903309047222,-0.494958996772766,-0.397016257047653,-0.456078141927719,-0.776930212974548,-0.386987060308456,-0.00557268736883998,-0.279106318950653,0.0387358292937279,0.244032889604568,-0.420268267393112,-0.566475093364716,-0.19511491060257,0.475611627101898,-0.195302098989487,0.338319361209869,0.213101699948311,0.355344086885452,-0.153608426451683,-0.220061138272285,0.488813072443008,0.402131527662277,0.691147208213806,0.608157217502594,0.163695350289345,0.920335292816162,1,0.329953968524933,0.414238661527634,0.0934492275118828,0.322607189416885,-0.0902517959475517,-0.230691954493523,-0.217445015907288,-0.150351330637932,-0.159676641225815,-0.288050502538681,0.631477653980255,0.126400604844093,-0.0068123135715723,0.0905647426843643,-0.0868103355169296,-0.128768160939217,-0.774885773658752,0.429128766059875,0.523440182209015,0.621106386184692,-0.343472272157669,-0.205197349190712,0.161765322089195,0.139216423034668,0.231976851820946,0.25980868935585,-0.27297368645668,0.534388542175293,0.446591913700104,-0.473065078258514,0.327050089836121,0.209781363606453,-0.102396629750729,0.129378348588943,-0.070694126188755,0.0329411290585995,-0.279206246137619,-0.297469675540924,-0.536145150661469,0.0260627921670675,-0.518795728683472,0.315993458032608,-0.43392938375473,0.102877371013165,-0.059075441211462,-0.000520918401889503,-0.402391523122787,0.30626180768013,0.162879824638367,0.12098503112793,-0.348126292228699,-0.0477786064147949,-0.149596393108368,0.0515775978565216,0.235251933336258,0.170553341507912,-0.0426056608557701,-0.202452287077904,-0.109918378293514,-0.161774888634682,-0.0298865120857954,0.665279567241669,0.477251142263412,0.17264249920845,0.202739015221596,-0.0649672150611877,0.277577549219131,-0.0321567617356777,0.023970652371645,0.000176208268385381,0.219672128558159,0.0351448059082031,0.100464314222336,0.131658017635345,0.242446675896645,-0.0711470097303391,-0.0893473997712135,0.218476250767708,0.566626667976379,-0.235921308398247,-0.195653587579727,0.0421229489147663,0.276076465845108,0.0538194291293621,0.245081797242165,0.185786321759224,0.0585246905684471,-0.230833411216736
0.846163630485535,-0.842727541923523,0.813787877559662,-0.633768439292908,0.456180065870285,0.179474845528603,0.449339777231216,0.110949374735355,0.458894371986389,-0.86850780248642,0.309198826551437,0.0749277472496033,-0.823018074035645,-0.195712089538574,-0.290722697973251,0.238365530967712,-0.284280210733414,-0.320987939834595,-0.884431838989258,0.427021622657776,0.388373821973801,-0.428729772567749,-0.710850775241852,0.607439279556274,0.250114947557449,0.791423559188843,-0.141975715756416,0.681354105472565,-0.485450178384781,0.234417915344238,-0.489611685276031,-0.34750634431839,-0.272275626659393,0.0267405547201633,0.00481112115085125,-0.444974035024643,-0.666568398475647,-0.657705247402191,-0.408459097146988,-0.530616700649261,-0.833703517913818,-0.783433854579926,0.542826473712921,-0.353226542472839,-0.806937694549561,-0.664865255355835,-0.406433641910553,-0.487678855657578,-0.665183007717133,-0.568233728408813,-0.615437686443329,-0.1745735257864,-0.694323539733887,-0.559863388538361,-0.425376385450363,-0.110438585281372,-0.337839990854263,0.176418229937553,-0.0829532444477081,-0.486116737127304,-0.709426760673523,-0.407645672559738,0.329891800880432,-0.234390556812286,-0.278504401445389,-0.809852242469788,-0.682813048362732,-0.863892018795013,-0.652527332305908,-0.837953627109528,-0.781982243061066,-0.236477434635162,-0.829298436641693,-0.788395285606384,-0.873514235019684,-0.571626424789429,-0.286069929599762,0.659400463104248,-0.531868636608124,-0.867769598960876,-0.765996992588043,0.111378520727158,-0.891298353672028,-0.58132141828537,-0.217601984739304,-0.471178352832794,0.660812675952911,0.278160780668259,0.252339839935303,-0.566075444221497,-0.580617964267731,-0.737049102783203,-0.393462270498276,-0.433759391307831,-0.670592367649078,-0.473842054605484,-0.194051116704941,0.293759971857071,0.0343828648328781,0.288073420524597,-0.467652529478073,-0.677557706832886,0.28371450304985,-0.449581503868103,-0.0933588668704033,-0.540748655796051,-0.506024301052094,-0.506007075309753,-0.183160185813904,-0.797053575515747,-0.750973701477051,0.0137875284999609,-0.737960159778595,-0.671275436878204,-0.912266850471497,-0.578096151351929,-0.255574494600296,-0.69068443775177,-0.490882605314255,-0.547014892101288,-0.309276968240738,-0.253081768751144,-0.580317914485931,0.0195522587746382,-0.690784990787506,-0.729983508586884,-0.429706633090973,-0.538304090499878,-0.735788524150848,-0.801891922950745,-0.36149662733078,-0.752789556980133,-0.701861441135406,-0.805748462677002,-0.856439054012299,-0.863483190536499,-0.702630341053009,-0.565223574638367,-0.884631991386414,-0.333659768104553,-0.645468354225159,-0.702525019645691,-0.832388281822205,-0.797053515911102,-0.374767154455185,-0.497836172580719,-0.924968242645264,-0.160233184695244,-0.864838242530823,-0.350978344678879,-0.486542969942093,-0.514893531799316,0.496614038944244,0.667583405971527,0.785399496555328,0.251584738492966,0.404972523450851,0.961018919944763,0.393512815237045,0.894098520278931,0.766669511795044,0.364908635616302,0.329953968524933,1,0.740853011608124,0.718142509460449,0.212258383631706,0.828495562076569,0.648906469345093,0.578062951564789,0.336406737565994,0.852781653404236,0.243086621165276,0.859940469264984,0.541503727436066,-0.00206593773327768,0.839742124080658,0.512259006500244,0.857864618301392,-0.412092179059982,0.919295310974121,0.38782125711441,0.769001185894012,0.264669924974442,0.336963176727295,0.380925208330154,0.497464597225189,-0.0475095957517624,0.959541916847229,0.599202692508698,0.913417339324951,0.945963203907013,0.158937498927116,0.166535720229149,0.571879923343658,0.809699237346649,-0.540809214115143,-0.34361132979393,0.437233448028564,-0.544623792171478,-0.344330549240112,0.0862289145588875,0.550805985927582,-0.659937798976898,0.135188415646553,-0.332106322050095,0.0124291572719812,0.223018229007721,0.359586238861084,-0.0150152491405606,0.410887509584427,0.466927289962769,-0.221964880824089,0.0344223789870739,0.554733693599701,0.163658782839775,0.236833691596985,0.729377150535583,-0.0971826612949371,-0.0456372275948524,-0.305448621511459,0.292579233646393,-0.472907572984695,-0.465453803539276,-0.202416628599167,0.630667865276337,0.329127430915833,0.205703631043434,0.356371939182281,0.23634098470211,0.675386190414429,0.418235599994659,0.636821746826172,0.236506313085556,0.301217436790466,-0.135546505451202,0.477785915136337,0.321788430213928,0.211977809667587,0.766063332557678,0.31847083568573,7.31054533389397e-05,-0.620021402835846,0.0442669354379177,0.67937695980072,0.584818422794342,0.47784349322319,0.00402383180335164,-0.188025891780853,-0.510080873966217,0.493709564208984
0.506794989109039,-0.79062020778656,0.388584971427917,-0.728592038154602,0.324060618877411,-0.173516198992729,0.479996383190155,-0.544855952262878,0.568274915218353,-0.93508917093277,0.303230881690979,-0.0530220083892345,-0.888641178607941,-0.553837954998016,-0.591353356838226,0.200110524892807,-0.208753064274788,-0.737968444824219,-0.886578381061554,0.543486297130585,0.292336821556091,-0.816367387771606,-0.632434844970703,0.736858785152435,0.448051154613495,0.308037668466568,0.0993016436696053,0.263757288455963,-0.309432595968246,0.198798388242722,-0.629441261291504,-0.621769666671753,-0.360862910747528,-0.439513742923737,-0.5185866355896,-0.672648966312408,-0.798896193504333,-0.799867451190948,-0.501988410949707,-0.519201397895813,-0.912530064582825,-0.900722205638885,-0.0797956436872482,-0.503204226493835,-0.584741830825806,-0.768907487392426,-0.673186957836151,-0.732642114162445,-0.791329801082611,-0.698746919631958,-0.695321679115295,-0.30398964881897,-0.76493114233017,-0.792400717735291,-0.493972063064575,-0.0746838003396988,-0.280314713716507,0.0284050144255161,-0.0616123788058758,-0.673347473144531,-0.733563005924225,-0.306596040725708,0.50253301858902,-0.137439027428627,-0.12742418050766,-0.820936799049377,-0.685397982597351,-0.929329454898834,-0.713846504688263,-0.768262088298798,-0.921744287014008,-0.300121784210205,-0.851016223430634,-0.815248608589172,-0.818653523921967,-0.688120663166046,-0.0674266666173935,0.518994212150574,-0.580978155136108,-0.599880695343018,-0.594808578491211,0.503521203994751,-0.873012483119965,-0.596672475337982,-0.166418090462685,-0.433087021112442,0.741837680339813,0.755527257919312,0.0563907139003277,-0.339809864759445,-0.603946030139923,-0.671610772609711,-0.496035307645798,-0.419660627841949,-0.359793275594711,-0.198549345135689,-0.691751301288605,0.575760185718536,0.37703400850296,0.706036448478699,-0.434997856616974,-0.599269807338715,0.594066917896271,-0.485964685678482,-0.0929758623242378,-0.587594568729401,-0.629204332828522,-0.256604641675949,-0.354310065507889,-0.861898720264435,-0.816697597503662,0.120214216411114,-0.73988801240921,-0.645228803157806,-0.69522088766098,-0.774413168430328,-0.193206980824471,-0.818308591842651,-0.151133418083191,-0.596554636955261,-0.16789498925209,-0.0799921825528145,-0.556205868721008,0.1501844227314,-0.738764405250549,-0.744340002536774,-0.665014982223511,-0.610618889331818,-0.810254752635956,-0.751781105995178,-0.820346176624298,-0.565485537052155,-0.792143762111664,-0.537065148353577,-0.925299286842346,-0.84602016210556,-0.710526287555695,-0.410998284816742,-0.928430199623108,-0.375353664159775,-0.728365242481232,-0.65270870923996,-0.794551491737366,-0.829760670661926,-0.303826630115509,-0.734689772129059,-0.889368832111359,0.144753351807594,-0.797145068645477,-0.414577841758728,-0.676381707191467,-0.439695954322815,0.69470751285553,0.913216054439545,0.499428629875183,0.59118640422821,0.83257120847702,0.842901408672333,0.772431194782257,0.879905760288239,0.81634384393692,0.563863039016724,0.414238661527634,0.740853011608124,1,0.935101449489594,0.672854363918304,0.484155058860779,0.460357904434204,0.546964883804321,0.706201732158661,0.53828376531601,0.530049026012421,0.910084307193756,0.38624706864357,0.369792968034744,0.796629309654236,0.668038845062256,0.455057233572006,-0.0805723369121552,0.561683177947998,0.870272517204285,0.401298433542252,0.485911875963211,0.630195438861847,0.792966783046722,0.731958985328674,0.378042608499527,0.765758574008942,0.602375209331512,0.641923069953918,0.634098172187805,0.458580791950226,0.629531383514404,0.926393330097198,0.301205456256866,-0.431731283664703,-0.0717292949557304,0.806174218654633,-0.60857218503952,-0.346812039613724,-0.140250861644745,0.758301019668579,-0.740702509880066,0.418107151985168,-0.694118976593018,0.590163290500641,0.738368093967438,0.359858393669128,0.413446992635727,-0.0563187450170517,0.72921359539032,-0.220922276377678,0.203850090503693,0.280854225158691,0.576149046421051,0.147825017571449,0.351637631654739,0.150362461805344,0.168797865509987,-0.0396921671926975,0.0559691898524761,-0.605968654155731,-0.527553617954254,-0.334388792514801,0.858608484268188,0.0236264802515507,-0.0505002476274967,0.0717343166470528,-0.00207494106143713,0.410753339529037,0.210265338420868,0.248588547110558,-0.0872992426156998,-0.074593260884285,-0.304293930530548,0.0870369300246239,-0.0275554619729519,-0.0896124020218849,0.402725517749786,-0.0426833890378475,0.187461137771606,-0.531604111194611,0.0276313927024603,0.68682450056076,0.491304069757462,0.756801009178162,-0.266139686107635,-0.448552548885345,-0.557497978210449,0.302194714546204
0.597612380981445,-0.857698261737823,0.523403823375702,-0.77856832742691,0.313615292310715,-0.00320379459299147,0.6313716173172,-0.47708997130394,0.723307967185974,-0.889250457286835,0.473871320486069,0.102146312594414,-0.841823518276215,-0.619385540485382,-0.477458983659744,0.386669218540192,-0.0164151769131422,-0.556652188301086,-0.870451152324677,0.684213161468506,0.515184104442596,-0.813867688179016,-0.667297959327698,0.827708065509796,0.568727374076843,0.443997591733932,0.353658407926559,0.43246328830719,-0.0371837392449379,0.494525820016861,-0.768527626991272,-0.817901909351349,-0.23755256831646,-0.581522226333618,-0.665203332901001,-0.856374204158783,-0.936010956764221,-0.943910121917725,-0.695101022720337,-0.763943314552307,-0.908980429172516,-0.964489281177521,0.0113641219213605,-0.659784317016602,-0.449094533920288,-0.912997007369995,-0.841858923435211,-0.880976140499115,-0.931592524051666,-0.887902855873108,-0.841370761394501,-0.362557381391525,-0.916406750679016,-0.886405110359192,-0.709440529346466,-0.00151784217450768,-0.187987476587296,0.160258963704109,0.200402811169624,-0.770107209682465,-0.88082492351532,-0.28026282787323,0.566132605075836,-0.13604973256588,-0.0420893207192421,-0.745457887649536,-0.587056696414948,-0.966663718223572,-0.811762809753418,-0.700750410556793,-0.983633458614349,-0.145393818616867,-0.773617446422577,-0.73182612657547,-0.843328952789307,-0.844144999980927,0.111149713397026,0.684441447257996,-0.804621279239655,-0.595389544963837,-0.405724853277206,0.622470438480377,-0.858833730220795,-0.39982008934021,0.142848700284958,-0.217742681503296,0.698761880397797,0.750327348709106,0.165495753288269,-0.180737376213074,-0.41074126958847,-0.585518956184387,-0.43780717253685,-0.507142901420593,-0.456916630268097,-0.0327723920345306,-0.569281280040741,0.750123977661133,0.545946598052979,0.799161732196808,-0.191436931490898,-0.503596842288971,0.797024309635162,-0.516517281532288,0.0506548695266247,-0.735686182975769,-0.838683485984802,-0.305955410003662,-0.566714942455292,-0.805864036083221,-0.692941725254059,0.340045213699341,-0.746957063674927,-0.840123236179352,-0.590459823608398,-0.86064749956131,-0.109736084938049,-0.840852320194244,-0.0529798865318298,-0.47370845079422,0.01398497633636,-0.0486653186380863,-0.418913692235947,0.344544470310211,-0.691019892692566,-0.641007006168365,-0.843652784824371,-0.39915743470192,-0.942782461643219,-0.748094975948334,-0.858225643634796,-0.521770238876343,-0.90218323469162,-0.432503670454025,-0.926870286464691,-0.86605840921402,-0.811035633087158,-0.293956309556961,-0.896742165088654,-0.248194888234138,-0.566518902778625,-0.584083735942841,-0.856114506721497,-0.80745804309845,-0.279999971389771,-0.910541653633118,-0.832030296325684,0.375572592020035,-0.794517993927002,-0.657946527004242,-0.65347695350647,-0.682215452194214,0.633330821990967,0.884069442749023,0.651401519775391,0.678624033927917,0.694135010242462,0.80336058139801,0.544295787811279,0.756718873977661,0.862093508243561,0.290772378444672,0.0934492275118828,0.718142509460449,0.935101449489594,1,0.595190346240997,0.614912569522858,0.679663300514221,0.674119472503662,0.827871859073639,0.69953989982605,0.686768054962158,0.783195853233337,0.359955251216888,0.401488423347473,0.86166387796402,0.787046670913696,0.603525996208191,0.174460455775261,0.499732285737991,0.733572542667389,0.269298672676086,0.693697512149811,0.783008694648743,0.79281747341156,0.827471137046814,0.32630130648613,0.791881918907166,0.800953686237335,0.556081473827362,0.575952410697937,0.702729821205139,0.493856549263,0.952307522296906,0.436895102262497,-0.556148111820221,-0.150657922029495,0.808197200298309,-0.658264636993408,-0.342344582080841,-0.0461289398372173,0.762902915477753,-0.68652880191803,0.347570419311523,-0.635264277458191,0.557307243347168,0.802480459213257,0.397289305925369,0.609570980072021,-0.123963832855225,0.690064549446106,-0.357047736644745,0.344156235456467,0.326949000358582,0.710659265518188,0.140708953142166,0.331638813018799,0.101633869111538,0.223039910197258,-0.0337991416454315,0.148447349667549,-0.659318923950195,-0.513893723487854,-0.607423722743988,0.810072124004364,0.0157467965036631,-0.0859371200203896,0.176523894071579,-0.0553397946059704,0.548370599746704,0.292058765888214,0.352600634098053,-0.128078565001488,-0.0244798138737679,-0.288335025310516,0.08665382117033,-0.0487374179065228,-0.0538593456149101,0.541683197021484,-0.0673890933394432,0.0112179992720485,-0.464564681053162,0.177540868520737,0.751101613044739,0.40477442741394,0.789275527000427,-0.390844523906708,-0.496569275856018,-0.606939196586609,0.508659899234772
-0.207472234964371,-0.416623562574387,-0.270694643259048,-0.640590727329254,0.566386461257935,0.0837124884128571,0.612235963344574,-0.736584424972534,0.688675165176392,-0.485029458999634,0.567276954650879,0.232305333018303,-0.353956788778305,-0.335976004600525,-0.469651818275452,0.482392817735672,0.361544549465179,-0.6923708319664,-0.454672336578369,0.68184107542038,0.387078434228897,-0.402943432331085,-0.011585489846766,0.747511923313141,0.420642763376236,-0.186797231435776,0.469035297632217,0.0157504677772522,0.150179803371429,0.280451238155365,-0.624113261699677,-0.534044623374939,0.241215109825134,-0.669131994247437,-0.631656587123871,-0.540301442146301,-0.562956750392914,-0.521207392215729,-0.583697080612183,-0.351056426763535,-0.402298927307129,-0.469613939523697,-0.252706080675125,-0.384476333856583,0.000340619619237259,-0.525035262107849,-0.699773490428925,-0.703879356384277,-0.619179010391235,-0.5121790766716,-0.63144326210022,-0.574702024459839,-0.546307384967804,-0.776098847389221,-0.491441398859024,0.422745436429977,0.371741414070129,0.315719127655029,0.318112105131149,-0.396606892347336,-0.365358769893646,0.364298850297928,0.651867926120758,0.483487904071808,0.437041133642197,-0.159467622637749,-0.0557008497416973,-0.500625193119049,-0.607902348041534,-0.0984989702701569,-0.522607982158661,0.21828804910183,-0.244186013936996,-0.179912999272346,-0.347897857427597,-0.611511945724487,0.472861647605896,0.375660926103592,-0.238720342516899,0.0584518052637577,-0.073481947183609,0.836351633071899,-0.304835915565491,0.00630874652415514,0.0951972007751465,0.0367464646697044,0.702698528766632,0.477940261363983,0.321122705936432,0.33006888628006,-0.0771763175725937,0.0513321347534657,0.147680312395096,-0.644625961780548,-0.290898591279984,0.356883317232132,-0.69108110666275,0.63748687505722,0.212964564561844,0.84650981426239,-0.0678269863128662,0.0976777225732803,0.561005771160126,-0.154633343219757,-0.298200100660324,-0.549717783927917,-0.536561548709869,-0.417135149240494,-0.495170801877975,-0.241387411952019,-0.195049449801445,0.455568790435791,-0.0274832583963871,-0.446710169315338,-0.0668889656662941,-0.582284271717072,0.368293792009354,-0.294248163700104,0.558655083179474,-0.289780020713806,0.366168975830078,0.606293678283691,0.138439357280731,0.548133969306946,-0.549649655818939,-0.0894932821393013,-0.677976310253143,-0.137480944395065,-0.55686616897583,-0.0508432351052761,-0.568021535873413,0.213803723454475,-0.503304898738861,0.0295634269714355,-0.411148607730865,-0.194895163178444,-0.641445815563202,0.25464603304863,-0.497698247432709,0.194926008582115,-0.554912388324738,-0.0330085009336472,-0.207138881087303,-0.417203307151794,0.343869984149933,-0.607468664646149,-0.451676100492477,0.185367062687874,-0.175737991929054,-0.436958849430084,-0.215048477053642,-0.126776590943336,0.154624670743942,0.421296864748001,-0.168649837374687,0.192471086978912,0.941890895366669,0.309936255216599,0.837369561195374,0.370765209197998,0.178734019398689,0.557995080947876,0.322607189416885,0.212258383631706,0.672854363918304,0.595190346240997,1,-0.181172579526901,0.0362508930265903,-0.101464919745922,0.380218267440796,-0.0105997622013092,0.134797915816307,0.546379208564758,-0.363774508237839,0.693269014358521,0.158091261982918,0.627883195877075,-0.103612393140793,0.0330337472259998,0.0616736970841885,0.870417952537537,0.0170523319393396,0.135625004768372,0.290742814540863,0.938088357448578,0.517389535903931,0.869844615459442,0.273212999105453,0.0679323002696037,0.288146555423737,0.23863884806633,0.361083596944809,0.613477528095245,0.608935117721558,-0.157722160220146,0.040946289896965,0.201352655887604,0.634111940860748,-0.570334374904633,-0.030957555398345,-0.230444326996803,0.752719104290009,-0.544448912143707,0.269431680440903,-0.472258001565933,0.835625469684601,0.792663216590881,0.260024785995483,0.278519362211227,-0.0480748228728771,0.834794700145721,-0.547461271286011,0.564708948135376,-0.000120141681691166,0.376364856958389,-0.244674906134605,0.214487135410309,-0.00273903622291982,-0.273088395595551,0.424661189317703,-0.448829889297485,-0.774925172328949,-0.0625407993793488,-0.29964280128479,0.455260246992111,-0.391389697790146,-0.357434302568436,-0.00990678556263447,-0.152249395847321,0.0735711380839348,-0.0880234017968178,-0.130637437105179,-0.346496254205704,-0.347602635622025,-0.222006976604462,-0.104915805160999,-0.182110264897346,-0.442935407161713,-0.0441604293882847,-0.301213353872299,0.546308636665344,-0.396194130182266,0.465073227882385,0.158515051007271,0.320949852466583,0.447466820478439,-0.401325047016144,-0.183501318097115,-0.600220620632172,-0.0787629261612892
0.970769882202148,-0.748521208763123,0.968984842300415,-0.511184394359589,0.072118803858757,0.13707534968853,0.290618747472763,0.274774879217148,0.330333262681961,-0.66361927986145,0.178013473749161,0.0204568821936846,-0.685364603996277,-0.195041432976723,-0.130013018846512,0.137392103672028,-0.307340294122696,0.0195815619081259,-0.743451476097107,0.256268173456192,0.364025115966797,-0.435258775949478,-0.697531819343567,0.389914125204086,0.325752079486847,0.849312603473663,-0.0666118338704109,0.660678088665009,-0.233621716499329,0.366481274366379,-0.346018642187119,-0.443343997001648,-0.3264519572258,0.0629288032650948,-0.0447704382240772,-0.445965051651001,-0.586575865745544,-0.606982707977295,-0.33290895819664,-0.65167623758316,-0.716247498989105,-0.700771749019623,0.535121738910675,-0.339626848697662,-0.690851628780365,-0.586484313011169,-0.350687354803085,-0.395822644233704,-0.585626244544983,-0.593886852264404,-0.543446660041809,0.0185818783938885,-0.632343649864197,-0.372833847999573,-0.397601097822189,-0.309360146522522,-0.48177495598793,0.0466988086700439,-0.0144531521946192,-0.542122423648834,-0.702783584594727,-0.581785500049591,0.108509108424187,-0.452859312295914,-0.450310677289963,-0.734320223331451,-0.631317853927612,-0.728797554969788,-0.571521103382111,-0.743000984191895,-0.685870289802551,-0.303585529327393,-0.7168790102005,-0.639484643936157,-0.714214324951172,-0.465639680624008,-0.312184453010559,0.562590181827545,-0.7142214179039,-0.845646440982819,-0.577742218971252,-0.0536960922181606,-0.806416749954224,-0.456360846757889,0.0195832960307598,-0.368408411741257,0.278677374124527,0.259881377220154,0.0743814259767532,-0.560226082801819,-0.339717745780945,-0.726616144180298,-0.52478164434433,-0.182665184140205,-0.5484499335289,-0.465630799531937,3.46964179698261e-06,0.296111285686493,0.21745565533638,0.113404057919979,-0.252567946910858,-0.612980544567108,0.334594666957855,-0.486799299716949,0.107268989086151,-0.518585026264191,-0.509057581424713,-0.271498501300812,-0.172362953424454,-0.718296408653259,-0.617296397686005,-0.0139614399522543,-0.797204554080963,-0.682976126670837,-0.733267903327942,-0.534363567829132,-0.412944406270981,-0.697347581386566,-0.556674659252167,-0.308973252773285,-0.32169583439827,-0.530454218387604,-0.54751181602478,-0.0684058964252472,-0.480548650026321,-0.638052999973297,-0.393837630748749,-0.386230170726776,-0.674811005592346,-0.792906224727631,-0.323413044214249,-0.812505483627319,-0.621700346469879,-0.629546105861664,-0.722301006317139,-0.840972006320953,-0.526399672031403,-0.584527313709259,-0.699086129665375,-0.433033585548401,-0.296962201595306,-0.693968057632446,-0.802458345890045,-0.562918305397034,-0.482548981904984,-0.482424288988113,-0.673757433891296,0.0160672813653946,-0.836684703826904,-0.367582589387894,-0.52034592628479,-0.759703636169434,0.452005058526993,0.572479605674744,0.988904058933258,0.37401619553566,-0.0135651715099812,0.807293474674225,-0.104402929544449,0.651835918426514,0.817738950252533,-0.121560886502266,-0.0902517959475517,0.828495562076569,0.484155058860779,0.614912569522858,-0.181172579526901,1,0.824154078960419,0.799067199230194,0.443293899297714,0.955629169940948,0.477818191051483,0.53608363866806,0.714140653610229,-0.27752497792244,0.865858376026154,0.332117706537247,0.959992408752441,-0.0610584691166878,0.792577862739563,0.00788731873035431,0.568447828292847,0.534044802188873,0.49120706319809,0.0988495200872421,0.486889183521271,-0.409572780132294,0.860955834388733,0.816873788833618,0.665854036808014,0.72409462928772,0.363962024450302,-0.015553236939013,0.464766532182693,0.880412697792053,-0.789805591106415,-0.561022937297821,0.281975120306015,-0.424690157175064,-0.46096482872963,0.158348977565765,0.250514388084412,-0.486857026815414,-0.0562483035027981,-0.293988436460495,-0.258822083473206,0.0982512384653091,0.423644304275513,0.190877735614777,0.12981753051281,0.0902438312768936,-0.149652108550072,-0.12138769030571,0.393639922142029,0.320285588502884,0.201140850782394,0.42095747590065,0.0703240185976028,0.310985743999481,-0.560900092124939,0.647688031196594,-0.19731280207634,-0.54694926738739,-0.414700984954834,0.477717399597168,0.558577656745911,0.412116438150406,0.513109564781189,0.33272448182106,0.807228147983551,0.635539829730988,0.800572395324707,0.402567327022552,0.538078010082245,0.0660825446248055,0.531494498252869,0.414428472518921,0.50307023525238,0.908636450767517,0.463652044534683,-0.292175948619843,-0.23782317340374,-3.65099258488044e-05,0.747590780258179,0.426234871149063,0.346321821212769,0.0923756957054138,-0.149242296814919,-0.205715924501419,0.777817368507385
0.819108843803406,-0.704479217529297,0.780772686004639,-0.624401390552521,0.294112682342529,0.274142116308212,0.481455862522125,0.146300971508026,0.551416516304016,-0.539190471172333,0.417053639888763,0.210600391030312,-0.611501812934875,-0.490650504827499,0.108411617577076,0.402941435575485,0.0736214220523834,0.214306086301804,-0.635592997074127,0.460402578115463,0.691677749156952,-0.332310080528259,-0.506676137447357,0.540950834751129,0.432742595672607,0.759910464286804,0.356782644987106,0.738643169403076,0.0921223759651184,0.681870460510254,-0.676814258098602,-0.594217300415039,-0.114899843931198,-0.370355725288391,-0.395616561174393,-0.656499683856964,-0.727275788784027,-0.787919044494629,-0.673087239265442,-0.773134291172028,-0.590812265872955,-0.772008657455444,0.389235377311707,-0.767333745956421,-0.265312701463699,-0.74169534444809,-0.663857579231262,-0.644509494304657,-0.753699004650116,-0.705095648765564,-0.704587399959564,-0.209275245666504,-0.810210704803467,-0.642884433269501,-0.755765616893768,-0.188793808221817,-0.226019144058228,0.156995415687561,0.375808358192444,-0.746847987174988,-0.906470000743866,-0.177074119448662,0.204440951347351,-0.393763840198517,-0.133000254631042,-0.454950928688049,-0.252595335245132,-0.739676475524902,-0.610664665699005,-0.482611805200577,-0.667932868003845,0.0348699130117893,-0.454362690448761,-0.45290145277977,-0.766942501068115,-0.763929009437561,0.142961114645004,0.66376656293869,-0.715813517570496,-0.48266065120697,-0.21730038523674,0.289731472730637,-0.639376223087311,-0.0727847442030907,0.337839722633362,0.00218981876969337,0.359168648719788,0.189166188240051,0.142641454935074,-0.15000906586647,-0.0546604059636593,-0.450029462575912,-0.306134700775146,-0.308422237634659,-0.452566504478455,-0.146969988942146,0.0285889599472284,0.549806118011475,0.600629568099976,0.37772411108017,-0.068124882876873,-0.280964702367783,0.699433267116547,-0.158389493823051,-0.0131807466968894,-0.654713213443756,-0.729512453079224,-0.233534216880798,-0.59257173538208,-0.499091953039169,-0.357500821352005,0.292517185211182,-0.544212818145752,-0.817533314228058,-0.38482403755188,-0.704818367958069,-0.0120442379266024,-0.637988805770874,-0.235100939869881,-0.304411917924881,0.00861492473632097,-0.177782267332077,-0.188454821705818,0.345220237970352,-0.570796310901642,-0.369745075702667,-0.669535875320435,-0.107728615403175,-0.792441308498383,-0.6792311668396,-0.475298225879669,-0.490737438201904,-0.777317941188812,-0.294025659561157,-0.627025306224823,-0.704305171966553,-0.709518134593964,-0.224394306540489,-0.649641752243042,-0.0978365242481232,-0.302270889282227,-0.3496955037117,-0.640579283237457,-0.504012048244476,-0.101764723658562,-0.712045907974243,-0.602385342121124,0.352664828300476,-0.575715661048889,-0.705091655254364,-0.248104512691498,-0.912615716457367,0.294965595006943,0.577768981456757,0.854974806308746,0.369013726711273,0.0408960245549679,0.637913167476654,-0.134806096553802,0.457340359687805,0.729579389095306,-0.0877867415547371,-0.230691954493523,0.648906469345093,0.460357904434204,0.679663300514221,0.0362508930265903,0.824154078960419,1,0.662634491920471,0.59338515996933,0.899197995662689,0.588898479938507,0.427111685276031,0.290055394172668,0.16951484978199,0.781194806098938,0.644963383674622,0.868709146976471,0.19906248152256,0.530116498470306,0.128802701830864,0.394367843866348,0.738794028759003,0.684811890125275,0.306049257516861,0.766145408153534,-0.0997206047177315,0.769143342971802,0.887249410152435,0.500075459480286,0.541814684867859,0.599450051784515,-0.178710460662842,0.585961401462555,0.813412964344025,-0.644082009792328,-0.558136701583862,0.194138467311859,-0.647477090358734,-0.319477021694183,-0.0350629985332489,0.263045489788055,-0.507717847824097,0.0839090719819069,-0.287930130958557,-0.0711759850382805,0.277340650558472,0.192871332168579,0.454141944646835,0.178189560770988,0.131019204854965,-0.427247792482376,0.180459886789322,0.452987909317017,0.461156934499741,0.268919736146927,0.437414765357971,-0.15838623046875,0.208833709359169,-0.287245273590088,0.470403075218201,-0.51784086227417,-0.234504014253616,-0.533285140991211,0.539213538169861,0.25179535150528,0.0900900140404701,0.436876356601715,0.103873781859875,0.803346276283264,0.502395331859589,0.638539373874664,0.0824344530701637,0.295910626649857,0.0246766395866871,0.243439748883247,0.206780314445496,0.166008517146111,0.786730229854584,0.199264243245125,-0.209656730294228,-0.199660167098045,0.34842437505722,0.69968456029892,0.0565040707588196,0.403417676687241,-0.27590000629425,-0.144351616501808,-0.37959286570549,0.876659274101257
0.773375153541565,-0.730739057064056,0.773139894008636,-0.318557858467102,-0.258512794971466,-0.257623970508575,0.138754174113274,-0.173655062913895,0.193357676267624,-0.699079990386963,-0.0157569907605648,-0.344478875398636,-0.750755131244659,-0.571496307849884,-0.453713953495026,-0.0920434147119522,-0.412707507610321,-0.2137171626091,-0.585947692394257,0.230668142437935,0.102478735148907,-0.695259273052216,-0.849477827548981,0.283427447080612,0.132569089531898,0.612010478973389,0.00949528999626637,0.31105163693428,-0.121491305530071,0.238848134875298,-0.388125061988831,-0.601277410984039,-0.612434506416321,-0.248382553458214,-0.375125169754028,-0.626569449901581,-0.640276968479156,-0.66133451461792,-0.325508087873459,-0.598441779613495,-0.80569589138031,-0.75395929813385,0.0148761067539454,-0.397459298372269,-0.544047296047211,-0.633238434791565,-0.405452787876129,-0.474611639976501,-0.560789406299591,-0.630277693271637,-0.446705162525177,0.328670769929886,-0.525741279125214,-0.358288824558258,-0.363141655921936,-0.410712867975235,-0.618935823440552,-0.261309057474136,-0.136503428220749,-0.652036845684052,-0.682760417461395,-0.808705747127533,-0.0398716554045677,-0.602605938911438,-0.57334041595459,-0.750554382801056,-0.774136602878571,-0.670272946357727,-0.397448986768723,-0.80685156583786,-0.686997413635254,-0.530032157897949,-0.768873333930969,-0.646182775497437,-0.655320286750793,-0.398460775613785,-0.401329755783081,0.412963926792145,-0.785024166107178,-0.770541131496429,-0.398643761873245,0.0314134135842323,-0.687536001205444,-0.567543745040894,0.143058702349663,-0.393853187561035,0.0568603537976742,0.65263032913208,-0.193152487277985,-0.528541803359985,-0.516059756278992,-0.758871674537659,-0.772110998630524,-0.0364030264317989,-0.258678466081619,-0.236671939492226,-0.0947865173220634,0.480786770582199,0.409920811653137,0.262130886316299,-0.0981448441743851,-0.750572621822357,0.420278757810593,-0.695512413978577,0.364823877811432,-0.479865550994873,-0.52904224395752,0.052214901894331,-0.306515336036682,-0.811140179634094,-0.718710899353027,-0.0076166670769453,-0.895315825939178,-0.526106119155884,-0.603862106800079,-0.410148978233337,-0.657287538051605,-0.865935742855072,-0.488043189048767,-0.494414776563644,-0.413102030754089,-0.630049288272858,-0.695994675159454,-0.149884641170502,-0.209745213389397,-0.78259003162384,-0.412292629480362,-0.341984868049622,-0.585573673248291,-0.76158744096756,-0.655721843242645,-0.797996819019318,-0.474349439144135,-0.346677303314209,-0.780661344528198,-0.828695178031921,-0.288380920886993,-0.422345340251923,-0.630819141864777,-0.522233963012695,-0.028081126511097,-0.558277010917664,-0.813870668411255,-0.45614942908287,-0.705253481864929,-0.564723432064056,-0.602253973484039,0.206084683537483,-0.83711975812912,-0.357508808374405,-0.546284556388855,-0.676195919513702,0.812586843967438,0.720630466938019,0.86770224571228,0.827503204345703,0.084544837474823,0.638884782791138,-0.0329010635614395,0.515721499919891,0.86635947227478,-0.213078930974007,-0.217445015907288,0.578062951564789,0.546964883804321,0.674119472503662,-0.101464919745922,0.799067199230194,0.662634491920471,1,0.783994019031525,0.760308623313904,0.852809369564056,0.368681132793427,0.77296656370163,-0.102052494883537,0.892497658729553,0.324017316102982,0.694989800453186,0.360009521245956,0.461435168981552,0.201558962464333,0.234902858734131,0.797337770462036,0.800658881664276,0.224383130669594,0.475583463907242,-0.448264420032501,0.6336709856987,0.905483901500702,0.278146743774414,0.326840698719025,0.475918799638748,0.289929121732712,0.603639662265778,0.5278000831604,-0.781112670898438,-0.344059497117996,0.465300589799881,-0.143183559179306,-0.19837874174118,0.338316768407822,0.340612232685089,-0.262406289577484,-0.00086693256162107,-0.332755297422409,-0.0370955727994442,0.311486154794693,0.266564846038818,0.484875738620758,-0.296934276819229,0.0890181735157967,0.169336810708046,-0.195859715342522,0.305584311485291,0.469728350639343,0.35757440328598,0.0480915270745754,0.109876729547977,0.533469140529633,-0.362311601638794,0.661734998226166,0.0239966902881861,-0.798178791999817,-0.48803898692131,0.442643105983734,0.346762895584106,0.200626313686371,0.164153918623924,0.098638616502285,0.520812153816223,0.415598034858704,0.412314981222153,0.11694910377264,0.188144862651825,-0.218514621257782,0.162762120366096,0.0321029871702194,0.41606417298317,0.601327419281006,0.159800440073013,-0.340123862028122,-0.0971047058701515,-0.303712338209152,0.896341502666473,0.239287078380585,0.469493448734283,0.0256256479769945,-0.42578336596489,-0.200664520263672,0.649206697940826
0.43185093998909,-0.64735472202301,0.348846733570099,-0.498273521661758,-0.120236895978451,-0.335107088088989,0.306178718805313,-0.632752299308777,0.428673416376114,-0.658545017242432,0.166761353611946,-0.230301290750504,-0.714268326759338,-0.852531909942627,-0.483404725790024,0.0873891785740852,-0.109592869877815,-0.397141247987747,-0.557302892208099,0.434954226016998,0.255287885665894,-0.834811747074127,-0.603996574878693,0.491343438625336,0.378894299268723,0.219353750348091,0.382223337888718,0.101430535316467,0.142978474497795,0.380394726991653,-0.636799156665802,-0.81421571969986,-0.453098207712173,-0.72991532087326,-0.842705845832825,-0.826096475124359,-0.769455254077911,-0.811293721199036,-0.558517456054688,-0.63008314371109,-0.746727764606476,-0.827892422676086,-0.396545916795731,-0.67769467830658,-0.184740290045738,-0.748286724090576,-0.736499190330505,-0.750151038169861,-0.726355671882629,-0.745626449584961,-0.603140115737915,0.00456578098237514,-0.671729207038879,-0.670193612575531,-0.582661211490631,-0.251958876848221,-0.360989362001419,-0.21115930378437,0.11082673817873,-0.830015778541565,-0.765212893486023,-0.414807736873627,0.199605420231819,-0.395924001932144,-0.224983975291252,-0.578596413135529,-0.514992475509644,-0.713155388832092,-0.505151391029358,-0.567716956138611,-0.754894912242889,-0.318445384502411,-0.609085261821747,-0.537734925746918,-0.623793065547943,-0.637515008449554,0.0397881083190441,0.380569815635681,-0.754578113555908,-0.36620768904686,-0.129889965057373,0.496158838272095,-0.590017378330231,-0.336052179336548,0.287443310022354,-0.16403341293335,0.239072233438492,0.849509298801422,-0.209277853369713,-0.128096833825111,-0.3284672498703,-0.517347097396851,-0.621463179588318,-0.153328627347946,-0.0566287338733673,0.0911283195018768,-0.451890647411346,0.757821679115295,0.76340925693512,0.677443206310272,-0.0268875546753407,-0.447009444236755,0.787465870380402,-0.479540824890137,0.197658494114876,-0.582349717617035,-0.701992750167847,0.143802106380463,-0.595260739326477,-0.688664674758911,-0.581541836261749,0.231444522738457,-0.68934690952301,-0.588418841362,-0.276502996683121,-0.65943306684494,-0.302934795618057,-0.843843460083008,-0.0419332943856716,-0.470253854990005,-0.0904645472764969,-0.236419394612312,-0.419334709644318,0.192928671836853,-0.366714298725128,-0.583558082580566,-0.709821581840515,-0.261731535196304,-0.699790298938751,-0.623227596282959,-0.960894227027893,-0.445208638906479,-0.63404643535614,-0.0348375737667084,-0.737244606018066,-0.70286500453949,-0.447961926460266,-0.134893730282784,-0.638287782669067,-0.32826840877533,-0.185171946883202,-0.353398650884628,-0.656537055969238,-0.463653653860092,-0.350681334733963,-0.810759305953979,-0.543331623077393,0.522225797176361,-0.615393996238708,-0.554578185081482,-0.519583642482758,-0.665292680263519,0.747531831264496,0.834901750087738,0.549950838088989,0.909582436084747,0.446401566267014,0.486096769571304,0.264529049396515,0.431852757930756,0.793100714683533,0.020023999735713,-0.150351330637932,0.336406737565994,0.706201732158661,0.827871859073639,0.380218267440796,0.443293899297714,0.59338515996933,0.783994019031525,1,0.492611020803452,0.963297843933105,0.39908355474472,0.371267527341843,0.37757021188736,0.756223797798157,0.590734541416168,0.363624811172485,0.590486407279968,0.132107615470886,0.59741348028183,-0.0434295870363712,0.933248996734619,0.982477068901062,0.626593470573425,0.767854571342468,0.0939197167754173,0.473493993282318,0.850738823413849,0.0953959450125694,0.101891584694386,0.75163745880127,0.495231598615646,0.869723260402679,0.162846222519875,-0.576653003692627,-0.162863403558731,0.646852374076843,-0.380013644695282,-0.180954724550247,0.00557239446789026,0.49335241317749,-0.396824508905411,0.264545738697052,-0.584217190742493,0.462709605693817,0.734741926193237,0.193504378199577,0.817942440509796,-0.489732801914215,0.338402599096298,-0.07670047134161,0.125122174620628,0.130777642130852,0.776848912239075,0.244092062115669,-0.119588516652584,0.163922354578972,0.52911514043808,-0.0406754352152348,0.331850409507751,-0.317175209522247,-0.58676815032959,-0.595542728900909,0.633813381195068,-0.0113089149817824,-0.115513876080513,-0.00529683427885175,-0.134243324398994,0.360649645328522,0.221333622932434,0.110074825584888,-0.222258687019348,-0.14521586894989,-0.286259949207306,-0.179470211267471,-0.234618037939072,0.0100041450932622,0.306736141443253,-0.176250323653221,-0.089235745370388,-0.0630743652582169,-0.034293320029974,0.787833034992218,0.0498157143592834,0.652463495731354,-0.340768665075302,-0.518362164497375,-0.33497628569603,0.531873404979706
0.922976136207581,-0.844457805156708,0.950927376747131,-0.587426364421844,0.302110701799393,0.313321769237518,0.511073112487793,0.213721126317978,0.529856145381927,-0.708363652229309,0.409691333770752,0.165265619754791,-0.697947204113007,-0.302957534790039,-0.11487140506506,0.365189492702484,-0.083073228597641,0.0115883043035865,-0.74596756696701,0.491439580917358,0.577343821525574,-0.378613293170929,-0.716687738895416,0.578260481357574,0.315221756696701,0.918768584728241,0.154271155595779,0.807009637355804,-0.0979166254401207,0.558063924312592,-0.586520850658417,-0.551614582538605,-0.173387750983238,-0.143316209316254,-0.176353827118874,-0.621446013450623,-0.746959149837494,-0.756915032863617,-0.579218804836273,-0.779229044914246,-0.746938645839691,-0.78502094745636,0.578687965869904,-0.523002982139587,-0.564172804355621,-0.756397724151611,-0.540501236915588,-0.587333142757416,-0.741227209568024,-0.726227581501007,-0.6978999376297,-0.105744458734989,-0.775787532329559,-0.564816653728485,-0.627785325050354,-0.111329890787601,-0.283730417490005,0.223854407668114,0.207465723156929,-0.599931836128235,-0.832079768180847,-0.420892298221588,0.254582077264786,-0.323286861181259,-0.251607149839401,-0.642441868782043,-0.52216237783432,-0.798937678337097,-0.65728771686554,-0.697575867176056,-0.747732102870941,-0.0956921800971031,-0.659333944320679,-0.594864547252655,-0.814169824123383,-0.667022347450256,-0.109568893909454,0.757813036441803,-0.773439228534698,-0.795184135437012,-0.450060576200485,0.167374551296234,-0.769443094730377,-0.303255647420883,0.206689924001694,-0.189485311508179,0.426686972379684,0.242536410689354,0.273614376783371,-0.36836501955986,-0.291792839765549,-0.600495576858521,-0.364484041929245,-0.414101839065552,-0.679791688919067,-0.255405366420746,0.0503544956445694,0.474736034870148,0.272796005010605,0.305914670228958,-0.112810797989368,-0.528276264667511,0.488143354654312,-0.461151480674744,0.119755238294601,-0.662049353122711,-0.691582858562469,-0.436086982488632,-0.426708847284317,-0.664289236068726,-0.53693550825119,0.230219691991806,-0.709412634372711,-0.81731128692627,-0.680621922016144,-0.588645458221436,-0.221294969320297,-0.692294061183929,-0.390829116106033,-0.375600188970566,-0.132889270782471,-0.293129205703735,-0.398768573999405,0.189375713467598,-0.512122809886932,-0.563941538333893,-0.570458889007568,-0.218428879976273,-0.795094132423401,-0.741183996200562,-0.381136000156403,-0.677907824516296,-0.721187770366669,-0.552946388721466,-0.766165137290955,-0.815909564495087,-0.691656887531281,-0.374448657035828,-0.738254904747009,-0.198430255055428,-0.300593256950378,-0.534268140792847,-0.822413742542267,-0.626194357872009,-0.359090536832809,-0.641897022724152,-0.741679430007935,0.131987527012825,-0.792175948619843,-0.596552670001984,-0.3838170170784,-0.812206208705902,0.420608371496201,0.57226175069809,0.955643177032471,0.385485827922821,0.0954665541648865,0.802220165729523,-0.0337408520281315,0.618050038814545,0.778485476970673,-0.0927061960101128,-0.159676641225815,0.852781653404236,0.53828376531601,0.69953989982605,-0.0105997622013092,0.955629169940948,0.899197995662689,0.760308623313904,0.492611020803452,1,0.488729476928711,0.552645206451416,0.51862508058548,-0.0219915974885225,0.870064854621887,0.557861804962158,0.988593518733978,0.00964681897312403,0.747667491436005,0.109335884451866,0.534364759922028,0.570094704627991,0.550085365772247,0.271886259317398,0.562392830848694,-0.237112164497375,0.890766680240631,0.846411645412445,0.671198785305023,0.735387921333313,0.437810778617859,-0.0512780658900738,0.522202134132385,0.927699506282806,-0.711853742599487,-0.48355433344841,0.330035030841827,-0.503855466842651,-0.288908511400223,0.234653532505035,0.426135838031769,-0.484275490045547,-0.0264796353876591,-0.203671038150787,-0.131324931979179,0.213688045740128,0.343250781297684,0.242532208561897,0.246385708451271,0.256485760211945,-0.3014215528965,0.106892809271812,0.551713168621063,0.302280992269516,0.252457827329636,0.576856136322021,-0.152530863881111,0.104322716593742,-0.337466925382614,0.498405635356903,-0.400956958532333,-0.459650874137878,-0.515741050243378,0.471879243850708,0.352367609739304,0.192352771759033,0.46606782078743,0.184078752994537,0.809298574924469,0.526118695735931,0.726767003536224,0.202343538403511,0.374430894851685,-0.0749223157763481,0.437337547540665,0.283537805080414,0.320037364959717,0.892226815223694,0.302070677280426,-0.258333295583725,-0.388218641281128,0.168731093406677,0.757865250110626,0.366728156805038,0.419218242168427,-0.0898771658539772,-0.204752624034882,-0.454385966062546,0.776225507259369
0.460757821798325,-0.561878442764282,0.402144342660904,-0.337152242660522,-0.311268121004105,-0.392427355051041,0.142122700810432,-0.510554134845734,0.255248993635178,-0.537723183631897,0.0169767569750547,-0.341918110847473,-0.631078720092773,-0.818428575992584,-0.419236093759537,-0.050103947520256,-0.194821164011955,-0.229350909590721,-0.424467384815216,0.275525718927383,0.141422614455223,-0.757291436195374,-0.607176005840302,0.295287013053894,0.256219059228897,0.249305382370949,0.303380072116852,0.0575282908976078,0.164834275841713,0.323238760232925,-0.500479578971863,-0.734981596469879,-0.530799686908722,-0.626765966415405,-0.752480030059814,-0.733227908611298,-0.645490229129791,-0.695682466030121,-0.437530308961868,-0.572061598300934,-0.65661233663559,-0.721283555030823,-0.394408166408539,-0.59651130437851,-0.157882452011108,-0.63056343793869,-0.591168761253357,-0.603180766105652,-0.585820853710175,-0.644805073738098,-0.462385296821594,0.207049369812012,-0.530757546424866,-0.483118295669556,-0.473960787057877,-0.373861908912659,-0.466518759727478,-0.332474619150162,0.0422801002860069,-0.77766478061676,-0.68209183216095,-0.536082029342651,-0.00265279784798622,-0.530831456184387,-0.3638556599617,-0.523230969905853,-0.510025024414062,-0.577265024185181,-0.355260491371155,-0.538512527942657,-0.620132923126221,-0.399434626102448,-0.545716643333435,-0.455595463514328,-0.521112442016602,-0.485498338937759,-0.0786889493465424,0.274505376815796,-0.731765151023865,-0.365860432386398,-0.0739125683903694,0.309017211198807,-0.490168988704681,-0.326725006103516,0.320746243000031,-0.170030415058136,0.00358037161640823,0.776564240455627,-0.322749227285385,-0.190884321928024,-0.292566448450089,-0.520564377307892,-0.688481152057648,0.0131078930571675,0.0295731611549854,0.0512058511376381,-0.276547253131866,0.661636471748352,0.738413214683533,0.490184724330902,0.036698155105114,-0.462403565645218,0.673932552337646,-0.486907988786697,0.289686352014542,-0.486071825027466,-0.592803061008453,0.274189561605453,-0.517346143722534,-0.63158792257309,-0.526689827442169,0.136214792728424,-0.686417043209076,-0.478222876787186,-0.218013197183609,-0.507563710212708,-0.43501490354538,-0.806246399879456,-0.146547228097916,-0.422779411077499,-0.186539381742477,-0.39896759390831,-0.448674738407135,0.0591023452579975,-0.194527044892311,-0.564862847328186,-0.566881418228149,-0.198617696762085,-0.563226819038391,-0.586368680000305,-0.865091145038605,-0.484937012195587,-0.481737196445465,0.0383518859744072,-0.635232329368591,-0.64422070980072,-0.267035752534866,-0.143008917570114,-0.505099892616272,-0.382097333669662,0.0159997511655092,-0.30488246679306,-0.594552278518677,-0.307128578424454,-0.438744336366653,-0.686017632484436,-0.414054274559021,0.493395090103149,-0.574040830135345,-0.463850766420364,-0.45189243555069,-0.668917655944824,0.745702922344208,0.738048195838928,0.595343351364136,0.9223552942276,0.208154127001762,0.383480280637741,0.0290864259004593,0.299574196338654,0.755099058151245,-0.177070170640945,-0.288050502538681,0.243086621165276,0.530049026012421,0.686768054962158,0.134797915816307,0.477818191051483,0.588898479938507,0.852809369564056,0.963297843933105,0.488729476928711,1,0.215642511844635,0.460838377475739,0.21417923271656,0.722850382328033,0.427970468997955,0.371749609708786,0.675468027591705,0.0780976712703705,0.383434325456619,-0.0899293720722198,0.963851988315582,0.971957206726074,0.41683554649353,0.650130569934845,-0.149109959602356,0.384110391139984,0.867529332637787,-0.0318698398768902,-0.0164458062499762,0.692573368549347,0.384856969118118,0.725716888904572,0.177700623869896,-0.631202101707458,-0.235034674406052,0.494664877653122,-0.217334151268005,-0.139163702726364,0.103476636111736,0.31236132979393,-0.239810407161713,0.141563504934311,-0.470644891262054,0.255724370479584,0.559847354888916,0.140175402164459,0.787929892539978,-0.551053047180176,0.108527913689613,0.0663418769836426,-0.0337484963238239,0.0960923954844475,0.703077673912048,0.290483713150024,-0.236520797014236,0.169007077813148,0.631694734096527,-0.144699662923813,0.490716934204102,-0.0962690263986588,-0.626799583435059,-0.564759075641632,0.486727774143219,0.0898442715406418,-0.0246138125658035,0.00396516500040889,-0.0871300995349884,0.348211795091629,0.262565016746521,0.127490639686584,-0.143408313393593,-0.0666137263178825,-0.228341773152351,-0.164486899971962,-0.203535556793213,0.153819844126701,0.313341289758682,-0.104284092783928,-0.210091814398766,0.0971880406141281,-0.150967285037041,0.793639361858368,-0.0444754064083099,0.518028855323792,-0.22035177052021,-0.467207968235016,-0.174387857317924,0.58452445268631
0.587290227413177,-0.705870926380157,0.448021292686462,-0.724234223365784,0.451771587133408,-0.0634709522128105,0.39428848028183,-0.238723829388618,0.463251739740372,-0.873544156551361,0.238313123583794,0.0244887862354517,-0.834760308265686,-0.280239999294281,-0.403683990240097,0.157506763935089,-0.301841348409653,-0.606687903404236,-0.916764259338379,0.387102961540222,0.265712708234787,-0.606438219547272,-0.518139123916626,0.64295881986618,0.419064551591873,0.386684030294418,-0.144330978393555,0.361498326063156,-0.546256721019745,0.0655829533934593,-0.457412630319595,-0.346074849367142,-0.304782748222351,-0.111993044614792,-0.175348997116089,-0.397106349468231,-0.616120159626007,-0.620994865894318,-0.329206794500351,-0.357231169939041,-0.805832803249359,-0.775210857391357,0.183429628610611,-0.351364433765411,-0.729943990707397,-0.592220962047577,-0.459744602441788,-0.514582097530365,-0.643945932388306,-0.496459245681763,-0.58252364397049,-0.363138556480408,-0.665547370910645,-0.651116132736206,-0.335383594036102,-0.122663408517838,-0.304740697145462,0.0742457509040833,-0.179987967014313,-0.517141878604889,-0.620652139186859,-0.228235393762589,0.450070768594742,-0.127604231238365,-0.163360983133316,-0.821723341941833,-0.640214264392853,-0.87234890460968,-0.667284071445465,-0.751718878746033,-0.808134913444519,-0.285243183374405,-0.824454784393311,-0.827542841434479,-0.798078000545502,-0.563053488731384,-0.174309059977531,0.455550998449326,-0.369985163211823,-0.635842621326447,-0.784877240657806,0.281422108411789,-0.896997630596161,-0.638277411460876,-0.421096652746201,-0.541164875030518,0.794844150543213,0.465498089790344,0.0939007624983788,-0.484242916107178,-0.60222464799881,-0.703185856342316,-0.407205402851105,-0.364633232355118,-0.418554455041885,-0.463948726654053,-0.608172297477722,0.294051796197891,0.15739244222641,0.459391057491302,-0.655303239822388,-0.580415606498718,0.362435281276703,-0.311096489429474,-0.296416461467743,-0.454640686511993,-0.42744842171669,-0.347159266471863,-0.108823478221893,-0.80216658115387,-0.798290848731995,-0.0681392624974251,-0.664405047893524,-0.558545827865601,-0.805940628051758,-0.717655599117279,-0.142827808856964,-0.673007607460022,-0.315737336874008,-0.541926860809326,-0.270129233598709,-0.111931592226028,-0.56070750951767,0.0202556364238262,-0.850157201290131,-0.7055304646492,-0.465565651655197,-0.731643497943878,-0.708613276481628,-0.761273741722107,-0.542658746242523,-0.616928100585938,-0.743312299251556,-0.74166876077652,-0.832719445228577,-0.808580756187439,-0.703416109085083,-0.58601438999176,-0.91889214515686,-0.413505166769028,-0.90055775642395,-0.74221932888031,-0.712562084197998,-0.838582158088684,-0.219717279076576,-0.508817315101624,-0.904498100280762,-0.117689862847328,-0.762923896312714,-0.230032339692116,-0.621866226196289,-0.333390235900879,0.506654620170593,0.79331648349762,0.495227515697479,0.258225709199905,0.73248690366745,0.913073837757111,0.751725673675537,0.971181750297546,0.734550297260284,0.708200097084045,0.631477653980255,0.859940469264984,0.910084307193756,0.783195853233337,0.546379208564758,0.53608363866806,0.427111685276031,0.368681132793427,0.39908355474472,0.552645206451416,0.215642511844635,1,0.397189199924469,0.182263001799583,0.720425605773926,0.530957341194153,0.527343094348907,-0.463285356760025,0.767838656902313,0.731670022010803,0.667137384414673,0.208350166678429,0.338836878538132,0.604099452495575,0.626185715198517,0.319845795631409,0.839394986629486,0.430155366659164,0.866051495075226,0.851694881916046,0.202487349510193,0.445213139057159,0.754215717315674,0.4412442445755,-0.36342442035675,-0.182434633374214,0.601371109485626,-0.669924736022949,-0.477447599172592,-0.2730752825737,0.600020825862885,-0.826533675193787,0.393438786268234,-0.638982951641083,0.371089935302734,0.472527652978897,0.370744049549103,0.0989209786057472,0.240206688642502,0.634377300739288,-0.253662377595901,0.0898581892251968,0.311533480882645,0.357367157936096,0.109577551484108,0.549169361591339,0.135445415973663,0.0403563976287842,-0.201237350702286,0.0530440099537373,-0.606650292873383,-0.37426882982254,-0.0858204662799835,0.846454262733459,0.18819372355938,0.123057059943676,0.202498391270638,0.175177872180939,0.482345968484879,0.292125940322876,0.414020895957947,0.129915118217468,0.126771360635757,-0.125716865062714,0.295084148645401,0.216630160808563,-0.0150767415761948,0.493655383586884,0.174715489149094,0.256858557462692,-0.592957019805908,0.0599430836737156,0.549641847610474,0.580862462520599,0.602661311626434,-0.110452428460121,-0.231762930750847,-0.45860031247139,0.272014021873474
0.721055328845978,-0.408417850732803,0.675320327281952,-0.0811915248632431,-0.490068763494492,-0.453151613473892,-0.256741553544998,0.0693619102239609,-0.220156937837601,-0.533822774887085,-0.418107390403748,-0.468937933444977,-0.588435888290405,-0.115651071071625,-0.394317090511322,-0.469918787479401,-0.786686062812805,-0.258516371250153,-0.508328676223755,-0.239498734474182,-0.333815902471542,-0.60672515630722,-0.691948115825653,-0.0826351493597031,0.0610973350703716,0.411785960197449,-0.538241744041443,0.0523911640048027,-0.536775588989258,-0.259173095226288,0.181495249271393,-0.138099208474159,-0.74682629108429,0.352218002080917,0.141934528946877,-0.082276739180088,-0.184610784053802,-0.201371937990189,0.263581901788712,-0.148430302739143,-0.610138118267059,-0.415984630584717,0.0777255445718765,0.132570862770081,-0.79451322555542,-0.167234525084496,0.1269860714674,0.0450475551187992,-0.117070324718952,-0.190334320068359,-0.0221435409039259,0.418687582015991,-0.128583878278732,0.0980579853057861,0.207535833120346,-0.594270348548889,-0.816388964653015,-0.42682757973671,-0.600796639919281,-0.251675337553024,-0.243147149682045,-0.932466566562653,-0.201532930135727,-0.630943953990936,-0.772641360759735,-0.831666052341461,-0.876939237117767,-0.427966594696045,-0.143658354878426,-0.795686364173889,-0.447037756443024,-0.781235694885254,-0.776231288909912,-0.701578736305237,-0.38043811917305,0.0913538262248039,-0.767921030521393,0.0205118656158447,-0.417977899312973,-0.810935199260712,-0.687551617622375,-0.438693284988403,-0.667610943317413,-0.828321814537048,-0.393208146095276,-0.705654919147491,-0.0684416890144348,0.480668067932129,-0.394255697727203,-0.858724415302277,-0.640452027320862,-0.873817682266235,-0.839530408382416,0.321134090423584,-0.0600223727524281,-0.665642380714417,-0.167556688189507,-0.0870964750647545,0.0287229847162962,-0.193376630544662,-0.435543477535248,-0.847304403781891,-0.0897327214479446,-0.606183171272278,0.268343359231949,-0.0307236611843109,-0.0112664587795734,0.210756093263626,0.349206238985062,-0.776340186595917,-0.784378051757812,-0.496363699436188,-0.882555365562439,-0.134133964776993,-0.744907915592194,-0.163425013422966,-0.846582174301147,-0.629019200801849,-0.780614256858826,-0.291272282600403,-0.705890893936157,-0.898494303226471,-0.894408822059631,-0.634742856025696,-0.138190984725952,-0.811639785766602,0.0908051282167435,-0.656864404678345,-0.216335386037827,-0.730863332748413,-0.298458814620972,-0.928851842880249,-0.196501418948174,-0.633276522159576,-0.578650593757629,-0.727098226547241,0.0509425364434719,-0.826554358005524,-0.467304825782776,-0.829433798789978,-0.137813851237297,-0.824036777019501,-0.664567112922668,-0.383920192718506,-0.849768042564392,-0.0684294849634171,-0.439551025629044,-0.176100507378578,-0.78567236661911,0.214371368288994,-0.709665417671204,-0.277706056833267,0.685966968536377,0.545355975627899,0.712987720966339,0.519623994827271,-0.0592206567525864,0.598592400550842,-0.0108831869438291,0.59229177236557,0.723158180713654,-0.0617709532380104,0.126400604844093,0.541503727436066,0.38624706864357,0.359955251216888,-0.363774508237839,0.714140653610229,0.290055394172668,0.77296656370163,0.371267527341843,0.51862508058548,0.460838377475739,0.397189199924469,1,-0.57122129201889,0.686559557914734,-0.159251093864441,0.52044278383255,-0.102187536656857,0.56719559431076,0.0103912083432078,0.370114415884018,0.346735030412674,0.342776447534561,-0.161813095211983,0.122151784598827,-0.622750520706177,0.50025600194931,0.535597920417786,0.359182745218277,0.396250456571579,0.0827207639813423,0.284446984529495,0.329103976488113,0.371585994958878,-0.63930481672287,-0.290728181600571,0.321586847305298,0.0669523999094963,-0.453883916139603,0.163081333041191,0.0283998250961304,-0.223664477467537,0.0275423731654882,-0.363325625658035,-0.245874255895615,-0.0199265740811825,0.341308981180191,0.11331807076931,-0.260821223258972,-0.110558040440083,0.459299325942993,-0.54427707195282,0.0746692419052124,0.266815215349197,0.232090815901756,-0.0599507130682468,0.436583399772644,0.636074483394623,-0.64379209280014,0.654586553573608,0.366322010755539,-0.748387217521667,-0.0720631405711174,0.385598868131638,0.612872719764709,0.53061830997467,0.15361325442791,0.319163233041763,0.34021583199501,0.433317720890045,0.447740972042084,0.455871403217316,0.416024297475815,-0.00792014133185148,0.342374056577682,0.266398429870605,0.5949547290802,0.486883491277695,0.409278899431229,-0.334856271743774,-0.0216834247112274,-0.619945704936981,0.605061948299408,0.417823374271393,0.287697851657867,0.36419489979744,-0.276672273874283,0.205500021576881,0.353747516870499
-0.211703509092331,-0.204064086079597,-0.238618701696396,-0.21373325586319,0.59229701757431,0.209366232156754,0.568654298782349,-0.470108658075333,0.542219042778015,-0.202202722430229,0.544915795326233,0.310048520565033,-0.166926115751266,-0.629524767398834,0.00705105066299438,0.539576470851898,0.559354424476624,-0.22290126979351,-0.0389702953398228,0.638818025588989,0.534926295280457,-0.0996816381812096,-0.102319270372391,0.562711298465729,0.0515809394419193,-0.0377922207117081,0.653441727161407,0.226219043135643,0.287853628396988,0.453501343727112,-0.768455386161804,-0.34457591176033,0.217916548252106,-0.799042165279388,-0.612649083137512,-0.588495254516602,-0.52916032075882,-0.543372511863708,-0.698427975177765,-0.249923497438431,-0.16954630613327,-0.374163269996643,-0.248301550745964,-0.724810779094696,0.454526662826538,-0.556810319423676,-0.642303645610809,-0.633744478225708,-0.48534083366394,-0.378397226333618,-0.39218533039093,-0.44702672958374,-0.465488284826279,-0.675466597080231,-0.692431509494781,0.448524534702301,0.462159365415573,0.337850213050842,0.539892792701721,-0.279951900243759,-0.462781667709351,0.489224225282669,0.489758729934692,0.225705251097679,0.61415708065033,0.152113854885101,0.270905822515488,-0.305275797843933,-0.176847845315933,0.0676517859101295,-0.292748242616653,0.501614511013031,0.088153749704361,-0.0807294547557831,-0.383535534143448,-0.662743389606476,0.635188281536102,0.454799294471741,-0.11749092489481,0.263362973928452,0.386676728725433,0.764357030391693,0.037944246083498,0.316759169101715,0.414118230342865,0.485544741153717,0.547657907009125,0.210622936487198,0.353199660778046,0.555976688861847,-0.0336804091930389,0.260784149169922,0.296437591314316,-0.522078990936279,-0.058344729244709,0.598042070865631,-0.133196428418159,0.53607589006424,0.482701331377029,0.732446670532227,0.25201416015625,0.148386210203171,0.624839961528778,0.201762959361076,0.0464028120040894,-0.284973949193954,-0.533875465393066,-0.17812591791153,-0.775623917579651,0.0388870015740395,0.078465573489666,0.64012199640274,0.159966513514519,-0.325321227312088,0.168096169829369,-0.292665421962738,0.583546757698059,-0.0902008041739464,0.462307065725327,-0.294424146413803,0.515230000019073,0.67757248878479,0.30050328373909,0.739755511283875,-0.18343411386013,0.0943714454770088,-0.56987327337265,0.318821251392365,-0.375089973211288,-0.0115428324788809,-0.470196604728699,0.360221475362778,-0.424794465303421,0.208748668432236,-0.23003226518631,-0.0275244917720556,-0.464442789554596,0.508413195610046,-0.1921147108078,0.568512678146362,-0.188830137252808,0.388061314821243,-0.106728799641132,-0.351640939712524,0.292400509119034,-0.56329357624054,-0.250831067562103,0.565068364143372,0.142248049378395,-0.661947309970856,0.249786138534546,-0.0558506697416306,0.107778966426849,0.26251494884491,-0.214117407798767,0.255618572235107,0.532772362232208,-0.0185319986194372,0.461001187562943,0.00911381654441357,0.0126834036782384,0.367258220911026,-0.0068123135715723,-0.00206593773327768,0.369792968034744,0.401488423347473,0.693269014358521,-0.27752497792244,0.16951484978199,-0.102052494883537,0.37757021188736,-0.0219915974885225,0.21417923271656,0.182263001799583,-0.57122129201889,1,0.0749643445014954,0.795097291469574,-0.107886582612991,0.273394614458084,-0.299812793731689,0.620638847351074,-0.229379698634148,0.246491029858589,0.364996433258057,0.658873796463013,0.420478403568268,0.727087438106537,0.0174794178456068,0.129928380250931,-0.0908928140997887,-0.0912986323237419,0.353601723909378,0.0487548261880875,0.456351965665817,-0.129062548279762,0.376048982143402,0.425011575222015,0.323415219783783,-0.273920685052872,0.452182978391647,-0.0416337437927723,0.551063239574432,-0.0549575090408325,0.507818102836609,0.0193841122090816,0.696678936481476,0.590140283107758,-0.420738220214844,0.441386550664902,0.177116006612778,0.592778086662292,-0.296466499567032,0.708288490772247,0.44297668337822,0.214880555868149,0.341172635555267,0.311258316040039,-0.536599814891815,-0.403920114040375,0.791291654109955,-0.604850947856903,-0.668045878410339,0.306902557611465,-0.214719891548157,0.29831925034523,-0.815057337284088,-0.851334691047668,-0.458472549915314,-0.680263161659241,-0.204483941197395,-0.539093017578125,-0.494603723287582,-0.843241810798645,-0.77527129650116,-0.605655014514923,-0.637466371059418,-0.670807003974915,-0.829081475734711,-0.306382358074188,-0.756144404411316,0.0910403430461884,-0.49264332652092,0.33196035027504,0.0411489494144917,-0.370114833116531,0.514174580574036,-0.796159684658051,-0.43371656537056,-0.748031437397003,-0.144855216145515
0.883049488067627,-0.868969023227692,0.816637635231018,-0.585843503475189,0.101889252662659,-0.129626244306564,0.336163610219955,-0.15810614824295,0.401568055152893,-0.891950249671936,0.161446139216423,-0.163247019052505,-0.928548872470856,-0.587084412574768,-0.397497713565826,0.0828440934419632,-0.366485595703125,-0.323507487773895,-0.84375125169754,0.386036157608032,0.309928476810455,-0.723098635673523,-0.853803813457489,0.535010874271393,0.298880636692047,0.699592649936676,0.00781849306076765,0.50249195098877,-0.3049575984478,0.300419300794601,-0.571533501148224,-0.599289417266846,-0.541060864925385,-0.270607054233551,-0.364868611097336,-0.67415976524353,-0.788455605506897,-0.819154143333435,-0.469695001840591,-0.644061148166656,-0.938836395740509,-0.935075700283051,0.163774624466896,-0.563181638717651,-0.673443138599396,-0.782491564750671,-0.556983888149261,-0.620998740196228,-0.746554791927338,-0.711801588535309,-0.630093395709991,0.0209996029734612,-0.749386668205261,-0.609957933425903,-0.517372727394104,-0.341902017593384,-0.553288757801056,-0.102317482233047,-0.0888872519135475,-0.747906565666199,-0.861881196498871,-0.621533930301666,0.191442295908928,-0.524160444736481,-0.438349068164825,-0.883097410202026,-0.780923008918762,-0.912967562675476,-0.603941559791565,-0.907372951507568,-0.875840187072754,-0.426538735628128,-0.894226729869843,-0.842160284519196,-0.900972366333008,-0.629792630672455,-0.295368164777756,0.578467547893524,-0.752221345901489,-0.828224718570709,-0.601422786712646,0.179989501833916,-0.904916107654572,-0.626975357532501,-0.0241225715726614,-0.451380580663681,0.440790563821793,0.611803650856018,-0.0504550337791443,-0.556784749031067,-0.603018224239349,-0.845922470092773,-0.698488771915436,-0.226107642054558,-0.404457002878189,-0.365910023450851,-0.269493818283081,0.504894554615021,0.442517638206482,0.414142102003098,-0.346333026885986,-0.772741973400116,0.537582278251648,-0.55937933921814,0.115739732980728,-0.582864582538605,-0.63527125120163,-0.143350034952164,-0.359743148088455,-0.921642124652863,-0.841892242431641,0.0238107684999704,-0.925792157649994,-0.697966277599335,-0.785721600055695,-0.662982642650604,-0.454513907432556,-0.92571485042572,-0.501282036304474,-0.609916031360626,-0.3700230717659,-0.464721858501434,-0.703843414783478,-0.0133258914574981,-0.576638162136078,-0.850675106048584,-0.559451043605804,-0.520940840244293,-0.793404579162598,-0.926454067230225,-0.714480042457581,-0.843976378440857,-0.747887790203094,-0.587201952934265,-0.946702837944031,-0.979631721973419,-0.596540689468384,-0.542475461959839,-0.886760592460632,-0.491565108299255,-0.44467169046402,-0.698491811752319,-0.921162724494934,-0.73958432674408,-0.557000935077667,-0.686518549919128,-0.867534935474396,0.157860800623894,-0.928926944732666,-0.458617895841599,-0.609491050243378,-0.709423780441284,0.776520907878876,0.884329378604889,0.898735165596008,0.688675701618195,0.349872887134552,0.886705756187439,0.263067722320557,0.804081797599792,0.972066462039948,0.163268819451332,0.0905647426843643,0.839742124080658,0.796629309654236,0.86166387796402,0.158091261982918,0.865858376026154,0.781194806098938,0.892497658729553,0.756223797798157,0.870064854621887,0.722850382328033,0.720425605773926,0.686559557914734,0.0749643445014954,1,0.561562836170197,0.815376043319702,0.0567707493901253,0.694094061851501,0.45208266377449,0.501058042049408,0.713269472122192,0.762912392616272,0.43208521604538,0.691913485527039,-0.166846483945847,0.87881201505661,0.903665840625763,0.618309855461121,0.653075873851776,0.472281783819199,0.292255103588104,0.792560935020447,0.669685006141663,-0.719933032989502,-0.369969308376312,0.554681301116943,-0.470427364110947,-0.34216719865799,0.0985491722822189,0.504224300384521,-0.57499897480011,0.212578222155571,-0.490693658590317,0.111607149243355,0.423094093799591,0.294434607028961,0.423263192176819,-0.0109831187874079,0.337971955537796,-0.0540369600057602,-0.0428849533200264,0.454328596591949,0.501378655433655,0.376902937889099,0.369846194982529,0.0439652279019356,0.362821996212006,-0.329803645610809,0.49729511141777,-0.334805130958557,-0.664927780628204,-0.409697681665421,0.730314254760742,0.303566873073578,0.149375602602959,0.222957342863083,0.110876098275185,0.648226022720337,0.429164946079254,0.515363216400146,0.100584492087364,0.183605551719666,-0.224352777004242,0.227669268846512,0.109927587211132,0.242213770747185,0.70238870382309,0.172163233160973,-0.168145194649696,-0.375673115253448,-0.118047386407852,0.908568739891052,0.354778915643692,0.631281614303589,-0.111685380339622,-0.410004109144211,-0.410059541463852,0.66261750459671
0.353208601474762,-0.650339126586914,0.341319501399994,-0.576710343360901,0.678893983364105,0.395735144615173,0.837140023708344,-0.283842802047729,0.832990884780884,-0.589943170547485,0.751954615116119,0.462030678987503,-0.52253919839859,-0.622438490390778,-0.0644505172967911,0.726195633411407,0.456579983234406,-0.250408500432968,-0.522450983524323,0.857606828212738,0.818776071071625,-0.371182471513748,-0.476588040590286,0.874383628368378,0.372629165649414,0.458533376455307,0.663565456867218,0.658336520195007,0.204884603619576,0.738357126712799,-0.958330154418945,-0.651547849178314,0.146922364830971,-0.723293483257294,-0.621820271015167,-0.858810663223267,-0.896342515945435,-0.907600283622742,-0.910210788249969,-0.698787689208984,-0.583820939064026,-0.769556105136871,0.155295550823212,-0.861641764640808,0.0292019173502922,-0.917503356933594,-0.879585087299347,-0.895598173141479,-0.869937121868134,-0.786382377147675,-0.773971617221832,-0.571499168872833,-0.888832926750183,-0.924558937549591,-0.940569996833801,0.378850430250168,0.276513397693634,0.50369918346405,0.605259239673615,-0.542613208293915,-0.854235410690308,0.197193205356598,0.691882908344269,0.0949227958917618,0.441433697938919,-0.2811638712883,-0.0812241807579994,-0.754174768924713,-0.610699057579041,-0.330998063087463,-0.742396831512451,0.402527868747711,-0.324243932962418,-0.444806188344955,-0.769506216049194,-0.964407980442047,0.526240348815918,0.845141410827637,-0.592191219329834,-0.254427492618561,0.0438138395547867,0.794847846031189,-0.473008960485458,0.093407891690731,0.450173139572144,0.312872976064682,0.791466116905212,0.361065924167633,0.512651741504669,0.279770255088806,-0.16053706407547,-0.121460519731045,0.0718880370259285,-0.71670401096344,-0.476521521806717,0.352011650800705,-0.195870071649551,0.720865428447723,0.558620631694794,0.845127403736115,0.145313426852226,-0.159556418657303,0.842107653617859,-0.121381215751171,0.125153630971909,-0.626565217971802,-0.878478288650513,-0.449157536029816,-0.849358320236206,-0.364339739084244,-0.248079836368561,0.702249467372894,-0.298947602510452,-0.800637722015381,-0.276165872812271,-0.662113070487976,0.411311060190201,-0.451908588409424,0.209468334913254,-0.348085910081863,0.430040776729584,0.426624745130539,0.0384027175605297,0.762717962265015,-0.499972760677338,-0.223358348011971,-0.851637661457062,0.105609357357025,-0.824339091777802,-0.449152648448944,-0.615001142024994,-0.0840339884161949,-0.845638275146484,-0.219819381833076,-0.650441825389862,-0.519618451595306,-0.844751238822937,0.145364910364151,-0.605933904647827,0.347836375236511,-0.39791813492775,-0.0826116427779198,-0.606418192386627,-0.727884769439697,0.0357788130640984,-0.879656672477722,-0.631827890872955,0.595032751560211,-0.362312585115433,-0.905744850635529,-0.140938684344292,-0.516772389411926,0.284634530544281,0.557485461235046,0.370949864387512,0.419172465801239,0.560202658176422,0.476311177015305,0.421496242284775,0.408948838710785,0.477093279361725,0.267760157585144,-0.0868103355169296,0.512259006500244,0.668038845062256,0.787046670913696,0.627883195877075,0.332117706537247,0.644963383674622,0.324017316102982,0.590734541416168,0.557861804962158,0.427970468997955,0.530957341194153,-0.159251093864441,0.795097291469574,0.561562836170197,1,0.479087442159653,0.206104651093483,0.19465833902359,0.608437061309814,0.0779355466365814,0.503966569900513,0.588832020759583,0.744048893451691,0.694123685359955,0.557940900325775,0.546148598194122,0.58540141582489,0.350011199712753,0.392995774745941,0.628390848636627,0.0585906244814396,0.727592051029205,0.406126648187637,-0.095590241253376,0.122627072036266,0.565033197402954,-0.57335638999939,0.0923389866948128,0.0397522039711475,0.750565230846405,-0.383634865283966,0.467144697904587,-0.182667180895805,0.598791480064392,0.704413235187531,-0.0451475344598293,0.55496072769165,0.242968484759331,0.731318175792694,-0.485820114612579,0.730404794216156,0.630639135837555,0.453236103057861,0.334470808506012,0.579835593700409,-0.417589545249939,-0.247806921601295,0.453330278396606,-0.276749283075333,-0.841754257678986,0.00743739027529955,-0.546579003334045,0.581255853176117,-0.468986690044403,-0.5744908452034,-0.0781047120690346,-0.461698055267334,0.305166602134705,-0.126498505473137,0.0468994341790676,-0.561438858509064,-0.394503027200699,-0.523842215538025,-0.245389088988304,-0.373709499835968,-0.522055625915527,0.279581695795059,-0.455071210861206,-0.0962813571095467,-0.668474495410919,0.413687109947205,0.416010141372681,-0.00600474188104272,0.745412051677704,-0.76207047700882,-0.526108026504517,-0.8834068775177,0.297243416309357
0.934783637523651,-0.782860577106476,0.968179404735565,-0.532450556755066,0.315017729997635,0.358023077249527,0.45829364657402,0.347949475049973,0.461158722639084,-0.644974768161774,0.369646668434143,0.187503322958946,-0.638020753860474,-0.190973207354546,-0.0286983754485846,0.337725937366486,-0.109106823801994,0.0930945947766304,-0.705601036548615,0.414277791976929,0.549819350242615,-0.273375451564789,-0.671527445316315,0.506210148334503,0.267919600009918,0.944996654987335,0.0679973214864731,0.833860039710999,-0.159099876880646,0.507172763347626,-0.498613059520721,-0.433001071214676,-0.148182198405266,-0.0103187067434192,-0.0337412171065807,-0.505875468254089,-0.652808487415314,-0.662886917591095,-0.497218608856201,-0.705941677093506,-0.674103379249573,-0.701517701148987,0.673904597759247,-0.445945262908936,-0.586100399494171,-0.667152881622314,-0.43204054236412,-0.478268444538116,-0.652394533157349,-0.630521714687347,-0.620817840099335,-0.0923090353608131,-0.703268527984619,-0.471136450767517,-0.552163481712341,-0.122554905712605,-0.284976810216904,0.236970990896225,0.169356614351273,-0.508745193481445,-0.761243224143982,-0.403009623289108,0.207928746938705,-0.323999911546707,-0.265286922454834,-0.607988834381104,-0.486250758171082,-0.733610451221466,-0.597298502922058,-0.665964901447296,-0.667370676994324,-0.0815079212188721,-0.614558637142181,-0.565620422363281,-0.770394504070282,-0.58840149641037,-0.153955951333046,0.720260202884674,-0.688125431537628,-0.794513344764709,-0.478192150592804,0.0608034618198872,-0.733535945415497,-0.293686330318451,0.142905920743942,-0.200453102588654,0.398016571998596,0.116766072809696,0.286394238471985,-0.406200975179672,-0.274286478757858,-0.584494233131409,-0.319639086723328,-0.373612105846405,-0.685212075710297,-0.327495574951172,0.130408078432083,0.353757739067078,0.179286986589432,0.185191780328751,-0.147749349474907,-0.511045575141907,0.378574252128601,-0.398243725299835,0.0892825499176979,-0.585157155990601,-0.598099887371063,-0.450662851333618,-0.331401705741882,-0.608753621578217,-0.495996534824371,0.166903704404831,-0.661561608314514,-0.756986558437347,-0.692020893096924,-0.517094910144806,-0.211245954036713,-0.609058558940887,-0.450815767049789,-0.330599695444107,-0.163174822926521,-0.314257949590683,-0.385579705238342,0.133978098630905,-0.49005338549614,-0.525081217288971,-0.467286646366119,-0.218015506863594,-0.719438791275024,-0.713494777679443,-0.249537736177444,-0.679172515869141,-0.661201059818268,-0.599275052547455,-0.696927189826965,-0.768673419952393,-0.644099831581116,-0.413510769605637,-0.684611558914185,-0.192730829119682,-0.298378169536591,-0.53265917301178,-0.770935714244843,-0.591799974441528,-0.344658523797989,-0.532595157623291,-0.702323257923126,0.0470569469034672,-0.750733494758606,-0.520124554634094,-0.334114700555801,-0.756068706512451,0.339713245630264,0.487159550189972,0.942643761634827,0.265520542860031,0.0071340287104249,0.782223761081696,-0.0926694273948669,0.599620878696442,0.716776132583618,-0.0938713774085045,-0.128768160939217,0.857864618301392,0.455057233572006,0.603525996208191,-0.103612393140793,0.959992408752441,0.868709146976471,0.694989800453186,0.363624811172485,0.988593518733978,0.371749609708786,0.527343094348907,0.52044278383255,-0.107886582612991,0.815376043319702,0.479087442159653,1,-0.0989379808306694,0.784709393978119,0.0086826104670763,0.592604279518127,0.462702333927155,0.430256307125092,0.159198597073555,0.47857728600502,-0.296581983566284,0.875480055809021,0.771631062030792,0.702648878097534,0.76908403635025,0.333110004663467,-0.148128464818001,0.416117161512375,0.96589857339859,-0.672358632087708,-0.50618189573288,0.22807714343071,-0.470563381910324,-0.298981219530106,0.227825358510017,0.340569913387299,-0.454240769147873,-0.05738315731287,-0.133695691823959,-0.239877983927727,0.0856676399707794,0.321117758750916,0.124746344983578,0.341423749923706,0.185563310980797,-0.28031200170517,0.0570917502045631,0.564118504524231,0.198444962501526,0.250956892967224,0.623763024806976,-0.174096718430519,0.0575483478605747,-0.383863389492035,0.501693725585938,-0.352831780910492,-0.396843880414963,-0.426522076129913,0.415858894586563,0.401271551847458,0.244763910770416,0.493180811405182,0.229066237807274,0.806140303611755,0.534027874469757,0.763792634010315,0.269410580396652,0.436798363924026,-0.0214611943811178,0.4939906001091,0.350470930337906,0.353480488061905,0.903451442718506,0.366257786750793,-0.272425174713135,-0.388508915901184,0.156677842140198,0.687322378158569,0.367675304412842,0.338700085878372,-0.027164513245225,-0.131255760788918,-0.399764150381088,0.750597834587097
-0.159695938229561,-0.0562496408820152,-0.0802945345640182,0.0425560064613819,-0.370543926954269,-0.0750197395682335,0.163489058613777,-0.437454372644424,0.215222537517548,0.118295356631279,0.180131360888481,-0.0291513353586197,0.103096432983875,-0.482596844434738,-0.134138986468315,0.171377435326576,0.362536638975143,0.0795237720012665,0.220942288637161,0.274739325046539,0.178366750478745,-0.272215992212296,-0.0784139484167099,0.0925939455628395,0.144498258829117,-0.127147659659386,0.669077217578888,-0.133304327726364,0.770994961261749,0.474685698747635,-0.304828971624374,-0.605434477329254,0.0521761141717434,-0.676600635051727,-0.723663866519928,-0.545519292354584,-0.298520743846893,-0.307621449232101,-0.384135693311691,-0.434506207704544,-0.01501046679914,-0.12822125852108,-0.448156297206879,-0.340088486671448,0.508895099163055,-0.292433053255081,-0.438442468643188,-0.401806384325027,-0.253985852003098,-0.418760061264038,-0.221105262637138,0.120135642588139,-0.17967027425766,-0.198418721556664,-0.383102416992188,0.0968321561813354,0.135756343603134,-0.0336385145783424,0.456524670124054,-0.313370227813721,-0.21076275408268,-0.0669818520545959,0.0219863764941692,-0.028882622718811,0.124767825007439,0.217562913894653,0.138902828097343,0.0349736474454403,-0.0625545382499695,0.192428216338158,-0.094022311270237,0.125581964850426,0.180326238274574,0.269729226827621,0.11651099473238,-0.236761808395386,0.37765821814537,0.113374032080173,-0.499659657478333,0.219754740595818,0.63214910030365,0.422615379095078,0.208057552576065,0.367092847824097,0.776951849460602,0.449270695447922,-0.324646830558777,0.419563114643097,-0.0623230561614037,0.469154238700867,0.334292471408844,0.246348083019257,-0.0675123408436775,-0.0434211194515228,0.141127422451973,0.65097588300705,0.0310201533138752,0.59125155210495,0.55379843711853,0.406773149967194,0.681065320968628,0.196639195084572,0.536834478378296,-0.243651613593102,0.470436751842499,-0.288515865802765,-0.441173613071442,0.235366150736809,-0.569802224636078,0.0945542678236961,0.229472026228905,0.486312031745911,-0.0175770949572325,-0.219041213393211,0.473175019025803,-0.0908499360084534,-0.0049722664989531,-0.166333049535751,0.434697449207306,0.142403140664101,0.365625023841858,0.0624136887490749,0.239525258541107,0.363097280263901,0.350931823253632,0.167729139328003,-0.424211531877518,0.492373049259186,-0.164496943354607,0.15383668243885,-0.434253960847855,0.235286816954613,-0.049402941018343,0.621672451496124,0.014226108789444,0.0646887496113777,0.0358934253454208,0.487980246543884,0.178674682974815,0.195498108863831,0.589273750782013,0.328660726547241,-0.0327245146036148,0.23527555167675,-0.0436678342521191,-0.450414419174194,0.270575016736984,0.677979409694672,0.0885847583413124,-0.466008484363556,0.00984613597393036,-0.388561993837357,0.159337267279625,0.0518064312636852,0.0648089349269867,0.600014567375183,-0.105454035103321,-0.327550828456879,-0.340164810419083,-0.450419753789902,0.0697833523154259,-0.637377858161926,-0.774885773658752,-0.412092179059982,-0.0805723369121552,0.174460455775261,0.0330337472259998,-0.0610584691166878,0.19906248152256,0.360009521245956,0.590486407279968,0.00964681897312403,0.675468027591705,-0.463285356760025,-0.102187536656857,0.273394614458084,0.0567707493901253,0.206104651093483,-0.0989379808306694,1,-0.553026616573334,-0.0303517412394285,-0.69648414850235,0.672499179840088,0.607576012611389,0.204802066087723,0.204499334096909,-0.0192264895886183,-0.257792353630066,0.41802778840065,-0.629024386405945,-0.60024893283844,0.657278478145599,0.128815189003944,0.19668909907341,-0.215619221329689,-0.219275280833244,0.0709905698895454,0.217018753290176,0.133959352970123,0.2291219830513,0.277720481157303,0.101255856454372,0.297517776489258,-0.116565383970737,-0.00299835368059576,0.256407797336578,0.428779304027557,-0.00552478712052107,0.730364561080933,-0.677678883075714,-0.0493730790913105,-0.047781229019165,0.254390925168991,-0.160721629858017,0.48981386423111,-0.0178084392100573,-0.533151984214783,0.0431126691401005,0.351722180843353,0.235816597938538,0.14721192419529,0.0730563551187515,-0.192263692617416,-0.66409432888031,-0.153808668255806,-0.249855205416679,-0.274168372154236,-0.103691950440407,-0.312079340219498,-0.0393102690577507,-0.040221069008112,-0.21824985742569,-0.36391419172287,-0.251997292041779,-0.169837549328804,-0.377175182104111,-0.412220180034637,-0.0346943959593773,-0.0955829545855522,-0.36162856221199,-0.286786735057831,0.375141054391861,0.0967398881912231,0.208348333835602,-0.342244356870651,0.147949576377869,-0.321670114994049,-0.314384341239929,-0.0438968054950237,0.250924378633499
0.788628935813904,-0.721168041229248,0.7435422539711,-0.618125975131989,0.325579553842545,0.0959025993943214,0.207943886518478,0.222614318132401,0.254794150590897,-0.731858134269714,0.113629505038261,-0.0734605938196182,-0.717542231082916,0.0422769337892532,-0.283858954906464,0.0361607670783997,-0.432780027389526,-0.206335932016373,-0.828603208065033,0.174435749650002,0.18675234913826,-0.276755779981613,-0.486736595630646,0.378926813602448,0.205960541963577,0.695268511772156,-0.362805724143982,0.514456331729889,-0.561626315116882,0.0261670835316181,-0.220710501074791,-0.175642475485802,-0.272286653518677,0.255776107311249,0.197488307952881,-0.16280534863472,-0.399803161621094,-0.387531012296677,-0.16848261654377,-0.369416743516922,-0.677629470825195,-0.585986137390137,0.567882120609283,-0.102676019072533,-0.895663261413574,-0.381263166666031,-0.180756524205208,-0.242061644792557,-0.453587353229523,-0.348247528076172,-0.477735459804535,-0.020797373726964,-0.469792306423187,-0.330120503902435,-0.15686771273613,-0.281204491853714,-0.444238156080246,0.00870880298316479,-0.262777000665665,-0.430805116891861,-0.488957822322845,-0.422982752323151,0.0798281654715538,-0.249111816287041,-0.472865134477615,-0.740172863006592,-0.654464364051819,-0.683067739009857,-0.585328221321106,-0.742938280105591,-0.56974869966507,-0.380910098552704,-0.762731969356537,-0.614704370498657,-0.672775149345398,-0.313371390104294,-0.449365854263306,0.401946902275085,-0.353752702474594,-0.796732008457184,-0.882788479328156,-0.130244463682175,-0.808938324451447,-0.611225545406342,-0.398578584194183,-0.652624428272247,0.43170177936554,0.106993481516838,0.0855400711297989,-0.689414143562317,-0.463660776615143,-0.728022277355194,-0.417570501565933,-0.253688812255859,-0.612812519073486,-0.667127847671509,-0.173650726675987,0.11912713944912,-0.166253387928009,0.0186795983463526,-0.614797532558441,-0.568236708641052,0.0357829481363297,-0.394558250904083,-0.342142760753632,-0.475543826818466,-0.25422602891922,-0.45206543803215,0.0737370774149895,-0.706924915313721,-0.687289237976074,-0.243181139230728,-0.631127119064331,-0.491237372159958,-0.840752899646759,-0.476472079753876,-0.379891723394394,-0.604946434497833,-0.537552118301392,-0.489213317632675,-0.483591109514236,-0.373969554901123,-0.561263978481293,-0.217673659324646,-0.69611132144928,-0.659706830978394,-0.218100905418396,-0.645548105239868,-0.548967897891998,-0.668617963790894,-0.160529896616936,-0.740841865539551,-0.474636495113373,-0.723691403865814,-0.67085337638855,-0.726489841938019,-0.540826976299286,-0.617137372493744,-0.790163218975067,-0.484254479408264,-0.634382665157318,-0.701845407485962,-0.613456964492798,-0.532054960727692,-0.247284010052681,-0.241298019886017,-0.799837350845337,-0.476355642080307,-0.796027541160583,-0.0679906457662582,-0.429077208042145,-0.467801958322525,0.354819774627686,0.515288710594177,0.725669324398041,0.021734582260251,0.267237395048141,0.908179402351379,0.272391200065613,0.836272716522217,0.652581036090851,0.326993137598038,0.429128766059875,0.919295310974121,0.561683177947998,0.499732285737991,0.0616736970841885,0.792577862739563,0.530116498470306,0.461435168981552,0.132107615470886,0.747667491436005,0.0780976712703705,0.767838656902313,0.56719559431076,-0.299812793731689,0.694094061851501,0.19465833902359,0.784709393978119,-0.553026616573334,1,0.209717810153961,0.908036470413208,0.115947812795639,0.152768075466156,0.203080758452415,0.376530230045319,-0.215171054005623,0.907492280006409,0.437574058771133,0.951355934143066,0.949167490005493,-0.0611351169645786,0.168828666210175,0.352841287851334,0.789211511611938,-0.633310616016388,-0.587381958961487,0.19553804397583,-0.537605106830597,-0.48281267285347,-0.0193431060761213,0.301155000925064,-0.712425827980042,-0.139674887061119,-0.363941669464111,-0.254940122365952,-0.0317828208208084,0.501711905002594,-0.277885913848877,0.398805648088455,0.215810149908066,-0.230280488729477,-0.24920217692852,0.291450530290604,0.000999312149360776,0.00613782880827785,0.606168925762177,0.0599858164787292,0.0123255141079426,-0.583953022956848,0.489737838506699,-0.305580884218216,-0.494970798492432,-0.0246391762048006,0.473784118890762,0.628071248531342,0.536289036273956,0.590375065803528,0.582212924957275,0.764662444591522,0.648796260356903,0.797569632530212,0.577947556972504,0.597986578941345,0.214683949947357,0.742743670940399,0.647751569747925,0.499324321746826,0.827500939369202,0.651627123355865,0.208496958017349,-0.346400618553162,0.0696152225136757,0.61869078874588,0.691851437091827,0.134302601218224,0.36154568195343,0.173268899321556,-0.204102367162704,0.546845495700836
0.0588799528777599,-0.515804886817932,-0.0852952376008034,-0.575025320053101,0.353478819131851,-0.287999093532562,0.372873425483704,-0.780396521091461,0.462631821632385,-0.707194268703461,0.240871727466583,-0.117537930607796,-0.67016476392746,-0.600716590881348,-0.584671318531036,0.14240488409996,-0.0668319836258888,-0.795888483524323,-0.600093305110931,0.478531718254089,0.155841693282127,-0.66169536113739,-0.328241616487503,0.617492377758026,0.295604407787323,-0.0909110307693481,0.170152053236961,-0.0493739992380142,-0.214703038334846,0.0417081490159035,-0.581945538520813,-0.474095195531845,-0.254823446273804,-0.596430242061615,-0.608728289604187,-0.544568777084351,-0.604119479656219,-0.604197561740875,-0.436624467372894,-0.243752524256706,-0.650851905345917,-0.673879146575928,-0.408005177974701,-0.468351483345032,-0.26054710149765,-0.572520792484283,-0.608344376087189,-0.643360435962677,-0.601106345653534,-0.470300823450089,-0.515539050102234,-0.314630299806595,-0.538600862026215,-0.728569805622101,-0.389498353004456,0.0322708860039711,-0.0817151144146919,-0.0446090772747993,-0.0484847910702229,-0.550443291664124,-0.501813650131226,-0.0107477447018027,0.446615964174271,0.0339554436504841,0.0708463788032532,-0.510819673538208,-0.409751147031784,-0.669300138950348,-0.49444192647934,-0.468636095523834,-0.659794688224792,-0.182022228837013,-0.56727010011673,-0.556172549724579,-0.579579472541809,-0.562197804450989,0.102147959172726,0.27977392077446,-0.259601175785065,-0.188348069787025,-0.349162608385086,0.608384013175964,-0.538383781909943,-0.410740464925766,-0.177582040429115,-0.293594568967819,0.664138376712799,0.694941580295563,-0.0175192672759295,-0.075520858168602,-0.490302741527557,-0.370671510696411,-0.296797066926956,-0.368305712938309,-0.0923520624637604,0.0293635725975037,-0.751517057418823,0.5345259308815,0.364229053258896,0.744707822799683,-0.374471664428711,-0.3284050822258,0.526420414447784,-0.243204370141029,-0.228441804647446,-0.425442636013031,-0.454141527414322,-0.11891683191061,-0.375374555587769,-0.584919512271881,-0.587337613105774,0.140296444296837,-0.388158410787582,-0.36767253279686,-0.358571410179138,-0.605938792228699,0.00849418994039297,-0.587175726890564,0.130278691649437,-0.586560130119324,-0.0412721447646618,0.204631894826889,-0.319302082061768,0.224059268832207,-0.608331084251404,-0.502001047134399,-0.564713656902313,-0.473292738199234,-0.565351843833923,-0.429363965988159,-0.789904117584229,-0.192849323153496,-0.562907457351685,-0.203718110918999,-0.66116726398468,-0.502750098705292,-0.53670871257782,-0.101330198347569,-0.695618450641632,-0.179959669709206,-0.670001447200775,-0.304724037647247,-0.437617003917694,-0.600446045398712,-0.0278062857687473,-0.590985536575317,-0.667249441146851,0.147534102201462,-0.437291771173477,-0.301987200975418,-0.411383420228958,-0.135230824351311,0.559779465198517,0.751262485980988,0.0416261479258537,0.474253565073013,0.944922387599945,0.521218955516815,0.913878738880157,0.634706974029541,0.49505877494812,0.721819818019867,0.523440182209015,0.38782125711441,0.870272517204285,0.733572542667389,0.870417952537537,0.00788731873035431,0.128802701830864,0.201558962464333,0.59741348028183,0.109335884451866,0.383434325456619,0.731670022010803,0.0103912083432078,0.620638847351074,0.45208266377449,0.608437061309814,0.0086826104670763,-0.0303517412394285,0.209717810153961,1,0.186643794178963,0.318108141422272,0.50457227230072,0.868115663528442,0.624613463878632,0.640541315078735,0.419762909412384,0.274917453527451,0.367440938949585,0.317176789045334,0.315076619386673,0.698596179485321,0.813218712806702,-0.109860144555569,-0.0842569917440414,0.152451291680336,0.700848758220673,-0.501389801502228,-0.108639068901539,-0.266792505979538,0.703100204467773,-0.599189102649689,0.479529738426208,-0.627970039844513,0.775432407855988,0.765021562576294,0.130831450223923,0.368603348731995,-0.104889810085297,0.736546218395233,-0.192655563354492,0.271123439073563,0.124697424471378,0.461813241243362,0.0958200991153717,0.184333637356758,0.0701641067862511,0.016259865835309,0.254997551441193,-0.244054242968559,-0.60961526632309,-0.295903027057648,-0.133168295025826,0.720891118049622,-0.273764073848724,-0.290700793266296,-0.182093769311905,-0.16418944299221,0.0675166547298431,-0.0839535593986511,-0.149335563182831,-0.327674746513367,-0.38325622677803,-0.361499905586243,-0.20181679725647,-0.247157081961632,-0.374770045280457,-0.0231226496398449,-0.288307934999466,0.425556004047394,-0.439967155456543,0.0693588405847549,0.426987290382385,0.265409469604492,0.634519994258881,-0.347274869680405,-0.37630495429039,-0.531693637371063,-0.0144935203716159
0.629396080970764,-0.523305535316467,0.536578238010406,-0.475379526615143,0.369741350412369,-0.00832347944378853,-0.018034715205431,0.27967780828476,0.0256013087928295,-0.562196791172028,-0.0739739015698433,-0.224497526884079,-0.625392913818359,0.0187596324831247,-0.134538874030113,-0.136581584811211,-0.491315066814423,-0.0506740435957909,-0.636544764041901,-0.0378957465291023,0.0458281077444553,-0.0257415547966957,-0.285153776407242,0.154572516679764,-0.0404525175690651,0.560456335544586,-0.508494853973389,0.380658388137817,-0.692922532558441,-0.186875090003014,-0.127240881323814,0.113933958113194,-0.31872883439064,0.306231439113617,0.322138071060181,0.0721346810460091,-0.164572313427925,-0.178636536002159,-0.0350102111697197,-0.0698485150933266,-0.471316605806351,-0.418175369501114,0.46105620265007,-0.106655314564705,-0.768188953399658,-0.158216625452042,0.0022804259788245,-0.0374777056276798,-0.227166026830673,-0.0421810299158096,-0.255692780017853,0.106717869639397,-0.242570355534554,-0.183823257684708,-0.0174225326627493,-0.41167351603508,-0.476720869541168,-0.175721049308777,-0.387042939662933,-0.374485552310944,-0.35199847817421,-0.26382714509964,-0.174920380115509,-0.341716170310974,-0.508802473545074,-0.555033624172211,-0.476088583469391,-0.486952781677246,-0.329704254865646,-0.605530321598053,-0.297864764928818,-0.391061335802078,-0.588732123374939,-0.47651195526123,-0.583817183971405,-0.156932145357132,-0.495110303163528,0.171554774045944,-0.00102791283279657,-0.55992990732193,-0.845799386501312,-0.285607904195786,-0.595155894756317,-0.560408532619476,-0.557175517082214,-0.678680419921875,0.303936004638672,-0.126257106661797,-0.0798201262950897,-0.688845813274384,-0.451941788196564,-0.634554445743561,-0.358141511678696,-0.0811050608754158,-0.392820537090302,-0.740905404090881,-0.0476568937301636,-0.0690755173563957,-0.209108576178551,-0.173899903893471,-0.75781387090683,-0.450526565313339,-0.140366405248642,-0.0875864923000336,-0.578785359859467,-0.288308292627335,-0.000745475525036454,-0.292613923549652,0.147030934691429,-0.532210230827332,-0.576518058776855,-0.423381090164185,-0.399881571531296,-0.222663566470146,-0.688314497470856,-0.303162515163422,-0.315496414899826,-0.459651619195938,-0.576969683170319,-0.606208384037018,-0.598791241645813,-0.319343119859695,-0.486234337091446,-0.316188335418701,-0.666698276996613,-0.558723926544189,-0.000457782298326492,-0.64214962720871,-0.306677132844925,-0.540252506732941,-0.0299525316804647,-0.610515058040619,-0.266662061214447,-0.571195840835571,-0.469385236501694,-0.52312308549881,-0.372802197933197,-0.518473744392395,-0.656979620456696,-0.434441059827805,-0.655718505382538,-0.473906487226486,-0.327968627214432,-0.337517976760864,-0.050935298204422,-0.00116921553853899,-0.704091668128967,-0.64739066362381,-0.559560775756836,0.11065636575222,-0.123404838144779,-0.273530393838882,0.258445143699646,0.403848081827164,0.502365171909332,-0.182989075779915,0.18768635392189,0.752842664718628,0.260002106428146,0.723726570606232,0.459272116422653,0.504561901092529,0.621106386184692,0.769001185894012,0.401298433542252,0.269298672676086,0.0170523319393396,0.568447828292847,0.394367843866348,0.234902858734131,-0.0434295870363712,0.534364759922028,-0.0899293720722198,0.667137384414673,0.370114415884018,-0.229379698634148,0.501058042049408,0.0779355466365814,0.592604279518127,-0.69648414850235,0.908036470413208,0.186643794178963,1,-0.0373061113059521,0.0121909705922008,0.0848595201969147,0.301330357789993,-0.218425109982491,0.753795087337494,0.219957411289215,0.881436765193939,0.840648889541626,-0.348672449588776,0.0302838739007711,0.186967015266418,0.669710755348206,-0.426571756601334,-0.622781455516815,-0.117317847907543,-0.486426711082458,-0.33536571264267,-0.166542336344719,0.0828162431716919,-0.647561073303223,-0.137090757489204,-0.256221324205399,-0.392879098653793,-0.26616844534874,0.227734535932541,-0.483124434947968,0.577184200286865,0.0201724264770746,-0.142436489462852,-0.402087271213531,0.282732754945755,-0.248685032129288,0.109548643231392,0.6149622797966,-0.103256195783615,-0.103848122060299,-0.539757788181305,0.431243389844894,-0.250476151704788,-0.292234718799591,0.325686782598495,0.386113077402115,0.57058310508728,0.487127482891083,0.476082295179367,0.596465528011322,0.626407861709595,0.530239164829254,0.633807003498077,0.543095648288727,0.507079243659973,0.275614589452744,0.633119165897369,0.639962375164032,0.398838043212891,0.626775622367859,0.643250584602356,0.39668145775795,-0.258607447147369,0.0499712452292442,0.494910299777985,0.458953768014908,-0.0825462862849236,0.438458472490311,0.38262951374054,-0.102312594652176,0.436322748661041
0.51040905714035,-0.573959410190582,0.443530917167664,-0.453936040401459,-0.187240391969681,-0.234158113598824,0.23415119946003,-0.398872673511505,0.364786714315414,-0.485462486743927,0.141366422176361,-0.189958289265633,-0.594265699386597,-0.793811976909637,-0.249233260750771,0.0912623777985573,-0.0564410351216793,-0.0578509084880352,-0.452584147453308,0.33434647321701,0.327386170625687,-0.657392084598541,-0.501622080802917,0.361065477132797,0.375368237495422,0.318835645914078,0.420687854290009,0.192644715309143,0.266271114349365,0.485319048166275,-0.582185864448547,-0.770557522773743,-0.385981261730194,-0.667293906211853,-0.778128862380981,-0.755389750003815,-0.677601873874664,-0.742298305034637,-0.549589276313782,-0.668258130550385,-0.597515344619751,-0.737364053726196,-0.270930409431458,-0.712550342082977,-0.0836606919765472,-0.666311621665955,-0.682411849498749,-0.661706745624542,-0.658227026462555,-0.692438721656799,-0.563864767551422,0.0733502879738808,-0.628579139709473,-0.563771903514862,-0.600454688072205,-0.346015810966492,-0.378411561250687,-0.228653937578201,0.208052232861519,-0.849201738834381,-0.76775187253952,-0.376255363225937,0.0362945273518562,-0.497367948293686,-0.274980455636978,-0.439775496721268,-0.361219614744186,-0.602230370044708,-0.445423066616058,-0.442732810974121,-0.619135081768036,-0.251793265342712,-0.457020282745361,-0.376947045326233,-0.548862159252167,-0.597000122070312,0.0765204951167107,0.346954017877579,-0.756393134593964,-0.29194250702858,-0.0192721504718065,0.372273653745651,-0.488310277462006,-0.169648051261902,0.411777913570404,-0.0602845400571823,0.0457214117050171,0.640704810619354,-0.247275531291962,-0.0886222347617149,-0.114053882658482,-0.442037463188171,-0.578712046146393,-0.0500667579472065,-0.0399687960743904,0.0660879909992218,-0.227006942033768,0.709245085716248,0.818836688995361,0.510584771633148,0.0594359077513218,-0.311293601989746,0.776738107204437,-0.349014759063721,0.169737696647644,-0.577218770980835,-0.6715167760849,0.198536977171898,-0.611953854560852,-0.546341001987457,-0.414186805486679,0.220438092947006,-0.601478159427643,-0.593200385570526,-0.138995751738548,-0.618750870227814,-0.275236129760742,-0.766720712184906,-0.0756268575787544,-0.351282685995102,-0.0730423033237457,-0.305815935134888,-0.295041680335999,0.196298092603683,-0.307933479547501,-0.440819174051285,-0.662207245826721,-0.125460162758827,-0.643774032592773,-0.569482028484344,-0.818178296089172,-0.413793742656708,-0.57554966211319,0.0804938822984695,-0.588800430297852,-0.621483445167542,-0.396160662174225,-0.0883256942033768,-0.515608310699463,-0.284191429615021,-0.037640243768692,-0.253919154405594,-0.546915233135223,-0.2867571413517,-0.255773603916168,-0.745549142360687,-0.40400493144989,0.538398206233978,-0.516908645629883,-0.578747272491455,-0.375961482524872,-0.809629917144775,0.588822782039642,0.697840094566345,0.643901705741882,0.799611032009125,0.152163133025169,0.391627460718155,-0.0653546452522278,0.269741594791412,0.741764545440674,-0.205490678548813,-0.343472272157669,0.264669924974442,0.485911875963211,0.693697512149811,0.135625004768372,0.534044802188873,0.738794028759003,0.797337770462036,0.933248996734619,0.570094704627991,0.963851988315582,0.208350166678429,0.346735030412674,0.246491029858589,0.713269472122192,0.503966569900513,0.462702333927155,0.672499179840088,0.115947812795639,0.318108141422272,-0.0373061113059521,1,0.973977088928223,0.424315452575684,0.761974453926086,-0.0979432240128517,0.445015788078308,0.911574125289917,0.0330027639865875,0.0462189912796021,0.764504432678223,0.237972974777222,0.718321621417999,0.300333887338638,-0.666170060634613,-0.375064134597778,0.39335972070694,-0.388475000858307,-0.214869424700737,-0.00531868543475866,0.257854670286179,-0.328995019197464,0.107131324708462,-0.476878434419632,0.196412146091461,0.537030339241028,0.165454372763634,0.798476457595825,-0.446825265884399,0.0719040036201477,-0.135910674929619,0.0462161861360073,0.104688286781311,0.727635145187378,0.231016904115677,-0.153754711151123,0.121680848300457,0.587175309658051,-0.188747182488441,0.515851378440857,-0.240264192223549,-0.495022654533386,-0.622113704681396,0.502757608890533,0.129165098071098,0.00514507014304399,0.155745163559914,-0.0278142988681793,0.497785925865173,0.366341292858124,0.260134726762772,-0.0949873104691505,0.036635547876358,-0.0937095209956169,-0.0889200195670128,-0.0953339189291,0.154328688979149,0.42935174703598,-0.0309845339506865,-0.176531210541725,0.132397532463074,0.06772530823946,0.775217592716217,-0.0884064808487892,0.464572459459305,-0.271382361650467,-0.344687342643738,-0.185904681682587,0.731783151626587
0.485235512256622,-0.652167320251465,0.406528413295746,-0.491994291543961,-0.101157240569592,-0.289551645517349,0.281186312437057,-0.531531631946564,0.404339909553528,-0.615479171276093,0.160946607589722,-0.240321964025497,-0.704110741615295,-0.874704778194427,-0.38606858253479,0.089603379368782,-0.0940687879920006,-0.240775778889656,-0.524448156356812,0.407780528068542,0.302011847496033,-0.736061751842499,-0.583814918994904,0.446928411722183,0.32731357216835,0.30204451084137,0.39376774430275,0.171341270208359,0.16749233007431,0.424747258424759,-0.661254703998566,-0.787078559398651,-0.44546240568161,-0.729761004447937,-0.819146871566772,-0.813477277755737,-0.752878844738007,-0.807065427303314,-0.59069150686264,-0.646537959575653,-0.707181096076965,-0.821885406970978,-0.335037142038345,-0.742563426494598,-0.149977251887321,-0.739512383937836,-0.730174362659454,-0.732319474220276,-0.716836452484131,-0.723348736763,-0.601883172988892,0.0607671067118645,-0.667882263660431,-0.652159869670868,-0.622104525566101,-0.308337509632111,-0.382813215255737,-0.236162319779396,0.148802638053894,-0.876066327095032,-0.805693328380585,-0.394950419664383,0.101756319403648,-0.470152765512466,-0.26293084025383,-0.523847341537476,-0.454995602369308,-0.688789904117584,-0.476142525672913,-0.543049275875092,-0.700500667095184,-0.293822735548019,-0.56018078327179,-0.482177644968033,-0.643047392368317,-0.648741662502289,0.0426359735429287,0.388289272785187,-0.74179869890213,-0.344297051429749,-0.0997278913855553,0.444391518831253,-0.551619946956635,-0.276187509298325,0.336732298135757,-0.133825495839119,0.170326828956604,0.743039846420288,-0.226383879780769,-0.126481115818024,-0.270772874355316,-0.502584278583527,-0.611738562583923,-0.127717658877373,-0.0642777904868126,0.0727954357862473,-0.323818773031235,0.755726516246796,0.792751729488373,0.610942959785461,-0.0142467590048909,-0.408554524183273,0.788013339042664,-0.409426212310791,0.152764961123466,-0.604272723197937,-0.700924813747406,0.154379323124886,-0.643964350223541,-0.643808364868164,-0.529837191104889,0.226007044315338,-0.651890754699707,-0.596774816513062,-0.236217707395554,-0.641615867614746,-0.292411029338837,-0.839752554893494,-0.0775738060474396,-0.49806672334671,-0.110752880573273,-0.255509465932846,-0.378193408250809,0.203278332948685,-0.365037113428116,-0.549521863460541,-0.698369145393372,-0.206108212471008,-0.68920361995697,-0.619387865066528,-0.915697693824768,-0.443775743246078,-0.615242540836334,0.0189443305134773,-0.699307084083557,-0.682870090007782,-0.447346180677414,-0.0941016525030136,-0.618391454219818,-0.295460671186447,-0.141403362154961,-0.281641334295273,-0.614454686641693,-0.396659076213837,-0.295791238546371,-0.793108522891998,-0.530855059623718,0.504382729530334,-0.583672285079956,-0.586439788341522,-0.407051146030426,-0.738666951656342,0.707753300666809,0.800163626670837,0.602516055107117,0.86411714553833,0.334388017654419,0.471282660961151,0.139838814735413,0.382679492235184,0.783462643623352,-0.0384930931031704,-0.205197349190712,0.336963176727295,0.630195438861847,0.783008694648743,0.290742814540863,0.49120706319809,0.684811890125275,0.800658881664276,0.982477068901062,0.550085365772247,0.971957206726074,0.338836878538132,0.342776447534561,0.364996433258057,0.762912392616272,0.588832020759583,0.430256307125092,0.607576012611389,0.152768075466156,0.50457227230072,0.0121909705922008,0.973977088928223,1,0.561226606369019,0.788616716861725,0.00783079490065575,0.492679923772812,0.89179253578186,0.0974256321787834,0.102938190102577,0.725209772586823,0.370453923940659,0.815417587757111,0.25696074962616,-0.614677786827087,-0.277558743953705,0.511251270771027,-0.401563107967377,-0.149587869644165,0.012972317636013,0.408606946468353,-0.381591856479645,0.192908018827438,-0.518239378929138,0.329951554536819,0.632158041000366,0.137660562992096,0.784462094306946,-0.413091778755188,0.225921541452408,-0.103892706334591,0.0817596837878227,0.175052374601364,0.71471381187439,0.289193451404572,-0.0801492556929588,0.0733138099312782,0.512766182422638,-0.0871104598045349,0.418668329715729,-0.311583191156387,-0.549127519130707,-0.575751543045044,0.586901962757111,0.0347499810159206,-0.0887502282857895,0.0548132695257664,-0.0909149795770645,0.436431080102921,0.275826245546341,0.169387727975845,-0.18840180337429,-0.090277224779129,-0.226739466190338,-0.147971421480179,-0.180758953094482,0.056191872805357,0.368654072284698,-0.117789067327976,-0.0941038504242897,-0.00805213488638401,0.0169050879776478,0.821990251541138,-0.0314834602177143,0.56470513343811,-0.310666412115097,-0.427725911140442,-0.314312219619751,0.637918293476105
0.0480232425034046,-0.66709840297699,0.00459664827212691,-0.76255989074707,0.506039440631866,0.0764948278665543,0.692764639854431,-0.749505460262299,0.788369476795197,-0.673612594604492,0.61769163608551,0.161028489470482,-0.560057520866394,-0.509924471378326,-0.572850286960602,0.510715961456299,0.300257235765457,-0.672845304012299,-0.619593262672424,0.790672838687897,0.487040847539902,-0.565398514270782,-0.25354340672493,0.849605560302734,0.467997819185257,0.0557467117905617,0.541688323020935,0.16840273141861,0.200490608811378,0.438348054885864,-0.784126102924347,-0.761942446231842,0.112737111747265,-0.780648052692413,-0.771543204784393,-0.768305122852325,-0.781846642494202,-0.745531976222992,-0.746783137321472,-0.604433298110962,-0.629775166511536,-0.70223194360733,-0.196960970759392,-0.54378205537796,-0.126586362719536,-0.743371665477753,-0.86455225944519,-0.882175207138062,-0.822902262210846,-0.744562447071075,-0.816433370113373,-0.466328799724579,-0.735703706741333,-0.903912484645844,-0.662537693977356,0.316404819488525,0.218226417899132,0.270303398370743,0.358821094036102,-0.632290840148926,-0.607386708259583,0.141039788722992,0.622395038604736,0.309546560049057,0.273033648729324,-0.337620496749878,-0.243834555149078,-0.697191715240479,-0.75957053899765,-0.308594077825546,-0.719718158245087,0.107886150479317,-0.438047558069229,-0.310392409563065,-0.54567015171051,-0.768854200839996,0.397503048181534,0.545296430587769,-0.525006890296936,-0.164209827780724,-0.142992913722992,0.866805851459503,-0.488370597362518,-0.089675173163414,0.235588490962982,-0.0268653612583876,0.682997167110443,0.632072746753693,0.300419330596924,0.218183651566505,-0.153250798583031,-0.136541932821274,-0.0512652285397053,-0.693420231342316,-0.423160314559937,0.332224607467651,-0.650130927562714,0.839931428432465,0.353670448064804,0.930534482002258,-0.0269258730113506,-0.0754352957010269,0.725262701511383,-0.367940217256546,-0.189925253391266,-0.763256311416626,-0.748472213745117,-0.442388653755188,-0.657813310623169,-0.450013548135757,-0.354956895112991,0.513183772563934,-0.270453453063965,-0.658115029335022,-0.204277321696281,-0.716357827186584,0.192705094814301,-0.556950747966766,0.449152439832687,-0.423663169145584,0.283533900976181,0.436641573905945,-0.00820180680602789,0.5585857629776,-0.6033695936203,-0.279354482889175,-0.847240149974823,-0.164637416601181,-0.76289039850235,-0.251036614179611,-0.74895316362381,0.0012237896444276,-0.650714933872223,-0.0139019750058651,-0.628261387348175,-0.427541464567184,-0.759312450885773,0.194191932678223,-0.675171792507172,0.0885998606681824,-0.505802929401398,-0.14666023850441,-0.439721792936325,-0.506346642971039,0.178318277001381,-0.811812818050385,-0.616589665412903,0.266186833381653,-0.416880369186401,-0.610767066478729,-0.324722856283188,-0.414935439825058,0.359795302152634,0.603700399398804,0.137022197246552,0.431214421987534,0.91092187166214,0.488976895809174,0.73894065618515,0.47508242726326,0.431781768798828,0.402528434991837,0.161765322089195,0.380925208330154,0.792966783046722,0.79281747341156,0.938088357448578,0.0988495200872421,0.306049257516861,0.224383130669594,0.626593470573425,0.271886259317398,0.41683554649353,0.604099452495575,-0.161813095211983,0.658873796463013,0.43208521604538,0.744048893451691,0.159198597073555,0.204802066087723,0.203080758452415,0.868115663528442,0.0848595201969147,0.424315452575684,0.561226606369019,1,0.679720759391785,0.698638319969177,0.47991219162941,0.386785358190536,0.362128376960754,0.330500870943069,0.540107369422913,0.647690057754517,0.763471603393555,0.0671928972005844,-0.248691216111183,0.0264675077050924,0.727474331855774,-0.638629078865051,-0.0712322145700455,-0.0875063166022301,0.842927038669586,-0.614709973335266,0.184372693300247,-0.532185614109039,0.767258763313293,0.865057945251465,0.359543859958649,0.432644605636597,-0.126713499426842,0.824127018451691,-0.562524735927582,0.524283468723297,0.100430190563202,0.508746027946472,-0.161063492298126,0.240809634327888,-0.0140595808625221,-0.12927220761776,0.299059867858887,-0.193222045898438,-0.78453403711319,-0.301858246326447,-0.511832714080811,0.535790324211121,-0.261339604854584,-0.280547469854355,0.11401829123497,-0.0917898714542389,0.302324742078781,0.0942556038498878,0.051686130464077,-0.289851635694504,-0.243409693241119,-0.244520947337151,-0.0130529683083296,-0.134124115109444,-0.272139638662338,0.201988980174065,-0.21661588549614,0.437016189098358,-0.382520496845245,0.451153874397278,0.457176953554153,0.376970767974854,0.537561595439911,-0.384052187204361,-0.260410517454147,-0.669626772403717,0.204053163528442
0.5074263215065,-0.630353808403015,0.335816115140915,-0.822403967380524,0.280291229486465,-0.0756702050566673,0.4284787774086,-0.393517553806305,0.597400844097137,-0.621858775615692,0.34272301197052,0.0656677335500717,-0.70679098367691,-0.673072814941406,-0.149272099137306,0.292411774396896,0.0345801338553429,-0.192928656935692,-0.735540866851807,0.458487391471863,0.538763403892517,-0.611918926239014,-0.291971147060394,0.627508401870728,0.648377060890198,0.267279803752899,0.387258648872375,0.313735544681549,0.0499208010733128,0.487857550382614,-0.704289615154266,-0.691679835319519,-0.189597263932228,-0.639495193958282,-0.721524477005005,-0.675582885742188,-0.730282962322235,-0.803287863731384,-0.641531884670258,-0.627437353134155,-0.63331937789917,-0.837380528450012,-0.115755245089531,-0.808624744415283,-0.204648673534393,-0.708357334136963,-0.810422360897064,-0.759837985038757,-0.801921904087067,-0.686840951442719,-0.749546885490417,-0.386239588260651,-0.81938374042511,-0.824519515037537,-0.687378704547882,-0.241949245333672,-0.224396198987961,-0.0285816118121147,0.252720564603806,-0.909138560295105,-0.854484081268311,0.00190510903485119,0.318907171487808,-0.278097659349442,-0.0557569600641727,-0.506346940994263,-0.257719099521637,-0.805164456367493,-0.703337907791138,-0.424508512020111,-0.749671816825867,-0.0887683853507042,-0.511328458786011,-0.495843142271042,-0.715704083442688,-0.798971116542816,0.263949930667877,0.423983752727509,-0.58096307516098,-0.21807074546814,-0.27229031920433,0.553011894226074,-0.685587108135223,-0.177450090646744,0.11757754534483,-0.144580036401749,0.50480729341507,0.50292432308197,-0.0926678776741028,-0.0642270445823669,-0.0937893018126488,-0.447250187397003,-0.389162093400955,-0.257621943950653,-0.174355655908585,-0.115538142621517,-0.534235119819641,0.66962468624115,0.782061636447906,0.655283510684967,-0.310964345932007,-0.175058603286743,0.852099120616913,-0.0700496807694435,-0.320051938295364,-0.66740095615387,-0.69496351480484,-0.0517403073608875,-0.572631597518921,-0.570228457450867,-0.468406498432159,0.200526759028435,-0.493811339139938,-0.725677847862244,-0.256164908409119,-0.934580624103546,0.0624118857085705,-0.723971784114838,0.0172611065208912,-0.396913677453995,0.0175172667950392,-0.0133726252242923,-0.18891878426075,0.349715739488602,-0.816503763198853,-0.395767033100128,-0.790529191493988,-0.378085196018219,-0.82181042432785,-0.64132696390152,-0.79751181602478,-0.343361735343933,-0.841993153095245,-0.147394433617592,-0.660050451755524,-0.677614510059357,-0.752174258232117,-0.206130251288414,-0.767307758331299,-0.238348811864853,-0.624773740768433,-0.391265600919724,-0.513430655002594,-0.528943479061127,0.110434770584106,-0.79616242647171,-0.639162838459015,0.374956548213959,-0.513458490371704,-0.589632332324982,-0.425811409950256,-0.772565543651581,0.384387254714966,0.803116381168365,0.533933579921722,0.450943470001221,0.515313565731049,0.62904942035675,0.343342453241348,0.583672344684601,0.74937117099762,0.331868976354599,0.139216423034668,0.497464597225189,0.731958985328674,0.827471137046814,0.517389535903931,0.486889183521271,0.766145408153534,0.475583463907242,0.767854571342468,0.562392830848694,0.650130569934845,0.626185715198517,0.122151784598827,0.420478403568268,0.691913485527039,0.694123685359955,0.47857728600502,0.204499334096909,0.376530230045319,0.624613463878632,0.301330357789993,0.761974453926086,0.788616716861725,0.679720759391785,1,0.350778996944427,0.674410998821259,0.74545955657959,0.462588250637054,0.43337470293045,0.687728762626648,0.272262811660767,0.873012006282806,0.370873838663101,-0.530389547348022,-0.443386435508728,0.431542694568634,-0.857758462429047,-0.481696993112564,-0.460166275501251,0.380424827337265,-0.782930791378021,0.318764179944992,-0.734586000442505,0.386514544487,0.640946686267853,0.274091958999634,0.620161473751068,-0.095023475587368,0.355524748563766,-0.51065719127655,0.215484946966171,0.111421369016171,0.7327840924263,0.0680253133177757,0.184414565563202,0.141302645206451,0.344543695449829,-0.191093325614929,0.258769631385803,-0.712038159370422,-0.232946112751961,-0.440997838973999,0.819024741649628,0.123352728784084,0.0280551146715879,0.312494069337845,0.10107284039259,0.640471041202545,0.42944610118866,0.400512009859085,-0.0166900977492332,0.108152277767658,0.0693745017051697,0.0654021203517914,0.118165113031864,-0.0465813726186752,0.502262353897095,0.0707678645849228,0.208237290382385,-0.114126309752464,0.40610682964325,0.654588460922241,0.102244444191456,0.535662889480591,-0.362133413553238,-0.154655262827873,-0.333520352840424,0.687553882598877
-0.406989276409149,-0.0309003107249737,-0.473243713378906,-0.415849924087524,0.603686332702637,0.269747018814087,0.585517346858978,-0.495162457227707,0.617782294750214,-0.100832737982273,0.594452261924744,0.538105845451355,0.0274007134139538,-0.1291833370924,-0.0346912741661072,0.589643120765686,0.59759533405304,-0.425009548664093,-0.15828301012516,0.565937280654907,0.462928295135498,-0.13419845700264,0.278184831142426,0.610939502716064,0.469704657793045,-0.362285882234573,0.551561236381531,0.019544430077076,0.274177104234695,0.332389622926712,-0.461415618658066,-0.291001498699188,0.50129359960556,-0.535940229892731,-0.468761503696442,-0.317755341529846,-0.324980437755585,-0.305317670106888,-0.458411872386932,-0.161215543746948,-0.0165080409497023,-0.160721942782402,-0.181908950209618,-0.321604490280151,0.333527654409409,-0.30874240398407,-0.53941684961319,-0.497636675834656,-0.390064209699631,-0.291202008724213,-0.403940767049789,-0.811774969100952,-0.394841998815536,-0.60444563627243,-0.424545466899872,0.590496599674225,0.634031057357788,0.511305928230286,0.490947872400284,-0.0732218623161316,-0.15786674618721,0.701776027679443,0.740821182727814,0.631819128990173,0.759706616401672,0.161222666501999,0.342639297246933,-0.228244036436081,-0.386242896318436,0.272356063127518,-0.269093215465546,0.546705424785614,0.143015787005424,0.0254193283617496,-0.093268521130085,-0.502363204956055,0.734623074531555,0.273672372102737,-0.00154300173744559,0.374912172555923,0.223859935998917,0.802302181720734,-0.0268773715943098,0.336103677749634,0.149869367480278,0.379046201705933,0.682948589324951,0.172021135687828,0.428888291120529,0.602891445159912,0.205750435590744,0.374958485364914,0.480195879936218,-0.55043351650238,-0.113750174641609,0.467563509941101,-0.550210058689117,0.372539073228836,0.228353187441826,0.713249087333679,0.0837368592619896,0.400916516780853,0.493156760931015,0.235400304198265,-0.237958788871765,-0.242203041911125,-0.373453438282013,-0.336392849683762,-0.393875896930695,0.137786701321602,0.167374670505524,0.530868530273438,0.293484747409821,-0.29499340057373,0.207684218883514,-0.440383195877075,0.727015852928162,0.125349745154381,0.683201432228088,0.104533866047859,0.647334575653076,0.801284968852997,0.449765354394913,0.680093467235565,-0.391828805208206,0.293890774250031,-0.521918058395386,0.106097549200058,-0.338921427726746,0.166946649551392,-0.27479287981987,0.505361318588257,-0.421333700418472,0.0910869017243385,-0.0657787322998047,0.101071327924728,-0.5184326171875,0.339088290929794,-0.1568643450737,0.456608444452286,-0.465858519077301,0.144993498921394,0.048802625387907,-0.319649040699005,0.530808508396149,-0.422300696372986,-0.113222196698189,0.36331045627594,0.205891773104668,-0.396921098232269,-0.0475262962281704,0.0838292613625526,-0.235625639557838,0.112511903047562,-0.421138226985931,-0.0974839180707932,0.717892229557037,-0.00906889420002699,0.66148430109024,0.0939136445522308,-0.131115958094597,0.506798028945923,0.231976851820946,-0.0475095957517624,0.378042608499527,0.32630130648613,0.869844615459442,-0.409572780132294,-0.0997206047177315,-0.448264420032501,0.0939197167754173,-0.237112164497375,-0.149109959602356,0.319845795631409,-0.622750520706177,0.727087438106537,-0.166846483945847,0.557940900325775,-0.296581983566284,-0.0192264895886183,-0.215171054005623,0.640541315078735,-0.218425109982491,-0.0979432240128517,0.00783079490065575,0.698638319969177,0.350778996944427,1,-0.0204232204705477,-0.187004581093788,0.0806030929088593,0.050057016313076,0.336983859539032,0.266598224639893,0.383524626493454,-0.313116937875748,0.401897966861725,0.411718755960464,0.43850913643837,-0.474165171384811,-0.0119769535958767,-0.395276606082916,0.511637330055237,-0.325898259878159,0.454464703798294,-0.281622350215912,0.836773633956909,0.669159352779388,0.0447278991341591,0.273804128170013,0.0611749701201916,0.726941525936127,-0.569066941738129,0.745136141777039,-0.0242908652871847,0.325999110937119,-0.246579989790916,0.181577816605568,-0.0382820963859558,-0.372775077819824,0.584958136081696,-0.742135286331177,-0.758726060390472,0.401652157306671,-0.200422018766403,0.334350317716599,-0.592859923839569,-0.521405220031738,-0.159161657094955,-0.368836313486099,-0.162721827626228,-0.328252106904984,-0.29754450917244,-0.488651394844055,-0.45346212387085,-0.20294751226902,-0.30545374751091,-0.312416344881058,-0.702461242675781,-0.279007256031036,-0.482584118843079,0.359853088855743,-0.382725983858109,0.547217309474945,-0.274915307760239,0.0443786457180977,0.403149217367172,-0.619963228702545,-0.191491469740868,-0.496685028076172,-0.301528811454773
0.852699816226959,-0.898766756057739,0.796103298664093,-0.788555800914764,0.416796684265137,0.144734442234039,0.469310194253922,0.00748059106990695,0.539401888847351,-0.875295102596283,0.347435653209686,0.0483356118202209,-0.860195100307465,-0.288470387458801,-0.314418882131577,0.265107750892639,-0.233191981911659,-0.272975862026215,-0.942295908927917,0.463950514793396,0.458517909049988,-0.491363078355789,-0.629626870155334,0.650554597377777,0.393641233444214,0.75358909368515,-0.0160708464682102,0.642018675804138,-0.339532464742661,0.338597744703293,-0.567145586013794,-0.507485628128052,-0.249000623822212,-0.130906268954277,-0.18474780023098,-0.537423551082611,-0.729037284851074,-0.733743607997894,-0.508477687835693,-0.654074788093567,-0.852180182933807,-0.856049537658691,0.454719185829163,-0.463094770908356,-0.755465507507324,-0.714196920394897,-0.550407886505127,-0.599253058433533,-0.767466962337494,-0.668224334716797,-0.744839310646057,-0.191536769270897,-0.781259298324585,-0.660089194774628,-0.517687737941742,-0.18628054857254,-0.357865840196609,0.11628794670105,0.00383716030046344,-0.685122311115265,-0.800228595733643,-0.366278052330017,0.296008199453354,-0.259510040283203,-0.31184321641922,-0.790845334529877,-0.641712427139282,-0.910634696483612,-0.773741781711578,-0.793598711490631,-0.824497640132904,-0.250748813152313,-0.821830868721008,-0.713699400424957,-0.877409815788269,-0.659615159034729,-0.193176925182343,0.643027663230896,-0.631272673606873,-0.79071170091629,-0.72621351480484,0.210913196206093,-0.91779100894928,-0.513289749622345,-0.118695840239525,-0.464704960584641,0.603003561496735,0.34049516916275,0.170465722680092,-0.50181633234024,-0.437595307826996,-0.725891292095184,-0.441706091165543,-0.429857701063156,-0.655603289604187,-0.437070161104202,-0.28091287612915,0.456554353237152,0.192170351743698,0.37604758143425,-0.455239146947861,-0.569244265556335,0.440524101257324,-0.443453252315521,-0.215567871928215,-0.698754012584686,-0.606321334838867,-0.467664062976837,-0.295904695987701,-0.804880678653717,-0.724977195262909,0.0488731637597084,-0.736247599124908,-0.769106566905975,-0.801166296005249,-0.732201635837555,-0.248347967863083,-0.786517143249512,-0.382433176040649,-0.548916637897491,-0.277579098939896,-0.247104987502098,-0.508657813072205,0.0820538699626923,-0.795181334018707,-0.69375091791153,-0.573040127754211,-0.541046798229218,-0.833642363548279,-0.79643315076828,-0.482503801584244,-0.718423306941986,-0.765341341495514,-0.650741279125214,-0.862956464290619,-0.880828738212585,-0.780465662479401,-0.498747974634171,-0.937021911144257,-0.370232552289963,-0.658832192420959,-0.678864479064941,-0.797522366046906,-0.713003218173981,-0.242183178663254,-0.613875925540924,-0.919675350189209,-0.106024108827114,-0.874302089214325,-0.431655585765839,-0.505890429019928,-0.707157552242279,0.485687226057053,0.731903076171875,0.837049186229706,0.301471173763275,0.427992433309555,0.972395539283752,0.343377709388733,0.871292054653168,0.833664298057556,0.302608907222748,0.25980868935585,0.959541916847229,0.765758574008942,0.791881918907166,0.273212999105453,0.860955834388733,0.769143342971802,0.6336709856987,0.473493993282318,0.890766680240631,0.384110391139984,0.839394986629486,0.50025600194931,0.0174794178456068,0.87881201505661,0.546148598194122,0.875480055809021,-0.257792353630066,0.907492280006409,0.419762909412384,0.753795087337494,0.445015788078308,0.492679923772812,0.47991219162941,0.674410998821259,-0.0204232204705477,1,0.715478420257568,0.898528933525085,0.911364376544952,0.308735877275467,0.227448999881744,0.658829391002655,0.819442451000214,-0.69829249382019,-0.527040898799896,0.428326517343521,-0.703990817070007,-0.451471775770187,-0.0240674670785666,0.52333015203476,-0.785095274448395,0.0420907847583294,-0.480106592178345,0.0213941019028425,0.308861523866653,0.472470760345459,0.106524705886841,0.281745284795761,0.417280644178391,-0.375943034887314,0.0223473496735096,0.412535578012466,0.309118539094925,0.112421818077564,0.617967844009399,-0.00478126900270581,0.0773405805230141,-0.404447346925735,0.428839147090912,-0.551140129566193,-0.514140188694,-0.325063019990921,0.672593414783478,0.423858553171158,0.297629177570343,0.516148090362549,0.356167733669281,0.8293776512146,0.592259526252747,0.74039626121521,0.313927292823792,0.406749546527863,0.0272031035274267,0.540788888931274,0.423392623662949,0.303945630788803,0.859570562839508,0.412447333335876,0.113678611814976,-0.44158723950386,0.202493444085121,0.781665146350861,0.578402519226074,0.428523331880569,0.0252229478210211,-0.0790800526738167,-0.448049336671829,0.687657296657562
0.794744908809662,-0.767378151416779,0.758470714092255,-0.544171988964081,-0.012728113681078,-0.0411092825233936,0.377318859100342,-0.158933386206627,0.463835567235947,-0.676156759262085,0.251543343067169,-0.0561238266527653,-0.738777637481689,-0.660361111164093,-0.231806129217148,0.20008111000061,-0.126811742782593,-0.07780372351408,-0.664041996002197,0.428581595420837,0.450317829847336,-0.658570826053619,-0.717699587345123,0.500876247882843,0.396370470523834,0.640867054462433,0.302171170711517,0.497615486383438,0.0721467584371567,0.544137060642242,-0.627651870250702,-0.746767163276672,-0.385247498750687,-0.4635369181633,-0.565306186676025,-0.778126657009125,-0.795877575874329,-0.843759775161743,-0.590727984905243,-0.781365513801575,-0.771963119506836,-0.862776219844818,0.088491253554821,-0.687265574932098,-0.361351877450943,-0.793927848339081,-0.672358274459839,-0.689788639545441,-0.766955077648163,-0.789445161819458,-0.667200088500977,-0.0020118486136198,-0.771894633769989,-0.616231262683868,-0.657192885875702,-0.292315602302551,-0.418582230806351,-0.0537998788058758,0.183818221092224,-0.806301474571228,-0.887448847293854,-0.496875464916229,0.16502757370472,-0.503625452518463,-0.315210431814194,-0.6470006108284,-0.537010312080383,-0.788991093635559,-0.583154380321503,-0.66536819934845,-0.78588205575943,-0.247656092047691,-0.653473198413849,-0.596055626869202,-0.757102072238922,-0.686335504055023,-0.0459928400814533,0.579938888549805,-0.864469945430756,-0.612684428691864,-0.260118842124939,0.295356512069702,-0.718822121620178,-0.315313279628754,0.319749623537064,-0.159261360764503,0.253792971372604,0.573837637901306,-0.0469248294830322,-0.28049248456955,-0.27812397480011,-0.621805906295776,-0.59094500541687,-0.200108379125595,-0.32549312710762,-0.114584863185883,-0.150829926133156,0.647302269935608,0.661028742790222,0.469107955694199,-0.0416662953794003,-0.520879864692688,0.720210611820221,-0.471788376569748,0.222238436341286,-0.641489088535309,-0.747845590114594,-0.0486920811235905,-0.553758144378662,-0.714495301246643,-0.576357960700989,0.221397906541824,-0.78310239315033,-0.75908237695694,-0.468577802181244,-0.674930036067963,-0.320151776075363,-0.839312613010406,-0.289107352495193,-0.401255190372467,-0.14010614156723,-0.385347127914429,-0.4471395611763,0.175774678587914,-0.431295037269592,-0.604099690914154,-0.675269365310669,-0.229500621557236,-0.790551543235779,-0.771058797836304,-0.726835668087006,-0.643504738807678,-0.730658829212189,-0.280823737382889,-0.778709888458252,-0.831855475902557,-0.565045058727264,-0.306875824928284,-0.697144746780396,-0.323911994695663,-0.182878136634827,-0.483775824308395,-0.794864773750305,-0.539467453956604,-0.41866797208786,-0.780760586261749,-0.629728198051453,0.428207963705063,-0.747100114822388,-0.631790459156036,-0.49158251285553,-0.876710951328278,0.62720388174057,0.757154285907745,0.885819673538208,0.740052700042725,0.153683751821518,0.656908214092255,-0.0296574514359236,0.508309960365295,0.884180724620819,-0.155295506119728,-0.27297368645668,0.599202692508698,0.602375209331512,0.800953686237335,0.0679323002696037,0.816873788833618,0.887249410152435,0.905483901500702,0.850738823413849,0.846411645412445,0.867529332637787,0.430155366659164,0.535597920417786,0.129928380250931,0.903665840625763,0.58540141582489,0.771631062030792,0.41802778840065,0.437574058771133,0.274917453527451,0.219957411289215,0.911574125289917,0.89179253578186,0.386785358190536,0.74545955657959,-0.187004581093788,0.715478420257568,1,0.344178020954132,0.389890938997269,0.7075355052948,0.149003431200981,0.740265190601349,0.619970500469208,-0.756630837917328,-0.420664340257645,0.461471557617188,-0.45653823018074,-0.297944784164429,0.11217138916254,0.380778789520264,-0.43133682012558,0.122040368616581,-0.423012942075729,0.0917820855975151,0.466230571269989,0.262829691171646,0.654372096061707,-0.192176833748817,0.188889250159264,-0.166824266314507,0.0712483674287796,0.348180085420609,0.642143666744232,0.309372216463089,0.167712673544884,0.0420368649065495,0.467322707176208,-0.283818900585175,0.554530262947083,-0.315569281578064,-0.560231029987335,-0.636914372444153,0.590656042098999,0.243616342544556,0.0868479236960411,0.27045413851738,0.0337477549910545,0.669819533824921,0.454425245523453,0.49262323975563,0.0201978031545877,0.178961202502251,-0.144968673586845,0.121920339763165,0.0374231450259686,0.236970350146294,0.683728933334351,0.0954983681440353,-0.294222801923752,-0.13808785378933,0.0465765297412872,0.860870897769928,0.129251331090927,0.562532007694244,-0.236957281827927,-0.393840551376343,-0.33338275551796,0.803199350833893
0.677012741565704,-0.69286447763443,0.604963660240173,-0.720654129981995,0.542396724224091,0.206350520253181,0.364877820014954,0.149867087602615,0.412704825401306,-0.728951930999756,0.279147058725357,0.115910552442074,-0.685159981250763,0.0391837172210217,-0.217397168278694,0.211121991276741,-0.255520939826965,-0.278881907463074,-0.85774838924408,0.309014439582825,0.333737760782242,-0.2552729845047,-0.375212252140045,0.534740507602692,0.327449262142181,0.601604402065277,-0.233139112591743,0.550529301166534,-0.5217125415802,0.109075933694839,-0.334862977266312,-0.191122457385063,-0.107821352779865,0.150251433253288,0.124808967113495,-0.201580092310905,-0.456183046102524,-0.444046795368195,-0.278202414512634,-0.372586101293564,-0.641477286815643,-0.602389216423035,0.562083065509796,-0.195731028914452,-0.790537118911743,-0.438084334135056,-0.298657596111298,-0.343441188335419,-0.532517552375793,-0.382333993911743,-0.560798406600952,-0.28351902961731,-0.565619349479675,-0.482061922550201,-0.266288459300995,-0.111365877091885,-0.24837090075016,0.175082862377167,-0.123218074440956,-0.414289087057114,-0.520046532154083,-0.17345429956913,0.288549095392227,-0.0702502354979515,-0.231006681919098,-0.669706404209137,-0.512756407260895,-0.729156076908112,-0.665690004825592,-0.640751123428345,-0.613198399543762,-0.189568310976028,-0.688925921916962,-0.604876577854156,-0.699236750602722,-0.446253716945648,-0.230062335729599,0.472333371639252,-0.295040667057037,-0.667313396930695,-0.824604034423828,0.0672689750790596,-0.800731778144836,-0.495372593402863,-0.392478168010712,-0.529464483261108,0.647782385349274,0.0802546441555023,0.222368106245995,-0.517673075199127,-0.394822269678116,-0.604995369911194,-0.240463882684708,-0.398754864931107,-0.636355698108673,-0.567630112171173,-0.297497928142548,0.16385406255722,-0.117408029735088,0.180122569203377,-0.6230348944664,-0.43277582526207,0.146215736865997,-0.249864369630814,-0.444957286119461,-0.500063598155975,-0.323221921920776,-0.552891910076141,-0.0113785853609443,-0.631714284420013,-0.61343902349472,-0.111478559672832,-0.50928920507431,-0.553666830062866,-0.781364500522614,-0.58740770816803,-0.124109826982021,-0.519859433174133,-0.366863220930099,-0.443468332290649,-0.294781386852264,-0.126234456896782,-0.41088992357254,-0.0224108565598726,-0.824479341506958,-0.546095788478851,-0.329708606004715,-0.614396333694458,-0.619506001472473,-0.618360340595245,-0.182321846485138,-0.58364725112915,-0.593119204044342,-0.72780567407608,-0.65727972984314,-0.675609886646271,-0.689167022705078,-0.53693038225174,-0.817287445068359,-0.329032182693481,-0.80076789855957,-0.650469958782196,-0.570082724094391,-0.630302309989929,-0.0620146580040455,-0.319903939962387,-0.823839545249939,-0.392555236816406,-0.699740409851074,-0.163391619920731,-0.403680890798569,-0.41227450966835,0.235457420349121,0.517409443855286,0.586434483528137,-0.0790161788463593,0.444792091846466,0.898037314414978,0.452955394983292,0.863505303859711,0.583841145038605,0.512133657932281,0.534388542175293,0.913417339324951,0.641923069953918,0.556081473827362,0.288146555423737,0.665854036808014,0.500075459480286,0.278146743774414,0.0953959450125694,0.671198785305023,-0.0318698398768902,0.866051495075226,0.359182745218277,-0.0908928140997887,0.618309855461121,0.350011199712753,0.702648878097534,-0.629024386405945,0.951355934143066,0.367440938949585,0.881436765193939,0.0330027639865875,0.0974256321787834,0.362128376960754,0.462588250637054,0.0806030929088593,0.898528933525085,0.344178020954132,1,0.989028811454773,-0.0105786249041557,0.174440920352936,0.429172605276108,0.718389213085175,-0.467433929443359,-0.468945384025574,0.265967667102814,-0.684868276119232,-0.490188300609589,-0.173034310340881,0.407761126756668,-0.805581629276276,0.0212499611079693,-0.415434002876282,-0.0468716211616993,0.107900135219097,0.470411390066147,-0.246320053935051,0.495879024267197,0.404224991798401,-0.399093806743622,-0.0331725478172302,0.315002650022507,0.0502369552850723,-0.0402450636029243,0.708504557609558,0.0152723221108317,-0.134965896606445,-0.414235949516296,0.244718119502068,-0.538505375385284,-0.305742144584656,-0.0223939027637243,0.572931230068207,0.450540661811829,0.378986418247223,0.537330329418182,0.470454633235931,0.709327340126038,0.53367406129837,0.71447342634201,0.439520329236984,0.471088021993637,0.16867533326149,0.653085112571716,0.57098925113678,0.266060918569565,0.738674581050873,0.517246186733246,0.309147089719772,-0.482549786567688,0.239454954862595,0.492174029350281,0.674547374248505,0.233321979641914,0.172211334109306,0.14496998488903,-0.342474460601807,0.440878450870514
0.730780124664307,-0.71363639831543,0.684764683246613,-0.683948636054993,0.550868690013885,0.280193686485291,0.425669342279434,0.212216153740883,0.448800384998322,-0.735099136829376,0.331550091505051,0.188878163695335,-0.673760771751404,0.0477041192352772,-0.181067004799843,0.272895485162735,-0.217474490404129,-0.255699634552002,-0.85221666097641,0.357559978961945,0.390732020139694,-0.259999185800552,-0.452697575092316,0.568320214748383,0.328728973865509,0.681623756885529,-0.194350689649582,0.640366733074188,-0.493210345506668,0.180539011955261,-0.360683500766754,-0.2138382345438,-0.0863506719470024,0.165692567825317,0.144847601652145,-0.248706713318825,-0.502793788909912,-0.486767292022705,-0.312102943658829,-0.428043633699417,-0.660860896110535,-0.618366539478302,0.63810133934021,-0.209968477487564,-0.785392701625824,-0.492293238639832,-0.31150221824646,-0.366097062826157,-0.5600266456604,-0.432727187871933,-0.573632001876831,-0.306972771883011,-0.605556607246399,-0.487742394208908,-0.314537554979324,-0.0517271608114243,-0.217471644282341,0.255944609642029,-0.0683294758200645,-0.371943801641464,-0.552767395973206,-0.204907014966011,0.347959935665131,-0.0647660195827484,-0.190503224730492,-0.682053983211517,-0.523079097270966,-0.749523460865021,-0.668260455131531,-0.662385404109955,-0.649365425109863,-0.138007238507271,-0.692739903926849,-0.63834547996521,-0.726649522781372,-0.48008731007576,-0.212426126003265,0.558486521244049,-0.361920744180679,-0.728852450847626,-0.789352416992188,0.0756968483328819,-0.814620137214661,-0.474758863449097,-0.324165880680084,-0.463693737983704,0.676377058029175,0.0797492116689682,0.302704483270645,-0.502423286437988,-0.406533658504486,-0.6031334400177,-0.217430979013443,-0.439987242221832,-0.69019478559494,-0.530712306499481,-0.233289435505867,0.167059332132339,-0.114489123225212,0.192276149988174,-0.543529748916626,-0.472191482782364,0.167520642280579,-0.289519637823105,-0.318668365478516,-0.494929820299149,-0.375385314226151,-0.592568039894104,-0.0409728698432446,-0.637271463871002,-0.606224119663239,-0.0420739464461803,-0.546133816242218,-0.603692710399628,-0.819209158420563,-0.571281969547272,-0.110145874321461,-0.508744060993195,-0.390917330980301,-0.39937487244606,-0.245277032256126,-0.132619813084602,-0.416117787361145,0.0204492565244436,-0.771987855434418,-0.549234867095947,-0.34844645857811,-0.552564978599548,-0.648903071880341,-0.647638857364655,-0.164080962538719,-0.608938932418823,-0.631127834320068,-0.7854945063591,-0.684415876865387,-0.706543028354645,-0.70713347196579,-0.548330426216125,-0.805286586284637,-0.28363025188446,-0.747211456298828,-0.66882997751236,-0.643103301525116,-0.690119564533234,-0.140591785311699,-0.355045676231384,-0.825567126274109,-0.317401438951492,-0.725040376186371,-0.228249654173851,-0.423145890235901,-0.430353224277496,0.240607172250748,0.503734111785889,0.643947720527649,-0.0430421754717827,0.39798492193222,0.903175950050354,0.40407532453537,0.853658676147461,0.600567936897278,0.440288126468658,0.446591913700104,0.945963203907013,0.634098172187805,0.575952410697937,0.23863884806633,0.72409462928772,0.541814684867859,0.326840698719025,0.101891584694386,0.735387921333313,-0.0164458062499762,0.851694881916046,0.396250456571579,-0.0912986323237419,0.653075873851776,0.392995774745941,0.76908403635025,-0.60024893283844,0.949167490005493,0.317176789045334,0.840648889541626,0.0462189912796021,0.102938190102577,0.330500870943069,0.43337470293045,0.050057016313076,0.911364376544952,0.389890938997269,0.989028811454773,1,0.0360764749348164,0.114072315394878,0.426910281181335,0.774746000766754,-0.460901319980621,-0.411368578672409,0.304104804992676,-0.639575719833374,-0.459528297185898,-0.0849189385771751,0.442394137382507,-0.743104457855225,0.0529410056769848,-0.347459495067596,-0.0463617146015167,0.116971582174301,0.45179483294487,-0.206675633788109,0.515096962451935,0.431976139545441,-0.377797305583954,0.0305956453084946,0.40271869301796,0.0621041096746922,0.0172150898724794,0.753603756427765,-0.026598023250699,-0.151675507426262,-0.374942898750305,0.223574638366699,-0.529163658618927,-0.30081182718277,-0.089565321803093,0.561331331729889,0.410848408937454,0.328171193599701,0.505447864532471,0.392892688512802,0.701639294624329,0.493310540914536,0.718289613723755,0.390582144260406,0.445523500442505,0.0892871469259262,0.628305375576019,0.51441478729248,0.242265850305557,0.764234483242035,0.464199095964432,0.175888955593109,-0.553252935409546,0.213046610355377,0.48861426115036,0.664717435836792,0.298821240663528,0.106800027191639,0.0508920289576054,-0.398645728826523,0.438650816679001
0.281568765640259,-0.418948650360107,0.260201960802078,-0.527407109737396,0.0223383381962776,0.14652019739151,0.594946265220642,-0.388514310121536,0.694964110851288,-0.323535650968552,0.532724440097809,0.382681220769882,-0.285015344619751,-0.477127522230148,-0.0950162708759308,0.523593723773956,0.386870592832565,-0.159085735678673,-0.414274632930756,0.597244560718536,0.60914558172226,-0.630258083343506,-0.276143431663513,0.628008425235748,0.761355340480804,0.141283184289932,0.735976815223694,0.280771464109421,0.56058269739151,0.758751094341278,-0.591130495071411,-0.867286145687103,0.116420306265354,-0.675153434276581,-0.804283142089844,-0.79168838262558,-0.716569781303406,-0.743588328361511,-0.645803034305573,-0.786805212497711,-0.419430911540985,-0.588047504425049,-0.113953329622746,-0.599106192588806,0.134608179330826,-0.698497533798218,-0.80973881483078,-0.765812635421753,-0.734569907188416,-0.82084733247757,-0.681889116764069,-0.492420166730881,-0.755585312843323,-0.680600643157959,-0.70765620470047,0.169945776462555,0.132192060351372,0.307389706373215,0.58578097820282,-0.557651937007904,-0.645650565624237,0.00693620648235083,0.579796433448792,0.0414815507829189,0.27445188164711,-0.248875632882118,-0.0771261528134346,-0.556942105293274,-0.627982437610626,-0.126738250255585,-0.675239264965057,0.209934964776039,-0.221055552363396,-0.242837056517601,-0.354528725147247,-0.717321634292603,0.535626411437988,0.520638406276703,-0.815599083900452,-0.123122163116932,0.221183285117149,0.705768287181854,-0.418789833784103,0.168430835008621,0.594695389270782,0.325210899114609,0.349110782146454,0.591584920883179,0.188072666525841,0.326791286468506,0.207261279225349,-0.0831500738859177,-0.126271456480026,-0.34894722700119,-0.202035874128342,0.367954850196838,-0.407847613096237,0.729333102703094,0.756064593791962,0.748120665550232,0.335935294628143,0.0120880426838994,0.91160637140274,-0.272810608148575,0.297365218400955,-0.567508161067963,-0.810882270336151,-0.0884921327233315,-0.62329775094986,-0.296241700649261,-0.119155943393707,0.589788675308228,-0.379863917827606,-0.752104759216309,0.0163332913070917,-0.72982519865036,0.189830496907234,-0.434915363788605,0.33188670873642,0.156235456466675,0.470330357551575,0.106748305261135,0.0793727710843086,0.572368800640106,-0.308030694723129,-0.0724388808012009,-0.83080005645752,0.102800890803337,-0.729039371013641,-0.342566430568695,-0.665704369544983,-0.0751800313591957,-0.733906745910645,0.0237131025642157,-0.442721754312515,-0.446502178907394,-0.581647634506226,0.0275872685015202,-0.364565581083298,0.046707920730114,-0.0889917239546776,-0.253796428442001,-0.508931159973145,-0.415980249643326,-0.058064229786396,-0.852744936943054,-0.212138131260872,0.807989895343781,-0.324850857257843,-0.740214228630066,-0.509450316429138,-0.703228771686554,0.197020888328552,0.474092721939087,0.429496169090271,0.594685852527618,0.288337767124176,0.247264012694359,0.0423263013362885,0.155436858534813,0.520683825016022,-0.246530339121819,-0.473065078258514,0.158937498927116,0.458580791950226,0.702729821205139,0.361083596944809,0.363962024450302,0.599450051784515,0.475918799638748,0.75163745880127,0.437810778617859,0.692573368549347,0.202487349510193,0.0827207639813423,0.353601723909378,0.472281783819199,0.628390848636627,0.333110004663467,0.657278478145599,-0.0611351169645786,0.315076619386673,-0.348672449588776,0.764504432678223,0.725209772586823,0.540107369422913,0.687728762626648,0.336983859539032,0.308735877275467,0.7075355052948,-0.0105786249041557,0.0360764749348164,1,0.211891189217567,0.694436192512512,0.156414091587067,-0.40959769487381,-0.0377696827054024,0.631259262561798,-0.476788431406021,-0.335123062133789,-0.0958423390984535,0.427964448928833,-0.312645196914673,0.278535395860672,-0.470464736223221,0.552403926849365,0.799572110176086,0.344972372055054,0.910896301269531,-0.470657050609589,0.409588396549225,-0.4493108689785,0.545397698879242,0.00827605370432138,0.904338777065277,-0.0829136446118355,-0.120346933603287,0.256788939237595,0.398117005825043,0.0682408660650253,0.066524364054203,-0.488005757331848,-0.179926350712776,-0.877909421920776,0.482895016670227,-0.121709264814854,-0.173639118671417,0.160117447376251,-0.23663318157196,0.367127299308777,0.205004811286926,0.207925125956535,-0.240216434001923,-0.0406395830214024,-0.12261389195919,-0.13195413351059,-0.196366116404533,-0.122259795665741,0.329335510730743,-0.238469988107681,-0.286506414413452,-0.046226043254137,0.359931170940399,0.367724776268005,0.0381078645586967,0.636742055416107,-0.592488884925842,-0.48992446064949,-0.316906243562698,0.480494111776352
-0.0907760113477707,-0.408314347267151,-0.148697704076767,-0.428526103496552,-0.170647352933884,-0.498848140239716,0.0745920762419701,-0.849117398262024,0.200618922710419,-0.562105000019073,-0.0283897798508406,-0.404289603233337,-0.473267793655396,-0.235242798924446,-0.927630245685577,-0.168619126081467,-0.290955424308777,-0.891425848007202,-0.474770247936249,0.216193079948425,-0.276748716831207,-0.719572246074677,-0.214817628264427,0.314908415079117,0.259448766708374,-0.288455009460449,-0.0428962297737598,-0.442113190889359,-0.0986111015081406,-0.217471018433571,-0.120476953685284,-0.492937624454498,-0.299625009298325,-0.327966600656509,-0.48087602853775,-0.324355900287628,-0.31707102060318,-0.258127897977829,-0.0643172338604927,-0.182137176394463,-0.546930611133575,-0.384252607822418,-0.51288777589798,0.111262306571007,-0.42130309343338,-0.242112129926682,-0.314362734556198,-0.368667542934418,-0.334840506315231,-0.353893518447876,-0.34373676776886,0.0585944503545761,-0.193232864141464,-0.333331763744354,0.0566370449960232,-0.0750799849629402,-0.226741567254066,-0.259560644626617,-0.306530565023422,-0.384914606809616,-0.089554101228714,-0.357101887464523,0.185653671622276,0.123880036175251,-0.258680939674377,-0.497864633798599,-0.597023248672485,-0.381940364837646,-0.443513602018356,-0.40545067191124,-0.46337416768074,-0.510176122188568,-0.572305738925934,-0.30088672041893,-0.143880859017372,-0.104220859706402,-0.213451698422432,-0.0437863580882549,-0.312753885984421,-0.259212046861649,-0.406555831432343,0.33602836728096,-0.422753989696503,-0.528976023197174,-0.214439362287521,-0.533964335918427,0.185800120234489,0.810751795768738,-0.211557194590569,-0.227797150611877,-0.373363465070724,-0.365749955177307,-0.449048727750778,-0.156667828559875,-0.0743806511163712,-0.0142718022689223,-0.800383329391479,0.451038181781769,0.00303071527741849,0.48061528801918,-0.25735467672348,-0.312761634588242,0.186921805143356,-0.650023460388184,-0.128652364015579,-0.392147839069366,-0.209300592541695,-0.0435057245194912,-0.000777930021286011,-0.560667276382446,-0.552589356899261,-0.0877653211355209,-0.423151314258575,-0.145308509469032,-0.275866895914078,-0.357121914625168,-0.430297434329987,-0.551694512367249,0.165856599807739,-0.361971765756607,-0.231532499194145,-0.0997807234525681,-0.402494013309479,-0.162257432937622,-0.297472208738327,-0.487967729568481,-0.320720434188843,-0.521876335144043,-0.313127130270004,-0.174332424998283,-0.624402403831482,-0.224845111370087,-0.149461790919304,-0.0290947239845991,-0.474712699651718,-0.34593591094017,-0.165163546800613,-0.13504895567894,-0.478823810815811,-0.471382558345795,-0.305979490280151,-0.392593383789062,-0.302248775959015,-0.195136234164238,-0.196417167782784,-0.330827504396439,-0.380423367023468,-0.147839799523354,-0.489110976457596,0.0808608382940292,-0.594732522964478,-0.0751791372895241,0.556201457977295,0.521967351436615,0.0147061496973038,0.503228724002838,0.757109344005585,0.37080791592598,0.686550855636597,0.445782959461212,0.384630441665649,0.291738331317902,0.327050089836121,0.166535720229149,0.629531383514404,0.493856549263,0.613477528095245,-0.015553236939013,-0.178710460662842,0.289929121732712,0.495231598615646,-0.0512780658900738,0.384856969118118,0.445213139057159,0.284446984529495,0.0487548261880875,0.292255103588104,0.0585906244814396,-0.148128464818001,0.128815189003944,0.168828666210175,0.698596179485321,0.0302838739007711,0.237972974777222,0.370453923940659,0.647690057754517,0.272262811660767,0.266598224639893,0.227448999881744,0.149003431200981,0.174440920352936,0.114072315394878,0.211891189217567,1,0.522738933563232,-0.291798055171967,-0.371741205453873,0.0159189701080322,0.691747069358826,-0.18879035115242,-0.239772692322731,-0.0305838026106358,0.533425807952881,-0.449629098176956,-0.0529342032968998,-0.657141625881195,0.542593717575073,0.61144232749939,0.563237071037292,0.207486674189568,-0.580366551876068,0.482617795467377,-0.0278353616595268,-0.0966460183262825,-0.390304058790207,0.408843964338303,-0.362158358097076,-0.297303885221481,0.515687167644501,0.290923088788986,-0.0932412669062614,0.105685673654079,-0.108707651495934,-0.695777475833893,-0.226663336157799,0.334267675876617,0.139182239770889,0.188886940479279,0.0856293588876724,0.241322338581085,0.0756173357367516,0.224310725927353,0.00085405504796654,0.120828874409199,-0.00539800431579351,-0.030321229249239,0.153446421027184,0.0582650266587734,0.195317804813385,0.0327662788331509,0.0854173228144646,0.480998694896698,0.0259776022285223,-0.11565089225769,0.415464073419571,0.607187628746033,0.260751515626907,0.206608772277832,-0.144548282027245,-0.0750414878129959,-0.0206446684896946
0.493631571531296,-0.694607615470886,0.345814198255539,-0.699169814586639,0.186698958277702,-0.223502963781357,0.456474423408508,-0.584293007850647,0.577047884464264,-0.804472327232361,0.291857987642288,-0.0194544922560453,-0.819257438182831,-0.728284537792206,-0.428541123867035,0.218286737799644,-0.106613375246525,-0.566570460796356,-0.788474500179291,0.519049108028412,0.374515503644943,-0.868124425411224,-0.572463035583496,0.692027986049652,0.567440092563629,0.229669377207756,0.289528459310532,0.22680190205574,-0.100586995482445,0.349388509988785,-0.681914508342743,-0.728286862373352,-0.367812991142273,-0.615240633487701,-0.722479701042175,-0.764646768569946,-0.824483931064606,-0.866038382053375,-0.568672060966492,-0.586321234703064,-0.828422546386719,-0.914128959178925,-0.233046442270279,-0.687551856040955,-0.353013694286346,-0.800439417362213,-0.776045799255371,-0.791432619094849,-0.817072570323944,-0.75059974193573,-0.694594323635101,-0.338370472192764,-0.813055217266083,-0.823737502098083,-0.60685008764267,-0.150628015398979,-0.28252649307251,-0.0263323932886124,0.0838221833109856,-0.781521558761597,-0.817440152168274,-0.241098344326019,0.472469717264175,-0.253031075000763,-0.0718213692307472,-0.722648561000824,-0.53875344991684,-0.894855976104736,-0.668618083000183,-0.643121600151062,-0.907021224498749,-0.232387036085129,-0.723322033882141,-0.745713472366333,-0.776294767856598,-0.759978830814362,0.101617157459259,0.478584825992584,-0.660145998001099,-0.431757807731628,-0.367691785097122,0.580090522766113,-0.797531425952911,-0.434889554977417,0.0221398361027241,-0.251006364822388,0.629424870014191,0.799862325191498,-0.0582782290875912,-0.188073933124542,-0.431331813335419,-0.595682263374329,-0.522730529308319,-0.297638863325119,-0.173238530755043,-0.0858026221394539,-0.677048683166504,0.656752049922943,0.691482841968536,0.764221012592316,-0.301805347204208,-0.479276716709137,0.798235535621643,-0.352780669927597,-0.0125402072444558,-0.570750951766968,-0.708162665367126,-0.0444145835936069,-0.491027742624283,-0.776829063892365,-0.700500428676605,0.200161471962929,-0.711289525032043,-0.682472348213196,-0.485522359609604,-0.853708922863007,-0.111190512776375,-0.815651416778564,-0.0750445574522018,-0.474665701389313,-0.0508712828159332,-0.094844363629818,-0.450280457735062,0.252909779548645,-0.688176810741425,-0.632171869277954,-0.757832944393158,-0.486047655344009,-0.828861355781555,-0.756101310253143,-0.932649552822113,-0.490367561578751,-0.855701506137848,-0.357862412929535,-0.852340161800385,-0.817020893096924,-0.683640897274017,-0.340232610702515,-0.834077119827271,-0.337557852268219,-0.612676441669464,-0.568075716495514,-0.746022999286652,-0.758522808551788,-0.254703015089035,-0.835368871688843,-0.745785892009735,0.431943327188492,-0.686600923538208,-0.538278520107269,-0.663046598434448,-0.575262308120728,0.66316145658493,0.937546730041504,0.516332507133484,0.7100710272789,0.70634263753891,0.703480422496796,0.592164158821106,0.724749386310577,0.844602286815643,0.414174169301987,0.209781363606453,0.571879923343658,0.926393330097198,0.952307522296906,0.608935117721558,0.464766532182693,0.585961401462555,0.603639662265778,0.869723260402679,0.522202134132385,0.725716888904572,0.754215717315674,0.329103976488113,0.456351965665817,0.792560935020447,0.727592051029205,0.416117161512375,0.19668909907341,0.352841287851334,0.813218712806702,0.186967015266418,0.718321621417999,0.815417587757111,0.763471603393555,0.873012006282806,0.383524626493454,0.658829391002655,0.740265190601349,0.429172605276108,0.426910281181335,0.694436192512512,0.522738933563232,1,0.228940606117249,-0.447926968336105,-0.0967266783118248,0.769295752048492,-0.634498119354248,-0.384752064943314,-0.253010094165802,0.628546476364136,-0.674946784973145,0.515576839447021,-0.745580971240997,0.6311154961586,0.822800397872925,0.264695763587952,0.700835525989532,-0.230684787034988,0.601876199245453,-0.238879472017288,0.262763023376465,0.215101912617683,0.79463255405426,0.20308281481266,0.162057042121887,0.203505545854568,0.370631575584412,-0.0245328098535538,0.100281499326229,-0.603373110294342,-0.431320041418076,-0.467178910970688,0.902095258235931,-0.0397227443754673,-0.126568600535393,0.021830216050148,-0.120816431939602,0.401733905076981,0.196359694004059,0.190107181668282,-0.196662038564682,-0.130347177386284,-0.282569140195847,-0.0970112308859825,-0.14625671505928,-0.160415187478065,0.350657552480698,-0.15700176358223,0.0452335327863693,-0.358366996049881,0.0764115452766418,0.685329973697662,0.234191298484802,0.818360328674316,-0.444712847471237,-0.527598023414612,-0.473540723323822,0.419184625148773
0.85862410068512,-0.700036525726318,0.912014961242676,-0.4824338555336,0.424022525548935,0.476395398378372,0.426738768815994,0.492357939481735,0.409859985113144,-0.521044373512268,0.382483124732971,0.230388596653938,-0.51629626750946,-0.0600038729608059,0.0922879949212074,0.361424684524536,-0.0417423956096172,0.239548921585083,-0.598856985569,0.366959452629089,0.562902510166168,-0.0323956981301308,-0.525494396686554,0.432456851005554,0.15279358625412,0.956401944160461,0.0326419286429882,0.870068550109863,-0.160865962505341,0.477865040302277,-0.448633790016174,-0.280578970909119,-0.0219024941325188,0.0786755904555321,0.111790016293526,-0.367267221212387,-0.524963557720184,-0.529066979885101,-0.46553897857666,-0.612927675247192,-0.522112429141998,-0.562004268169403,0.787964880466461,-0.387305796146393,-0.524204909801483,-0.546510696411133,-0.331991255283356,-0.368986189365387,-0.545333504676819,-0.493861943483353,-0.552773892879486,-0.0769291371107101,-0.598108291625977,-0.385326832532883,-0.50425797700882,-0.0745720192790031,-0.190113186836243,0.282462805509567,0.200022995471954,-0.412440747022629,-0.661690413951874,-0.264589339494705,0.125976651906967,-0.251068770885468,-0.219010710716248,-0.446149975061417,-0.334673404693604,-0.602796971797943,-0.520012855529785,-0.537203550338745,-0.498517215251923,0.0216248650103807,-0.468076378107071,-0.40798881649971,-0.688436090946198,-0.514073550701141,-0.128195941448212,0.680260241031647,-0.527078211307526,-0.693841993808746,-0.439740777015686,-0.0133474636822939,-0.594289302825928,-0.174632430076599,0.129535600543022,-0.14917978644371,0.348043352365494,-0.118204593658447,0.349715083837509,-0.350857436656952,-0.171193078160286,-0.453632533550262,-0.161420002579689,-0.392211377620697,-0.720549345016479,-0.325028985738754,0.282470762729645,0.25781586766243,0.0365780368447304,0.0600661151111126,-0.140985608100891,-0.37407249212265,0.247619152069092,-0.260363221168518,-0.0369290634989738,-0.544164478778839,-0.492585331201553,-0.527333378791809,-0.29888391494751,-0.445560425519943,-0.347604870796204,0.152985155582428,-0.4747593998909,-0.671972274780273,-0.606656551361084,-0.400992721319199,-0.112349338829517,-0.457587093114853,-0.415571331977844,-0.31062513589859,-0.139879018068314,-0.214091494679451,-0.247437044978142,0.148910850286484,-0.46000999212265,-0.384867370128632,-0.364628970623016,-0.125526487827301,-0.607009589672089,-0.568000972270966,-0.0545485056936741,-0.557138621807098,-0.538031458854675,-0.529301285743713,-0.546046495437622,-0.610684990882874,-0.606064438819885,-0.305150836706161,-0.582419991493225,-0.070117175579071,-0.269974291324615,-0.379215270280838,-0.603803217411041,-0.459750384092331,-0.17994886636734,-0.393597215414047,-0.628422915935516,-0.0934423953294754,-0.609280109405518,-0.464280098676682,-0.122264139354229,-0.681889176368713,0.166911870241165,0.313031703233719,0.845844447612762,0.0432990342378616,-0.0858179852366447,0.697274208068848,-0.167338505387306,0.499415338039398,0.545570850372314,-0.0882227942347527,-0.102396629750729,0.809699237346649,0.301205456256866,0.436895102262497,-0.157722160220146,0.880412697792053,0.813412964344025,0.5278000831604,0.162846222519875,0.927699506282806,0.177700623869896,0.4412442445755,0.371585994958878,-0.129062548279762,0.669685006141663,0.406126648187637,0.96589857339859,-0.215619221329689,0.789211511611938,-0.109860144555569,0.669710755348206,0.300333887338638,0.25696074962616,0.0671928972005844,0.370873838663101,-0.313116937875748,0.819442451000214,0.619970500469208,0.718389213085175,0.774746000766754,0.156414091587067,-0.291798055171967,0.228940606117249,1,-0.579574346542358,-0.559401750564575,0.0218518190085888,-0.457055658102036,-0.210471823811531,0.230246841907501,0.243419006466866,-0.407807618379593,-0.178178265690804,0.0168711990118027,-0.384816229343414,-0.0972073972225189,0.254385441541672,-0.0815183967351913,0.521883428096771,0.0969099253416061,-0.339867383241653,0.0349815636873245,0.578767120838165,-0.0170496720820665,0.211574450135231,0.715283811092377,-0.310158878564835,-0.12101186811924,-0.36923536658287,0.467538237571716,-0.352467745542526,-0.257780194282532,-0.29638084769249,0.264402747154236,0.407419294118881,0.259697914123535,0.550120949745178,0.29465240240097,0.803031086921692,0.527062952518463,0.775724112987518,0.317077547311783,0.479998052120209,0.0695405974984169,0.561349868774414,0.437599360942841,0.357860833406448,0.886492192745209,0.435027301311493,-0.175722256302834,-0.366653263568878,0.255322575569153,0.573373854160309,0.327405571937561,0.142825052142143,0.0570717044174671,0.0619951859116554,-0.377333492040634,0.718063592910767
-0.682630956172943,0.705689072608948,-0.665469229221344,0.617831945419312,0.210366681218147,0.150993183255196,-0.109381996095181,0.119719631969929,-0.258945375680923,0.588277995586395,-0.0408673621714115,0.282253503799438,0.627346634864807,0.221447095274925,0.457069396972656,0.0557744652032852,0.349375069141388,0.112414285540581,0.68398517370224,-0.163281440734863,-0.124794825911522,0.540682256221771,0.432403028011322,-0.27141946554184,-0.39278507232666,-0.4906025826931,0.0133688943460584,-0.212530434131622,0.00645861448720098,-0.234639331698418,0.232245206832886,0.619551777839661,0.339780062437057,0.132023870944977,0.318151623010635,0.428487867116928,0.471845000982285,0.474709063768387,0.260569959878922,0.640954852104187,0.648936152458191,0.607821404933929,-0.138587549328804,0.188592612743378,0.618701696395874,0.42560401558876,0.391944199800491,0.40447798371315,0.533220767974854,0.576085805892944,0.574174523353577,-0.218458890914917,0.480072289705276,0.326113045215607,0.239207163453102,0.443699330091476,0.537126064300537,0.239588916301727,0.0958202704787254,0.726934790611267,0.530335307121277,0.604278445243835,0.104530602693558,0.37325644493103,0.619401633739471,0.625845491886139,0.627339899539948,0.580435037612915,0.633124232292175,0.590652823448181,0.567535936832428,0.514048159122467,0.663985192775726,0.347279489040375,0.443634212017059,0.308058530092239,0.325684994459152,-0.256450176239014,0.715613663196564,0.621163189411163,0.518489420413971,-0.0173793081194162,0.676547884941101,0.434029906988144,-0.0611759908497334,0.513249695301056,0.037373598664999,-0.456420719623566,0.207495421171188,0.483927935361862,0.138430997729301,0.633800148963928,0.638718366622925,0.0679431036114693,0.396280199289322,0.355144768953323,0.248746186494827,-0.496725708246231,-0.225335717201233,-0.16583876311779,0.226480349898338,0.400809496641159,-0.340572953224182,0.628074407577515,0.123041704297066,0.677442133426666,0.443343281745911,0.122281365096569,0.154066935181618,0.670666456222534,0.55372941493988,0.109737887978554,0.69418740272522,0.563084721565247,0.444197714328766,0.559683203697205,0.590640008449554,0.782279372215271,0.27247479557991,0.3202885389328,0.388212084770203,0.546554386615753,0.457992792129517,0.180316105484962,0.455212861299515,0.561914145946503,0.434541314840317,0.436140894889832,0.58969783782959,0.540993452072144,0.47070249915123,0.646750152111053,0.395936518907547,0.188822135329247,0.588719725608826,0.671326637268066,0.380862772464752,0.376619756221771,0.633596420288086,0.592503786087036,0.172230929136276,0.567879796028137,0.550637006759644,0.172630250453949,0.27887824177742,0.462389439344406,0.506984055042267,0.121576346457005,0.768448412418365,0.207207292318344,0.53972852230072,0.822881937026978,-0.472604602575302,-0.551254630088806,-0.815806448459625,-0.453943341970444,-0.0940811783075333,-0.659868597984314,0.0935225710272789,-0.492050975561142,-0.746796131134033,0.244331359863281,0.129378348588943,-0.540809214115143,-0.431731283664703,-0.556148111820221,0.040946289896965,-0.789805591106415,-0.644082009792328,-0.781112670898438,-0.576653003692627,-0.711853742599487,-0.631202101707458,-0.36342442035675,-0.63930481672287,0.376048982143402,-0.719933032989502,-0.095590241253376,-0.672358632087708,-0.219275280833244,-0.633310616016388,-0.0842569917440414,-0.426571756601334,-0.666170060634613,-0.614677786827087,-0.248691216111183,-0.530389547348022,0.401897966861725,-0.69829249382019,-0.756630837917328,-0.467433929443359,-0.460901319980621,-0.40959769487381,-0.371741205453873,-0.447926968336105,-0.579574346542358,1,0.766433656215668,-0.275454610586166,0.4521164894104,0.538279712200165,-0.0692079067230225,-0.179472059011459,0.574667274951935,0.413567453622818,0.537324845790863,0.219968348741531,-0.197871908545494,-0.698223769664764,-0.231941133737564,0.315957993268967,0.0358724966645241,0.238016486167908,0.325744837522507,0.129019618034363,-0.428392380475998,0.210211917757988,0.0372538566589355,-0.380308359861374,-0.531970739364624,0.717070639133453,-0.864411175251007,0.0769892632961273,0.786368072032928,0.493277817964554,-0.325966745615005,-0.747767984867096,-0.658218622207642,-0.717827796936035,-0.642364621162415,-0.849928855895996,-0.881797313690186,-0.797526597976685,-0.609277963638306,-0.685094475746155,-0.387083262205124,-0.658290445804596,-0.592570841312408,-0.774573862552643,-0.844828724861145,-0.659971714019775,-0.100789457559586,-0.244298353791237,-0.103996232151985,-0.826866865158081,-0.539127469062805,-0.0595099590718746,-0.3953517973423,-0.141148701310158,-0.0766334757208824,-0.864238023757935
-0.515341699123383,0.368902534246445,-0.436245411634445,0.520172357559204,0.068719282746315,0.0757426097989082,0.150371104478836,-0.201446190476418,-0.0110405422747135,0.217558115720749,0.115777723491192,0.270483523607254,0.36114028096199,0.0239346381276846,0.0176067724823952,0.162862777709961,0.304376602172852,-0.332444429397583,0.431161791086197,0.150666743516922,-0.0845226123929024,0.0297857690602541,-0.040460754185915,0.0338518843054771,-0.233979403972626,-0.361626774072647,0.170087337493896,-0.15862925350666,0.0935176312923431,-0.0716771185398102,0.0360964685678482,0.18285970389843,0.181761905550957,-0.0691980645060539,0.0312598086893559,-0.00345412292517722,0.0692963451147079,0.1147096529603,0.0726176798343658,0.290371209383011,0.217922523617744,0.279000163078308,-0.227283611893654,0.150961875915527,0.413097411394119,0.038238387554884,0.121454879641533,0.0647145584225655,0.206297650933266,0.135193362832069,0.315664082765579,-0.225745409727097,0.195951238274574,0.092768058180809,0.0613996684551239,0.583795368671417,0.474254757165909,0.340355277061462,0.124155521392822,0.606311559677124,0.312189668416977,0.215648457407951,0.416050255298615,0.402599781751633,0.586413562297821,0.261515766382217,0.203531548380852,0.2593714594841,0.371822357177734,0.241331100463867,0.127251461148262,0.368389189243317,0.288693159818649,0.0203459020704031,0.237616434693336,0.0990058332681656,0.259639233350754,0.0429357402026653,0.218550816178322,0.227088510990143,0.447623819112778,0.229957476258278,0.366329312324524,0.184360727667809,0.12119472771883,0.454680591821671,0.214331075549126,0.0991186648607254,0.333284586668015,0.40584808588028,-0.145586475729942,0.395562559366226,0.392604261636734,-0.146166250109673,0.194564834237099,0.516180396080017,0.0130709493532777,-0.167459607124329,-0.127327427268028,0.196610555052757,0.411757588386536,0.0303113907575607,-0.0929422751069069,0.0554646402597427,0.591935038566589,0.45338386297226,0.0842358320951462,0.0163222085684538,-0.00508400565013289,0.282830566167831,0.227391019463539,0.333030730485916,0.253033190965652,0.274957090616226,0.152069419622421,0.39679691195488,0.34093827009201,0.441568464040756,0.269787222146988,0.252390623092651,0.426423162221909,0.415426135063171,0.164664044976234,0.243748515844345,0.511917591094971,0.225099936127663,0.142525359988213,0.372219502925873,0.274740219116211,0.292255401611328,0.0912644490599632,0.389577567577362,0.149235263466835,-0.00997029896825552,0.173682808876038,0.315281212329865,0.235183253884315,0.258487433195114,0.391332596540451,0.457066148519516,0.245711907744408,0.265198737382889,0.0597032494843006,-0.169562712311745,-0.192848548293114,0.0854390189051628,0.278974860906601,0.394412934780121,0.359306961297989,-0.0245427861809731,0.0866197422146797,0.667435109615326,-0.0513210222125053,-0.243811681866646,-0.554758667945862,0.0872347801923752,0.164008364081383,-0.431450545787811,0.286328136920929,-0.281640112400055,-0.40549710392952,0.0949952676892281,-0.070694126188755,-0.34361132979393,-0.0717292949557304,-0.150657922029495,0.201352655887604,-0.561022937297821,-0.558136701583862,-0.344059497117996,-0.162863403558731,-0.48355433344841,-0.235034674406052,-0.182434633374214,-0.290728181600571,0.425011575222015,-0.369969308376312,0.122627072036266,-0.50618189573288,0.0709905698895454,-0.587381958961487,0.152451291680336,-0.622781455516815,-0.375064134597778,-0.277558743953705,0.0264675077050924,-0.443386435508728,0.411718755960464,-0.527040898799896,-0.420664340257645,-0.468945384025574,-0.411368578672409,-0.0377696827054024,0.0159189701080322,-0.0967266783118248,-0.559401750564575,0.766433656215668,1,0.313463419675827,0.538874626159668,0.527421593666077,0.271768450737,0.271009922027588,0.57417893409729,0.52291214466095,0.38476300239563,0.5662482380867,0.244206219911575,-0.456183701753616,0.138856157660484,-0.040473647415638,0.407959371805191,0.347853690385818,0.500802457332611,0.229623466730118,-0.0721632689237595,0.26008614897728,-0.0338822267949581,-0.217492237687111,-0.342187941074371,0.816448450088501,-0.840806722640991,0.080072432756424,0.342559546232224,0.0523572452366352,-0.152073696255684,-0.831049561500549,-0.763667404651642,-0.827494740486145,-0.834904909133911,-0.84362268447876,-0.909993052482605,-0.813057124614716,-0.764917731285095,-0.8215212225914,-0.746799528598785,-0.721602618694305,-0.831975400447845,-0.747422575950623,-0.739944458007812,-0.853633880615234,-0.374559253454208,-0.461562812328339,-0.318166851997375,-0.537628650665283,-0.266109675168991,0.3885777592659,-0.553891897201538,-0.649457454681396,-0.328831166028976,-0.851157069206238
0.222337797284126,-0.587634384632111,0.216417297720909,-0.486807137727737,0.12296923995018,-0.0555797107517719,0.580352663993835,-0.630134224891663,0.616667449474335,-0.702096998691559,0.421450883150101,0.154073119163513,-0.538369655609131,-0.353513568639755,-0.639363586902618,0.338780581951141,0.0429178327322006,-0.828311502933502,-0.621345937252045,0.63338315486908,0.259638965129852,-0.84057742357254,-0.567545652389526,0.725323855876923,0.512788832187653,0.0982493385672569,0.322004377841949,0.128628417849541,0.0487177819013596,0.309440821409225,-0.487783282995224,-0.720313549041748,-0.11549224704504,-0.450387239456177,-0.567683756351471,-0.708971202373505,-0.736162483692169,-0.687547385692596,-0.444125860929489,-0.562822282314301,-0.727979063987732,-0.655673742294312,-0.14993143081665,-0.246551260352135,-0.335915476083755,-0.700957536697388,-0.630366444587708,-0.702232241630554,-0.690357506275177,-0.748766422271729,-0.604123651981354,-0.3884616792202,-0.649371206760406,-0.655053436756134,-0.425188928842545,0.280712991952896,0.0240172892808914,0.271122425794601,0.131779238581657,-0.343821138143539,-0.477476418018341,-0.281430155038834,0.720559120178223,0.192681014537811,0.144335970282555,-0.611126363277435,-0.558719336986542,-0.696474969387054,-0.638748049736023,-0.51535028219223,-0.832501411437988,-0.0976537987589836,-0.624572157859802,-0.598132789134979,-0.476174533367157,-0.560253083705902,0.121600851416588,0.52593058347702,-0.688017189502716,-0.489162087440491,-0.239683568477631,0.633014678955078,-0.636819064617157,-0.364390075206757,0.125738650560379,-0.118422605097294,0.634848296642303,0.856028437614441,0.263577342033386,-0.0336499065160751,-0.40114888548851,-0.36276763677597,-0.271156162023544,-0.49596843123436,-0.35500779747963,0.186585262417793,-0.679803013801575,0.594667017459869,0.270250022411346,0.787658214569092,0.029807336628437,-0.439563691616058,0.573080956935883,-0.663435161113739,0.341958045959473,-0.475708812475204,-0.653917133808136,-0.293372362852097,-0.326376587152481,-0.638020813465118,-0.553576767444611,0.385809689760208,-0.610017716884613,-0.590424001216888,-0.474814146757126,-0.577395915985107,-0.101253390312195,-0.559658050537109,0.144606858491898,-0.17541515827179,0.171492427587509,0.0580279566347599,-0.35004660487175,0.285058975219727,-0.335753947496414,-0.488609045743942,-0.653162062168121,-0.28130504488945,-0.683496534824371,-0.454207479953766,-0.708808124065399,-0.308833748102188,-0.644550859928131,-0.389789968729019,-0.730242073535919,-0.613334774971008,-0.537286221981049,-0.213213205337524,-0.599344551563263,-0.167893826961517,-0.344744116067886,-0.539142847061157,-0.738879084587097,-0.719177544116974,-0.411223083734512,-0.725275814533234,-0.542519927024841,0.406961470842361,-0.623450815677643,-0.445235371589661,-0.754886090755463,-0.273799866437912,0.547796010971069,0.637234449386597,0.305404722690582,0.672516882419586,0.749006748199463,0.521170198917389,0.651110827922821,0.554811358451843,0.579061150550842,0.194906890392303,0.0329411290585995,0.437233448028564,0.806174218654633,0.808197200298309,0.634111940860748,0.281975120306015,0.194138467311859,0.465300589799881,0.646852374076843,0.330035030841827,0.494664877653122,0.601371109485626,0.321586847305298,0.323415219783783,0.554681301116943,0.565033197402954,0.22807714343071,0.217018753290176,0.19553804397583,0.700848758220673,-0.117317847907543,0.39335972070694,0.511251270771027,0.727474331855774,0.431542694568634,0.43850913643837,0.428326517343521,0.461471557617188,0.265967667102814,0.304104804992676,0.631259262561798,0.691747069358826,0.769295752048492,0.0218518190085888,-0.275454610586166,0.313463419675827,1,-0.281924933195114,-0.218066021800041,0.124370165169239,0.829982817173004,-0.382535696029663,0.384060591459274,-0.516831278800964,0.788747489452362,0.885773599147797,0.441841810941696,0.577895402908325,-0.378874242305756,0.827218472957611,-0.152669921517372,0.448662638664246,0.127243250608444,0.674287915229797,-0.0390684604644775,0.0771124511957169,0.286458283662796,0.172355189919472,0.200704455375671,-0.168380096554756,-0.418732225894928,-0.498152673244476,-0.611968874931335,0.578167676925659,-0.195133283734322,-0.210430011153221,-0.0850576981902122,-0.251944065093994,0.115525215864182,-0.00936322379857302,0.0274170935153961,-0.262759476900101,-0.230031818151474,-0.458505868911743,-0.0714505910873413,-0.281137555837631,-0.172997385263443,0.180253505706787,-0.297645449638367,-0.0975314900279045,-0.485178709030151,-0.0336495116353035,0.407048761844635,0.503798305988312,0.813194036483765,-0.401426464319229,-0.690386891365051,-0.531785011291504,0.0239882785826921
-0.4068563580513,0.560953319072723,-0.264498889446259,0.939646542072296,-0.537384212017059,-0.218547537922859,-0.519066274166107,0.177616104483604,-0.678264200687408,0.511198282241821,-0.497809916734695,-0.310534685850143,0.523344755172729,0.242848575115204,0.0407976321876049,-0.453697293996811,-0.176779240369797,0.131123766303062,0.75441563129425,-0.47682449221611,-0.625172138214111,0.329031974077225,0.00390236941166222,-0.674319922924042,-0.733294129371643,-0.258119285106659,-0.325097292661667,-0.399947345256805,-0.032251875847578,-0.477985441684723,0.579909086227417,0.530578911304474,-0.156646177172661,0.398135840892792,0.451877117156982,0.443870276212692,0.570731103420258,0.606911480426788,0.579921782016754,0.572420001029968,0.454182595014572,0.637430787086487,-0.196482583880424,0.572187781333923,0.263605922460556,0.538364171981812,0.703228712081909,0.638631999492645,0.722601652145386,0.569538712501526,0.777580678462982,0.60002738237381,0.756029605865479,0.766234636306763,0.585793077945709,0.038644690066576,-0.0170320067554712,-0.222470059990883,-0.326653838157654,0.711909472942352,0.664534509181976,-0.267437636852264,-0.425969481468201,-0.0576409474015236,-0.0999480113387108,0.355573952198029,0.0798944234848022,0.699670135974884,0.813570320606232,0.234663680195808,0.617073476314545,-0.109139636158943,0.368498384952545,0.301044583320618,0.569378077983856,0.721295714378357,-0.356732845306396,-0.427236616611481,0.406635254621506,0.147983729839325,0.361527591943741,-0.526623606681824,0.626882016658783,0.0305070448666811,-0.00619454216212034,0.130800142884254,-0.613662958145142,-0.182195484638214,-0.150047212839127,-0.0130275934934616,-0.121363960206509,0.260480225086212,0.0713709369301796,0.426225692033768,0.405431687831879,0.174946397542953,0.524485170841217,-0.528719484806061,-0.43428036570549,-0.542656421661377,0.373579442501068,-0.0743082314729691,-0.657896280288696,-0.0476721003651619,0.603972256183624,0.69486278295517,0.580879330635071,0.374392300844193,0.403639763593674,0.37481290102005,0.279947519302368,-0.205255806446075,0.245538249611855,0.720604598522186,0.23100434243679,0.914197027683258,-0.275547236204147,0.474767774343491,-0.158151969313622,0.213801026344299,-0.139609530568123,-0.205413177609444,-0.0456109046936035,-0.404755920171738,0.942754507064819,0.164959311485291,0.714441418647766,0.361086249351501,0.767773628234863,0.423741638660431,0.455890744924545,0.166820779442787,0.771197378635406,0.20882810652256,0.480629473924637,0.492246031761169,0.848956763744354,0.164525061845779,0.711311519145966,0.101599752902985,0.771585702896118,0.363299012184143,0.328086376190186,0.442595332860947,-0.415039330720901,0.627873718738556,0.583980977535248,-0.0840152874588966,0.394268393516541,0.479104280471802,0.326219320297241,0.678887128829956,-0.0111274300143123,-0.538941085338593,-0.403386652469635,0.00543582532554865,-0.531593143939972,-0.632037043571472,-0.378256350755692,-0.57828015089035,-0.516837179660797,-0.41095182299614,-0.279206246137619,-0.544623792171478,-0.60857218503952,-0.658264636993408,-0.570334374904633,-0.424690157175064,-0.647477090358734,-0.143183559179306,-0.380013644695282,-0.503855466842651,-0.217334151268005,-0.669924736022949,0.0669523999094963,-0.273920685052872,-0.470427364110947,-0.57335638999939,-0.470563381910324,0.133959352970123,-0.537605106830597,-0.501389801502228,-0.486426711082458,-0.388475000858307,-0.401563107967377,-0.638629078865051,-0.857758462429047,-0.474165171384811,-0.703990817070007,-0.45653823018074,-0.684868276119232,-0.639575719833374,-0.476788431406021,-0.18879035115242,-0.634498119354248,-0.457055658102036,0.4521164894104,0.538874626159668,-0.281924933195114,1,0.596042811870575,0.557702541351318,-0.345200300216675,0.912408649921417,-0.116203963756561,0.669843196868896,-0.271326750516891,-0.472911059856415,-0.475609689950943,-0.24847637116909,-0.168002009391785,-0.402066260576248,0.794777095317841,-0.272020250558853,-0.00342332012951374,-0.497363477945328,0.264926254749298,-0.375969856977463,-0.148095116019249,-0.0502405911684036,0.26771867275238,-0.150612056255341,0.841543674468994,0.0464733354747295,0.335507243871689,-0.669819712638855,-0.25125390291214,-0.205617174506187,-0.596588134765625,-0.349918752908707,-0.74874484539032,-0.563776910305023,-0.602031111717224,-0.229843825101852,-0.354599863290787,-0.34891876578331,-0.394778192043304,-0.441644012928009,-0.0363727621734142,-0.607430100440979,-0.319688439369202,-0.449531614780426,0.14677757024765,-0.693288266658783,-0.414023756980896,-0.348813742399216,-0.278070449829102,0.183700829744339,-0.19131937623024,0.297067940235138,-0.622605800628662
-0.431453615427017,0.16341695189476,-0.256738364696503,0.562027215957642,0.182926565408707,0.193307280540466,0.0535690300166607,-0.0214043091982603,-0.121612198650837,0.253985852003098,0.102376893162727,-0.0411955080926418,0.306055754423141,-0.159064590930939,0.0299750287085772,0.111858814954758,0.331380248069763,0.111558564007282,0.598237752914429,0.157435089349747,-0.027565736323595,0.470348030328751,-0.0588010512292385,-0.125405937433243,-0.770996451377869,0.0072942259721458,0.206451714038849,0.0290798377245665,0.214469701051712,0.0048522399738431,-0.169203564524651,0.219657048583031,0.162141129374504,-0.215148538351059,0.0545774139463902,-0.0535349734127522,0.0786500424146652,0.12757682800293,-0.153990477323532,0.205050453543663,0.260405749082565,0.272444367408752,-0.0807217285037041,-0.0477942414581776,0.486162900924683,0.025716882199049,0.118783943355083,0.0569089539349079,0.213845178484917,0.193369254469872,0.260092496871948,0.31330332159996,0.29362016916275,0.141913563013077,-0.0896565392613411,0.418191194534302,0.389830887317657,0.133174359798431,0.201756730675697,0.345280110836029,0.184257924556732,0.159857749938965,-0.132905200123787,0.174942642450333,0.300443768501282,0.509977102279663,0.30550155043602,0.385700017213821,0.490746289491653,0.242944315075874,0.390420109033585,0.345507860183716,0.404650837182999,0.35541832447052,0.143491625785828,0.0950085818767548,0.119620196521282,0.101242661476135,0.263334333896637,0.242878958582878,0.53918182849884,0.0621599406003952,0.611512303352356,0.342948824167252,0.393763661384583,0.449735999107361,-0.172633394598961,-0.235150679945946,0.290566831827164,0.385111004114151,-0.0609251819550991,0.468603610992432,0.394528567790985,-0.203948214650154,0.0170626044273376,0.599996030330658,0.611655712127686,0.0224533751606941,-0.2369614392519,-0.0109311826527119,0.547337353229523,0.10822893679142,-0.202749192714691,0.0562187358736992,0.390950888395309,0.176778018474579,0.0621260441839695,-0.0841439068317413,-0.337299972772598,0.404079288244247,0.372091829776764,0.355274975299835,0.427959501743317,0.304020524024963,0.293678790330887,0.642632305622101,0.185839056968689,0.328936189413071,0.215144217014313,-0.192271903157234,0.220241710543633,0.398611932992935,0.280551105737686,0.250163584947586,0.643887877464294,0.245727270841599,0.179850548505783,0.65979129076004,0.351008504629135,0.453936457633972,0.205536425113678,0.434692442417145,0.435440689325333,0.407001465559006,0.25659304857254,0.455400794744492,0.293003797531128,0.691482484340668,0.42400711774826,0.635830700397491,0.582940399646759,0.761870622634888,0.258645534515381,0.25337091088295,0.0119776967912912,0.153611183166504,0.222908988595009,0.0853444561362267,0.416810274124146,-0.144390627741814,0.730078041553497,0.419382154941559,-0.0144842993468046,-0.395933657884598,-0.407972902059555,0.0187331326305866,-0.145400062203407,-0.484366148710251,-0.10354283452034,-0.518333733081818,-0.505502820014954,-0.170893162488937,-0.297469675540924,-0.344330549240112,-0.346812039613724,-0.342344582080841,-0.030957555398345,-0.46096482872963,-0.319477021694183,-0.19837874174118,-0.180954724550247,-0.288908511400223,-0.139163702726364,-0.477447599172592,-0.453883916139603,0.452182978391647,-0.34216719865799,0.0923389866948128,-0.298981219530106,0.2291219830513,-0.48281267285347,-0.108639068901539,-0.33536571264267,-0.214869424700737,-0.149587869644165,-0.0712322145700455,-0.481696993112564,-0.0119769535958767,-0.451471775770187,-0.297944784164429,-0.490188300609589,-0.459528297185898,-0.335123062133789,-0.239772692322731,-0.384752064943314,-0.210471823811531,0.538279712200165,0.527421593666077,-0.218066021800041,0.596042811870575,1,0.647976160049438,0.136092811822891,0.710574567317963,-0.0880737453699112,0.791930913925171,0.00416580447927117,-0.187480553984642,-0.668113887310028,-0.179777354001999,0.251764446496964,0.025681359693408,0.298435837030411,0.231342494487762,0.443263828754425,-0.574668765068054,0.421538561582565,0.145555391907692,-0.794692754745483,-0.611016631126404,0.751051127910614,-0.41994035243988,0.176502794027328,0.2157993465662,0.149457380175591,-0.567622244358063,-0.685474872589111,-0.699356079101562,-0.5965616106987,-0.584296584129333,-0.566198825836182,-0.706415832042694,-0.67788153886795,-0.664993107318878,-0.70274293422699,-0.621549546718597,-0.535438597202301,-0.643530011177063,-0.454008847475052,-0.525663316249847,-0.60613226890564,-0.144678473472595,-0.241289928555489,-0.156524240970612,-0.214691773056984,-0.468417346477509,-0.13682048022747,-0.209837898612022,-0.184821605682373,-0.394764572381973,-0.462192445993423
0.0676698163151741,-0.270919531583786,0.337523758411407,0.329405307769775,-0.0171377677470446,0.289948999881744,0.220537379384041,0.106119200587273,0.0570294894278049,-0.109727956354618,0.202591136097908,-0.0258875824511051,0.0378576926887035,0.0359290018677711,-0.298279404640198,0.163997605443001,0.113208994269371,-0.0524314455688,0.179977342486382,0.302621632814407,0.0223257597535849,0.115823365747929,-0.491544902324677,0.0700692608952522,-0.512587666511536,0.446055024862289,0.116983272135258,0.28708890080452,0.194086477160454,0.16836741566658,-0.137346103787422,-0.133226752281189,0.0521594882011414,0.00321133434772491,0.118245042860508,-0.270860344171524,-0.195048063993454,-0.0950543060898781,-0.188522011041641,-0.247757956385612,-0.161533609032631,0.00537448236718774,0.288008213043213,0.151919946074486,-0.0546465814113617,-0.221816971898079,0.0304579604417086,-0.0923278406262398,-0.056289866566658,-0.208919316530228,-0.0374859943985939,0.404520094394684,0.0346718244254589,0.095569871366024,-0.117728181183338,0.372261255979538,0.149313777685165,0.242696404457092,0.133749827742577,0.226402014493942,0.00567311234772205,-0.397772967815399,-0.000790924939792603,0.123335108160973,-0.0255257785320282,0.0378316715359688,-0.222170561552048,0.0623927935957909,0.0848123505711555,-0.185769096016884,-0.00888632424175739,0.0743017047643661,-0.0606760457158089,0.0692013055086136,-0.0370773524045944,0.0250343233346939,-0.185680985450745,0.39794659614563,-0.307492733001709,-0.405373781919479,0.173962369561195,-0.0285516194999218,0.141592666506767,0.0164908356964588,0.452979177236557,0.168055191636086,-0.145306512713432,0.0495250187814236,0.423799604177475,0.019875830039382,-0.211702555418015,0.0701087936758995,0.0834263861179352,-0.348412662744522,-0.450431078672409,0.389347761869431,0.5433309674263,0.186168685555458,-0.398932844400406,0.00454519642516971,0.579732835292816,-0.283178448677063,-0.172656014561653,-0.603934943675995,0.678912878036499,-0.145146235823631,-0.198013514280319,-0.364678740501404,-0.230144903063774,-0.0337297171354294,0.0213353522121906,0.359049081802368,-0.113348320126534,-0.0757570341229439,-0.178743377327919,0.451993077993393,-0.259827345609665,-0.031802162528038,-0.0338770300149918,-0.134781390428543,0.0536031201481819,-0.0205724090337753,-0.080536924302578,0.0814975500106812,0.573282957077026,-0.119882203638554,0.0167313441634178,0.45546081662178,0.0162150785326958,0.131241261959076,0.129932016134262,-0.0623202137649059,0.22690349817276,0.00970816891640425,-0.127373695373535,0.00762819545343518,0.115589670836926,0.308302283287048,0.119853436946869,0.283613801002502,0.628228485584259,0.217802718281746,-0.264635413885117,0.01931425742805,-0.464420467615128,-0.059869397431612,-0.0342519320547581,0.00239448179490864,-0.17315511405468,-0.221498548984528,0.195343211293221,0.0260997377336025,0.235136985778809,-0.212840259075165,0.187569573521614,0.286419123411179,-0.193052232265472,-0.054324209690094,-0.233369469642639,-0.205499678850174,-0.0808785483241081,-0.54146009683609,-0.536145150661469,0.0862289145588875,-0.140250861644745,-0.0461289398372173,-0.230444326996803,0.158348977565765,-0.0350629985332489,0.338316768407822,0.00557239446789026,0.234653532505035,0.103476636111736,-0.2730752825737,0.163081333041191,-0.0416337437927723,0.0985491722822189,0.0397522039711475,0.227825358510017,0.277720481157303,-0.0193431060761213,-0.266792505979538,-0.166542336344719,-0.00531868543475866,0.012972317636013,-0.0875063166022301,-0.460166275501251,-0.395276606082916,-0.0240674670785666,0.11217138916254,-0.173034310340881,-0.0849189385771751,-0.0958423390984535,-0.0305838026106358,-0.253010094165802,0.230246841907501,-0.0692079067230225,0.271768450737,0.124370165169239,0.557702541351318,0.647976160049438,1,0.348716020584106,0.538418531417847,-0.384644120931625,0.636221945285797,-0.16154545545578,-0.106219299137592,-0.0684619098901749,-0.124819286167622,0.0434272736310959,0.115192465484142,0.268204182386398,0.112822905182838,0.438956320285797,-0.366784602403641,0.226830422878265,0.184706404805183,-0.473135441541672,-0.340651839971542,0.308614999055862,0.0457434765994549,0.30388605594635,-0.361175298690796,-0.291795372962952,-0.510139763355255,-0.190184161067009,-0.242222264409065,-0.15617473423481,-0.245564013719559,-0.113436758518219,-0.210606962442398,-0.109621964395046,-0.222074344754219,-0.200034290552139,-0.50505393743515,0.00194877642206848,-0.283409744501114,0.12486494332552,0.0708171799778938,-0.193110391497612,-0.405659437179565,-0.271512299776077,-0.259271919727325,0.169347479939461,0.117513917386532,-0.0162542164325714,0.0756510272622108,-0.28980553150177,-0.373817890882492,-0.0907826870679855
0.187514081597328,-0.748809337615967,0.260944306850433,-0.549628674983978,0.550770998001099,0.279032677412033,0.80610603094101,-0.51647812128067,0.783730566501617,-0.746654033660889,0.694413959980011,0.273184061050415,-0.540358364582062,-0.347288966178894,-0.603038430213928,0.594785392284393,0.279882162809372,-0.720873415470123,-0.589257419109344,0.881443381309509,0.495095372200012,-0.510555386543274,-0.559308230876923,0.885483860969543,0.260349929332733,0.338597804307938,0.450034618377686,0.410422086715698,0.1000766903162,0.458715617656708,-0.750723004341125,-0.680903851985931,0.121673762798309,-0.551539063453674,-0.500126779079437,-0.788446366786957,-0.834678888320923,-0.752877056598663,-0.719532251358032,-0.643200039863586,-0.716488599777222,-0.676106512546539,0.110251113772392,-0.381308048963547,-0.275188803672791,-0.819009840488434,-0.729749023914337,-0.822328984737396,-0.793891727924347,-0.782127618789673,-0.751352250576019,-0.393289536237717,-0.71835845708847,-0.795090138912201,-0.641556799411774,0.524737358093262,0.272193282842636,0.4901984333992,0.342542350292206,-0.35307389497757,-0.569601058959961,-0.0737214684486389,0.737375676631927,0.368317842483521,0.299685478210449,-0.426638692617416,-0.406868040561676,-0.7054523229599,-0.688376486301422,-0.470551341772079,-0.765946269035339,0.160572916269302,-0.525540947914124,-0.444247394800186,-0.606950879096985,-0.7186199426651,0.240051493048668,0.774260878562927,-0.61778736114502,-0.479835957288742,-0.184160590171814,0.746635735034943,-0.519304752349854,-0.178706169128418,0.28442907333374,0.0188101883977652,0.75994074344635,0.588453471660614,0.581844091415405,0.113687872886658,-0.368030250072479,-0.187355175614357,0.00969328265637159,-0.838821232318878,-0.667442083358765,0.360141694545746,-0.393063455820084,0.723509073257446,0.0722725838422775,0.843276262283325,0.140545472502708,-0.328190207481384,0.543222725391388,-0.611747264862061,0.206920489668846,-0.674908697605133,-0.76685231924057,-0.657117307186127,-0.592140376567841,-0.510557889938354,-0.415667295455933,0.611621558666229,-0.397219330072403,-0.680991947650909,-0.467851519584656,-0.484464287757874,0.0981666594743729,-0.495355367660522,0.26728692650795,-0.396278738975525,0.285769551992416,0.370192855596542,-0.145445197820663,0.530592799186707,-0.362140387296677,-0.388320356607437,-0.733655750751495,-0.0465657860040665,-0.738333463668823,-0.304111123085022,-0.56864857673645,-0.141387552022934,-0.611422777175903,-0.299921989440918,-0.724012196063995,-0.500190675258636,-0.714343965053558,0.11483059823513,-0.636400699615479,0.182620748877525,-0.330566495656967,-0.226873889565468,-0.668034851551056,-0.683893084526062,-0.174240723252296,-0.759292602539062,-0.676458299160004,0.247776836156845,-0.549382567405701,-0.642165720462799,-0.351398050785065,-0.286876410245895,0.436148852109909,0.498186498880386,0.265204101800919,0.475218594074249,0.795311748981476,0.545683681964874,0.679917275905609,0.504013776779175,0.4172103703022,0.251100271940231,0.0260627921670675,0.550805985927582,0.758301019668579,0.762902915477753,0.752719104290009,0.250514388084412,0.263045489788055,0.340612232685089,0.49335241317749,0.426135838031769,0.31236132979393,0.600020825862885,0.0283998250961304,0.551063239574432,0.504224300384521,0.750565230846405,0.340569913387299,0.101255856454372,0.301155000925064,0.703100204467773,0.0828162431716919,0.257854670286179,0.408606946468353,0.842927038669586,0.380424827337265,0.511637330055237,0.52333015203476,0.380778789520264,0.407761126756668,0.442394137382507,0.427964448928833,0.533425807952881,0.628546476364136,0.243419006466866,-0.179472059011459,0.271009922027588,0.829982817173004,-0.345200300216675,0.136092811822891,0.348716020584106,1,-0.360796988010406,0.183190658688545,-0.205530747771263,0.685446918010712,0.757339596748352,0.305018126964569,0.299068063497543,0.0390896834433079,0.938203632831573,-0.355891764163971,0.604084312915802,0.425364643335342,0.307162702083588,0.0297956727445126,0.471059590578079,-0.20732806622982,-0.324068486690521,0.425365537405014,-0.279575884342194,-0.632766306400299,-0.385671406984329,-0.557618618011475,0.388134688138962,-0.350214749574661,-0.393000304698944,-0.0259307976812124,-0.270314514636993,0.197326421737671,-0.0806852579116821,0.0318947024643421,-0.377692669630051,-0.32300654053688,-0.552845001220703,0.00225164904259145,-0.269990384578705,-0.276347994804382,0.248237416148186,-0.32093870639801,0.0890614539384842,-0.703433275222778,0.217832639813423,0.429145872592926,0.495205909013748,0.65057760477066,-0.402151733636856,-0.509562373161316,-0.861942112445831,0.0437410362064838
-0.475887089967728,0.624294459819794,-0.304894030094147,0.925663888454437,-0.356577426195145,0.061080202460289,-0.317767262458801,0.274180710315704,-0.494086056947708,0.679479718208313,-0.24640454351902,-0.0189856309443712,0.693293929100037,0.197057008743286,0.321179687976837,-0.162835583090782,0.181348025798798,0.378304302692413,0.884799301624298,-0.306075692176819,-0.316777944564819,0.507727324962616,0.136005342006683,-0.567144572734833,-0.651237070560455,-0.21893410384655,0.002700116019696,-0.214462593197823,0.264305800199509,-0.164069592952728,0.395387887954712,0.458157628774643,0.123664528131485,0.213007047772408,0.332680642604828,0.328775554895401,0.498400330543518,0.520587205886841,0.347701877355576,0.438978523015976,0.614247918128967,0.671135425567627,-0.102735221385956,0.352215200662613,0.581284999847412,0.447262555360794,0.537514090538025,0.512940645217896,0.635473668575287,0.485119730234146,0.679896712303162,0.390411585569382,0.639209568500519,0.645113825798035,0.328869849443436,0.243425190448761,0.264945596456528,0.0181028917431831,0.0442693270742893,0.70916485786438,0.567830204963684,0.0328970104455948,-0.296081036329269,0.0687077715992928,0.201680317521095,0.615762412548065,0.407281845808029,0.749516367912292,0.792671680450439,0.478137522935867,0.668086111545563,0.252466142177582,0.630445599555969,0.489790678024292,0.589581668376923,0.535492241382599,0.00186406017746776,-0.271637797355652,0.368950307369232,0.35817739367485,0.676330089569092,-0.327270805835724,0.786852896213531,0.399655133485794,0.306565403938293,0.505918025970459,-0.563154935836792,-0.354683697223663,0.0543313957750797,0.324496448040009,0.166771322488785,0.534918546676636,0.348843932151794,0.279171496629715,0.358773052692413,0.438235521316528,0.686804234981537,-0.413517773151398,-0.267381072044373,-0.425910711288452,0.634145438671112,0.199688509106636,-0.456967264413834,0.168098255991936,0.64128714799881,0.627458870410919,0.418091088533401,0.289252042770386,0.13905194401741,0.616842448711395,0.568913519382477,0.0928519815206528,0.463642805814743,0.589857280254364,0.472600519657135,0.867314636707306,0.0659460797905922,0.634215533733368,0.068514809012413,0.37581330537796,0.192356362938881,0.0628568455576897,0.284858375787735,-0.0648671686649323,0.974748492240906,0.449082940816879,0.55525130033493,0.684485554695129,0.705128788948059,0.558191895484924,0.512503147125244,0.420157164335251,0.679090261459351,0.385710388422012,0.612507998943329,0.635429263114929,0.723142623901367,0.42570772767067,0.837183713912964,0.43765577673912,0.871475756168365,0.612991273403168,0.428484380245209,0.487782925367355,-0.176645502448082,0.504324197769165,0.710003137588501,0.176187917590141,0.607982039451599,0.207704946398735,0.541585505008698,0.570962011814117,-0.248243629932404,-0.678719580173492,-0.454089939594269,-0.0879573449492455,-0.632762432098389,-0.792985379695892,-0.540860235691071,-0.790702223777771,-0.650781035423279,-0.540803730487823,-0.518795728683472,-0.659937798976898,-0.740702509880066,-0.68652880191803,-0.544448912143707,-0.486857026815414,-0.507717847824097,-0.262406289577484,-0.396824508905411,-0.484275490045547,-0.239810407161713,-0.826533675193787,-0.223664477467537,-0.0549575090408325,-0.57499897480011,-0.383634865283966,-0.454240769147873,0.297517776489258,-0.712425827980042,-0.599189102649689,-0.647561073303223,-0.328995019197464,-0.381591856479645,-0.614709973335266,-0.782930791378021,-0.325898259878159,-0.785095274448395,-0.43133682012558,-0.805581629276276,-0.743104457855225,-0.312645196914673,-0.449629098176956,-0.674946784973145,-0.407807618379593,0.574667274951935,0.57417893409729,-0.382535696029663,0.912408649921417,0.710574567317963,0.538418531417847,-0.360796988010406,1,-0.076498731970787,0.822252929210663,-0.229452252388,-0.431170344352722,-0.61105877161026,-0.117814272642136,-0.0623241513967514,-0.393444061279297,0.573733329772949,0.0108140483498573,0.0985570400953293,-0.463436990976334,0.286295413970947,-0.296780169010162,-0.351475805044174,-0.198227733373642,0.463805228471756,-0.295577198266983,0.656482458114624,0.329385966062546,0.184630841016769,-0.742767095565796,-0.456992924213409,-0.422240734100342,-0.600147008895874,-0.531987309455872,-0.736872911453247,-0.659594535827637,-0.646427929401398,-0.425795674324036,-0.459426552057266,-0.375406384468079,-0.530596077442169,-0.560214579105377,-0.239939153194427,-0.629651486873627,-0.486235976219177,-0.544654786586761,0.129647180438042,-0.418480545282364,-0.539940297603607,-0.581712305545807,-0.2705237865448,-0.0833727419376373,-0.195649012923241,0.165915876626968,-0.561215698719025
0.109986297786236,0.0736926347017288,-0.0540540665388107,0.0285117272287607,0.159500971436501,-0.164278924465179,0.137770935893059,-0.156791105866432,0.107190005481243,-0.182723104953766,0.0131004108116031,0.201971769332886,-0.228728994727135,-0.42819544672966,0.221170336008072,0.0727686807513237,-0.0229672882705927,-0.249846905469894,-0.145465046167374,0.0870366245508194,0.147718414664268,-0.373001575469971,-0.262730687856674,0.217118471860886,0.211624592542648,-0.104593060910702,0.0570502430200577,0.087850958108902,-0.288317233324051,0.0305584818124771,-0.231937453150749,0.027847770601511,-0.249245181679726,-0.178715869784355,-0.180420473217964,-0.182629436254501,-0.243834927678108,-0.322189778089523,-0.0799698755145073,0.110743008553982,-0.187599986791611,-0.296213418245316,-0.230270117521286,-0.4283407330513,0.0930163934826851,-0.276766210794449,-0.179788857698441,-0.178454712033272,-0.159835904836655,-0.0797744765877724,0.0406238958239555,-0.44416943192482,-0.277746021747589,-0.291109383106232,-0.218997225165367,0.00602226378396153,-0.0427191033959389,0.0723402202129364,-0.0100206499919295,-0.0116274887695909,-0.29557728767395,0.119154497981071,0.419026523828506,-0.196873098611832,0.301359206438065,-0.27218160033226,-0.0459989979863167,-0.322609692811966,0.0707436949014664,-0.190306767821312,-0.339410036802292,0.0936352610588074,-0.159137845039368,-0.575616955757141,-0.361987262964249,-0.316330999135971,0.187764391303062,0.135036364197731,0.0268271565437317,0.0073061459697783,-0.00204708217643201,0.232228189706802,-0.25441786646843,-0.169038161635399,-0.197618767619133,0.1260686814785,0.536868274211884,0.278879731893539,-0.0353857167065144,0.00896232202649117,-0.372803151607513,-0.201211884617805,-0.107010073959827,0.0640934407711029,0.328728914260864,-0.0626274198293686,-0.319004982709885,-0.0956635177135468,0.52083158493042,0.315612375736237,-0.224868103861809,-0.275234639644623,0.349726527929306,0.30706661939621,0.218452200293541,0.296148091554642,-0.129918932914734,0.278754204511642,-0.0916755795478821,-0.214923501014709,-0.268660694360733,0.0540984980762005,-0.229359865188599,-0.0784948468208313,-0.206138014793396,-0.275796145200729,0.276290982961655,-0.0715354382991791,-0.178505524992943,-0.0499466098845005,0.115143939852715,0.0678793713450432,-0.22082145512104,0.166651174426079,-0.214935898780823,-0.203445583581924,-0.137981846928596,-0.209841713309288,-0.181150108575821,-0.453808635473251,-0.366659492254257,-0.143891930580139,-0.483411580324173,-0.416434794664383,-0.283313184976578,-0.307699263095856,-0.178506016731262,-0.335073828697205,-0.193927481770515,-0.00746324937790632,-0.431152403354645,-0.268686175346375,-0.31529912352562,-0.645151734352112,-0.234795108437538,-0.242896884679794,-0.217056199908257,0.544382512569427,-0.0397355332970619,-0.186367109417915,-0.294379532337189,0.175830915570259,0.23559433221817,0.431143194437027,-0.046559926122427,0.268877327442169,0.311335235834122,0.130311325192451,0.435244858264923,0.318007856607437,0.262369722127914,0.545941293239594,0.315993458032608,0.135188415646553,0.418107151985168,0.347570419311523,0.269431680440903,-0.0562483035027981,0.0839090719819069,-0.00086693256162107,0.264545738697052,-0.0264796353876591,0.141563504934311,0.393438786268234,0.0275423731654882,0.507818102836609,0.212578222155571,0.467144697904587,-0.05738315731287,-0.116565383970737,-0.139674887061119,0.479529738426208,-0.137090757489204,0.107131324708462,0.192908018827438,0.184372693300247,0.318764179944992,0.454464703798294,0.0420907847583294,0.122040368616581,0.0212499611079693,0.0529410056769848,0.278535395860672,-0.0529342032968998,0.515576839447021,-0.178178265690804,0.413567453622818,0.52291214466095,0.384060591459274,-0.116203963756561,-0.0880737453699112,-0.384644120931625,0.183190658688545,-0.076498731970787,1,-0.237152084708214,0.578141689300537,0.416456609964371,-0.435215651988983,0.484068185091019,0.084571436047554,0.371481329202652,0.200806125998497,0.351103156805038,0.372161120176315,0.422770410776138,0.55486136674881,0.161083936691284,-0.0154614755883813,0.122135162353516,0.375323593616486,-0.515322089195251,-0.304921329021454,0.316126585006714,0.0954790711402893,0.664331257343292,-0.519506514072418,-0.549297630786896,-0.636591553688049,-0.665417194366455,-0.345881760120392,-0.53977358341217,-0.406798809766769,-0.589809238910675,-0.579377830028534,-0.55970287322998,-0.659241259098053,-0.599486887454987,-0.729081094264984,-0.331546813249588,-0.633259117603302,-0.348443746566772,-0.520940184593201,-0.251496702432632,-0.0934795588254929,-0.342798262834549,0.778694629669189,-0.742149949073792,-0.705341100692749,-0.30671563744545,-0.300072997808456
-0.287343263626099,0.374249190092087,-0.0659229829907417,0.704065978527069,0.13053959608078,0.476063191890717,-0.0385181531310081,0.552228093147278,-0.25656521320343,0.534227967262268,0.0633140876889229,0.213245555758476,0.593572378158569,0.323226779699326,0.430719941854477,0.137811899185181,0.341820895671844,0.509237766265869,0.709444761276245,-0.0641700997948647,0.0089025367051363,0.777015745639801,0.0988198965787888,-0.32765594124794,-0.708211481571198,0.166631132364273,0.0407652035355568,0.222296088933945,0.19047087430954,0.0297407116740942,0.158788174390793,0.489250779151917,0.36008009314537,0.270793676376343,0.508729994297028,0.278264164924622,0.352620989084244,0.398976743221283,0.0917771607637405,0.273885309696198,0.532864511013031,0.559812963008881,0.368876338005066,0.229277804493904,0.440866112709045,0.28624814748764,0.428060621023178,0.388050407171249,0.452475011348724,0.387908071279526,0.442032754421234,0.247697770595551,0.444570660591125,0.461126297712326,0.10136890411377,0.425266623497009,0.432903170585632,0.311175107955933,0.227508872747421,0.662479281425476,0.38702180981636,0.199388220906258,-0.188631519675255,0.207805663347244,0.303457528352737,0.629204034805298,0.465759724378586,0.591529190540314,0.585710227489471,0.409406542778015,0.599457621574402,0.479309290647507,0.594912230968475,0.48902702331543,0.347142159938812,0.315128356218338,0.0724666640162468,0.0558409579098225,0.358118414878845,0.202842533588409,0.527309954166412,-0.271348029375076,0.686241328716278,0.487461715936661,0.341072857379913,0.535818219184875,-0.303604453802109,-0.656854152679443,0.411619067192078,0.325273275375366,0.183206647634506,0.556044578552246,0.575957059860229,-0.0767609924077988,-0.0768648684024811,0.39219132065773,0.898914873600006,-0.347670614719391,-0.473779946565628,-0.409485071897507,0.580827474594116,0.234059572219849,-0.467843443155289,0.214586511254311,0.42478820681572,0.382593274116516,0.269981026649475,-0.165875285863876,-0.0204893406480551,0.621856153011322,0.594085156917572,0.245049715042114,0.53708827495575,0.359659969806671,0.293461352586746,0.792124927043915,0.253504633903503,0.635603666305542,0.0515711195766926,0.215166136622429,0.255676746368408,0.270812004804611,0.399864107370377,0.135900408029556,0.743535459041595,0.46722349524498,0.44006136059761,0.749105334281921,0.518975675106049,0.530189514160156,0.688013195991516,0.413521289825439,0.541151463985443,0.223789617419243,0.51358425617218,0.578284740447998,0.401006042957306,0.504793047904968,0.650877296924591,0.658651828765869,0.684666693210602,0.670021593570709,0.359784573316574,0.362829297780991,0.0236995816230774,0.438013672828674,0.452517181634903,-0.0392118059098721,0.525754749774933,0.0146004157140851,0.759297907352448,0.435127586126328,-0.396000564098358,-0.735132098197937,-0.304670870304108,-0.366942197084427,-0.58989953994751,-0.563232839107513,-0.506285309791565,-0.641522467136383,-0.662749886512756,-0.426002472639084,-0.43392938375473,-0.332106322050095,-0.694118976593018,-0.635264277458191,-0.472258001565933,-0.293988436460495,-0.287930130958557,-0.332755297422409,-0.584217190742493,-0.203671038150787,-0.470644891262054,-0.638982951641083,-0.363325625658035,0.0193841122090816,-0.490693658590317,-0.182667180895805,-0.133695691823959,-0.00299835368059576,-0.363941669464111,-0.627970039844513,-0.256221324205399,-0.476878434419632,-0.518239378929138,-0.532185614109039,-0.734586000442505,-0.281622350215912,-0.480106592178345,-0.423012942075729,-0.415434002876282,-0.347459495067596,-0.470464736223221,-0.657141625881195,-0.745580971240997,0.0168711990118027,0.537324845790863,0.38476300239563,-0.516831278800964,0.669843196868896,0.791930913925171,0.636221945285797,-0.205530747771263,0.822252929210663,-0.237152084708214,1,-0.403128504753113,-0.578442811965942,-0.577703237533569,-0.430613458156586,0.451504051685333,-0.260574460029602,0.26628440618515,0.141739994287491,0.413178712129593,-0.750951707363129,0.297439694404602,0.22616583108902,-0.717677414417267,-0.627100706100464,0.476729661226273,-0.312002956867218,0.354586124420166,0.427732318639755,0.213830515742302,-0.772148609161377,-0.411818742752075,-0.415797650814056,-0.347179174423218,-0.397668242454529,-0.447823405265808,-0.537621259689331,-0.376498132944107,-0.338948398828506,-0.319962501525879,-0.329481363296509,-0.245486706495285,-0.334829688072205,-0.223851457238197,-0.330182373523712,-0.314955711364746,-0.392250567674637,-0.151993587613106,-0.109742157161236,-0.471479564905167,-0.422075092792511,-0.374473065137863,-0.042024701833725,0.0268015284091234,-0.129596188664436,-0.40224152803421
-0.265863209962845,-0.191144809126854,-0.320238351821899,-0.334472119808197,0.28023761510849,-0.0207941625267267,0.545009791851044,-0.748528361320496,0.577219307422638,-0.329384237527847,0.461066961288452,0.300507038831711,-0.195177510380745,-0.390984982252121,-0.357098907232285,0.424722135066986,0.370659857988358,-0.703163325786591,-0.256545186042786,0.592392265796661,0.296015501022339,-0.554575502872467,-0.117822147905827,0.631021022796631,0.454112201929092,-0.327146202325821,0.526110768318176,-0.0871254429221153,0.239072933793068,0.288738191127777,-0.492602318525314,-0.519849061965942,0.151308909058571,-0.646098017692566,-0.664578258991241,-0.556808531284332,-0.517676413059235,-0.493794500827789,-0.445743978023529,-0.278530180454254,-0.315211921930313,-0.373153358697891,-0.416196972131729,-0.340186417102814,0.183556094765663,-0.494907796382904,-0.609380841255188,-0.618564605712891,-0.496682524681091,-0.48883980512619,-0.420127987861633,-0.600229203701019,-0.467937797307968,-0.633699417114258,-0.426068872213364,0.466853946447372,0.375313252210617,0.331564903259277,0.32694998383522,-0.181955844163895,-0.275503724813461,0.262807905673981,0.750094056129456,0.414807736873627,0.547605812549591,-0.145181030035019,-0.0391700267791748,-0.391930431127548,-0.392258048057556,-0.0384626798331738,-0.511264204978943,0.248340502381325,-0.156081050634384,-0.258947789669037,-0.214689329266548,-0.518912196159363,0.516413927078247,0.318240612745285,-0.294235944747925,0.0998121723532677,0.162434786558151,0.811724424362183,-0.214406177401543,0.0360816866159439,0.194235071539879,0.234660670161247,0.62800544500351,0.629408955574036,0.270877242088318,0.411865502595901,-0.108301289379597,0.0942917093634605,0.109247624874115,-0.460483461618423,-0.0367339886724949,0.481832683086395,-0.679887056350708,0.512022316455841,0.38265186548233,0.843790471553802,0.145097881555557,0.0189960710704327,0.600655376911163,-0.156922072172165,0.15644308924675,-0.257099658250809,-0.500844061374664,-0.149624019861221,-0.422357797622681,-0.188951224088669,-0.144572764635086,0.50919634103775,-0.0987256094813347,-0.345066428184509,0.00708315288648009,-0.459491580724716,0.366187512874603,-0.174723580479622,0.516817629337311,-0.0207579061388969,0.485718816518784,0.500629663467407,0.0874265283346176,0.531671404838562,-0.247126400470734,-0.0492041446268559,-0.591455161571503,-0.0148615762591362,-0.43854022026062,-0.0795690193772316,-0.601601779460907,0.21565455198288,-0.492860049009323,-0.0136036491021514,-0.346011966466904,-0.17403282225132,-0.4303218126297,0.16761988401413,-0.278698563575745,0.202819615602493,-0.326868623495102,-0.0849746540188789,-0.281106889247894,-0.493828773498535,0.0488664135336876,-0.594933211803436,-0.226108625531197,0.558926522731781,-0.0868805199861526,-0.433134913444519,-0.375986129045486,0.021569786593318,0.208311825990677,0.390939086675644,-0.223824813961983,0.411625564098358,0.790895879268646,0.0996094346046448,0.719969868659973,0.214201107621193,0.162224322557449,0.378342986106873,0.102877371013165,0.0124291572719812,0.590163290500641,0.557307243347168,0.835625469684601,-0.258822083473206,-0.0711759850382805,-0.0370955727994442,0.462709605693817,-0.131324931979179,0.255724370479584,0.371089935302734,-0.245874255895615,0.696678936481476,0.111607149243355,0.598791480064392,-0.239877983927727,0.256407797336578,-0.254940122365952,0.775432407855988,-0.392879098653793,0.196412146091461,0.329951554536819,0.767258763313293,0.386514544487,0.836773633956909,0.0213941019028425,0.0917820855975151,-0.0468716211616993,-0.0463617146015167,0.552403926849365,0.542593717575073,0.6311154961586,-0.384816229343414,0.219968348741531,0.5662482380867,0.788747489452362,-0.271326750516891,0.00416580447927117,-0.16154545545578,0.685446918010712,-0.229452252388,0.578141689300537,-0.403128504753113,1,0.902991116046906,0.0877906829118729,0.590857148170471,-0.305815756320953,0.813067734241486,-0.25323674082756,0.672728419303894,0.0174794159829617,0.590193152427673,-0.0614192150533199,-0.0258955154567957,0.125876232981682,-0.0506604537367821,0.584643721580505,-0.608094215393066,-0.557550728321075,0.0136558338999748,-0.402839839458466,0.469040304422379,-0.611371755599976,-0.568687260150909,-0.364846438169479,-0.527134120464325,-0.247765108942986,-0.383874624967575,-0.402067571878433,-0.605299532413483,-0.591794431209564,-0.489620894193649,-0.465417802333832,-0.552222073078156,-0.63734233379364,-0.295508801937103,-0.638433158397675,0.0880140066146851,-0.415879428386688,0.170150518417358,-0.00876692216843367,0.0958468243479729,0.710640072822571,-0.67473179101944,-0.603206932544708,-0.530388116836548,-0.296350866556168
0.0431659109890461,-0.492413491010666,-0.00533910933881998,-0.590431690216064,0.217769905924797,-0.00809418596327305,0.650586128234863,-0.758705079555511,0.738715589046478,-0.543926060199738,0.546098589897156,0.255728095769882,-0.430388599634171,-0.523784399032593,-0.468938171863556,0.48103329539299,0.312969535589218,-0.664452612400055,-0.514953374862671,0.713990688323975,0.444858103990555,-0.753060340881348,-0.307385414838791,0.775794386863708,0.63987785577774,-0.071145623922348,0.620876431465149,0.0794068723917007,0.327909737825394,0.498744696378708,-0.655654072761536,-0.824178159236908,0.0607663430273533,-0.760392069816589,-0.843151926994324,-0.798386991024017,-0.761377155780792,-0.74519956111908,-0.634096264839172,-0.615487337112427,-0.567632377147675,-0.644461691379547,-0.322585076093674,-0.502916753292084,0.00416886154562235,-0.726540684700012,-0.831863403320312,-0.837727069854736,-0.76243394613266,-0.781315684318542,-0.697684288024902,-0.544196367263794,-0.721398830413818,-0.807787299156189,-0.619071841239929,0.320128351449966,0.202344685792923,0.29107129573822,0.395890742540359,-0.507067739963531,-0.556292831897736,0.0513140745460987,0.733966886997223,0.25512558221817,0.348979264497757,-0.357608407735825,-0.235549673438072,-0.64029723405838,-0.665781021118164,-0.246853172779083,-0.75699645280838,0.119973845779896,-0.381929695606232,-0.374298363924026,-0.418651044368744,-0.714582860469818,0.465506225824356,0.492332339286804,-0.647018671035767,-0.135859474539757,0.0365534462034702,0.866438984870911,-0.471781581640244,-0.0537232309579849,0.334691435098648,0.127551883459091,0.61281681060791,0.791878521442413,0.235239088535309,0.28656730055809,-0.0996643751859665,-0.121319934725761,-0.112360201776028,-0.522576212882996,-0.222364068031311,0.404961675405502,-0.714987516403198,0.767999589443207,0.551095008850098,0.946455478668213,0.142002046108246,-0.105325743556023,0.819425225257874,-0.387056946754456,0.159816950559616,-0.570493876934052,-0.757304549217224,-0.212410494685173,-0.579874515533447,-0.427261501550674,-0.31410214304924,0.554747641086578,-0.367847174406052,-0.640391111373901,-0.129693508148193,-0.711861848831177,0.18551105260849,-0.48739966750145,0.436819911003113,-0.116455033421516,0.405075073242188,0.309432297945023,-0.037979856133461,0.547953724861145,-0.414336681365967,-0.23103666305542,-0.83061021566391,-0.0995659083127975,-0.72214263677597,-0.301712393760681,-0.802581012248993,-0.0201647561043501,-0.70130056142807,-0.0543631762266159,-0.581257104873657,-0.447804540395737,-0.626250922679901,0.0678184852004051,-0.519054710865021,0.0352606363594532,-0.344432860612869,-0.269096046686172,-0.521568417549133,-0.567881882190704,-0.0458137989044189,-0.846264719963074,-0.41393518447876,0.610083401203156,-0.378481239080429,-0.620665848255157,-0.557524085044861,-0.388915032148361,0.371661126613617,0.60286408662796,0.152204766869545,0.618945240974426,0.77445662021637,0.344738155603409,0.601183235645294,0.364075392484665,0.472710162401199,0.200349897146225,-0.059075441211462,0.223018229007721,0.738368093967438,0.802480459213257,0.792663216590881,0.0982512384653091,0.277340650558472,0.311486154794693,0.734741926193237,0.213688045740128,0.559847354888916,0.472527652978897,-0.0199265740811825,0.590140283107758,0.423094093799591,0.704413235187531,0.0856676399707794,0.428779304027557,-0.0317828208208084,0.765021562576294,-0.26616844534874,0.537030339241028,0.632158041000366,0.865057945251465,0.640946686267853,0.669159352779388,0.308861523866653,0.466230571269989,0.107900135219097,0.116971582174301,0.799572110176086,0.61144232749939,0.822800397872925,-0.0972073972225189,-0.197871908545494,0.244206219911575,0.885773599147797,-0.472911059856415,-0.187480553984642,-0.106219299137592,0.757339596748352,-0.431170344352722,0.416456609964371,-0.578442811965942,0.902991116046906,1,0.338706582784653,0.757834434509277,-0.42397466301918,0.786468744277954,-0.394927859306335,0.609404563903809,0.0176920723170042,0.799984872341156,-0.110722362995148,-0.0220637321472168,0.223108902573586,0.161369726061821,0.32591238617897,-0.251017689704895,-0.624291002750397,-0.264807909727097,-0.683346688747406,0.591569900512695,-0.345208615064621,-0.352612435817719,-0.0661795660853386,-0.320436894893646,0.130119413137436,-0.0304526798427105,-0.0648842751979828,-0.408709436655045,-0.328908950090408,-0.353326857089996,-0.232385367155075,-0.348540842533112,-0.351335972547531,0.0790008082985878,-0.411181718111038,0.0536779053509235,-0.317709684371948,0.268243074417114,0.338408410549164,0.245086014270782,0.759380042552948,-0.592943251132965,-0.576629638671875,-0.539836406707764,0.117288678884506
0.243587672710419,-0.459557294845581,0.263704359531403,-0.667746424674988,-0.0442711487412453,0.08137396723032,0.283742994070053,-0.21089118719101,0.420625150203705,-0.392933398485184,0.266931772232056,0.0956471115350723,-0.260974198579788,0.303271412849426,-0.507330596446991,0.176621153950691,-0.0586672388017178,-0.383305013179779,-0.607767820358276,0.265313744544983,0.122869476675987,-0.43516930937767,-0.0241941437125206,0.39755117893219,0.654474794864655,0.0990095213055611,0.0592220462858677,0.0274273101240396,0.133077681064606,0.186806619167328,-0.0149681735783815,-0.542783796787262,0.150960758328438,0.0228784084320068,-0.189470127224922,-0.216318994760513,-0.282617777585983,-0.215031519532204,-0.124620892107487,-0.522976398468018,-0.38810858130455,-0.278644472360611,0.199444815516472,0.234913095831871,-0.522848904132843,-0.205941364169121,-0.312617510557175,-0.314646810293198,-0.413779020309448,-0.484018117189407,-0.556815207004547,-0.219350144267082,-0.361573934555054,-0.276495099067688,-0.0442626290023327,0.0333936549723148,-0.0582586340606213,0.153477877378464,0.0326644368469715,-0.3183713555336,-0.12906751036644,-0.22273813188076,0.300965428352356,0.293236881494522,-0.188148185610771,-0.402727276086807,-0.39343199133873,-0.381567984819412,-0.752522766590118,-0.229762181639671,-0.455499291419983,-0.215760961174965,-0.427887797355652,-0.097052775323391,-0.0628795251250267,-0.169723317027092,-0.0452820137143135,0.18183995783329,-0.533582925796509,-0.388628721237183,-0.439197361469269,0.220038846135139,-0.524451732635498,-0.218906685709953,-0.0201079845428467,-0.36455711722374,0.171177357435226,0.366736739873886,0.122175045311451,-0.173821374773979,0.138459980487823,-0.253863394260406,-0.180641546845436,-0.301435649394989,-0.517088413238525,-0.161993935704231,-0.551975846290588,0.380167037248611,-0.149923905730247,0.263609915971756,-0.126289576292038,-0.032514676451683,0.187379658222198,-0.592060387134552,-0.234026774764061,-0.595188200473785,-0.323746353387833,-0.428089737892151,0.0906760990619659,-0.383254826068878,-0.27593407034874,0.0353579968214035,-0.35548934340477,-0.483842372894287,-0.278613030910492,-0.52726799249649,-0.244824171066284,-0.373894423246384,0.172686398029327,0.128031328320503,-0.0108273820951581,-0.128248184919357,-0.112332321703434,-0.0254309959709644,-0.453125596046448,-0.191759049892426,-0.399604380130768,-0.366900324821472,-0.47774812579155,-0.134447902441025,-0.19216151535511,-0.243086919188499,-0.298566669225693,-0.189252555370331,-0.325331389904022,-0.34324386715889,-0.410674601793289,-0.255385875701904,-0.436023622751236,-0.378804624080658,-0.28681007027626,-0.55037933588028,-0.313851475715637,-0.120206363499165,0.0171923693269491,-0.325002878904343,-0.269322752952576,-0.222275346517563,-0.523750424385071,-0.0492208823561668,-0.640389442443848,-0.483743906021118,0.0393295288085938,0.221544846892357,0.38035124540329,0.069702222943306,0.342980653047562,0.478208899497986,0.177445605397224,0.391322016716003,0.366306453943253,-0.13483065366745,-0.000520918401889503,0.359586238861084,0.359858393669128,0.397289305925369,0.260024785995483,0.423644304275513,0.192871332168579,0.266564846038818,0.193504378199577,0.343250781297684,0.140175402164459,0.370744049549103,0.341308981180191,-0.420738220214844,0.294434607028961,-0.0451475344598293,0.321117758750916,-0.00552478712052107,0.501711905002594,0.130831450223923,0.227734535932541,0.165454372763634,0.137660562992096,0.359543859958649,0.274091958999634,0.0447278991341591,0.472470760345459,0.262829691171646,0.470411390066147,0.45179483294487,0.344972372055054,0.563237071037292,0.264695763587952,0.254385441541672,-0.698223769664764,-0.456183701753616,0.441841810941696,-0.475609689950943,-0.668113887310028,-0.0684619098901749,0.305018126964569,-0.61105877161026,-0.435215651988983,-0.577703237533569,0.0877906829118729,0.338706582784653,1,0.034005980938673,-0.358892232179642,0.275441735982895,-0.505617618560791,-0.0331233628094196,-0.465223670005798,0.394891977310181,-0.755019307136536,-0.0929739326238632,0.637886464595795,0.263820886611938,-0.544311940670013,0.408317804336548,-0.207992389798164,-0.550035536289215,-0.510111629962921,0.173607751727104,0.622661471366882,0.661905765533447,0.788332104682922,0.671621143817902,0.635347902774811,0.773535788059235,0.713788986206055,0.660075426101685,0.699739098548889,0.524821817874908,0.780961096286774,0.670872747898102,0.633628964424133,0.639456212520599,0.631937205791473,0.323185175657272,0.17545959353447,0.349417597055435,0.325163334608078,0.867433905601501,-0.0178812798112631,0.392917454242706,0.249970227479935,0.104880899190903,0.435592353343964
0.17908576130867,-0.240707904100418,0.11010979861021,-0.264128088951111,-0.178141191601753,-0.148391902446747,0.344797044992447,-0.491387039422989,0.430705100297928,-0.240691736340523,0.255089104175568,0.14174684882164,-0.275945484638214,-0.680182993412018,-0.0792784467339516,0.26006492972374,0.220694050192833,-0.173221468925476,-0.228928208351135,0.388144820928574,0.368784576654434,-0.672737658023834,-0.32153707742691,0.402331739664078,0.542548298835754,-0.0290189366787672,0.611342251300812,0.0609821379184723,0.436856329441071,0.536947250366211,-0.495557337999344,-0.709113657474518,-0.144809782505035,-0.700088262557983,-0.819043815135956,-0.707744479179382,-0.590498566627502,-0.650173962116241,-0.479846894741058,-0.533852159976959,-0.357444286346436,-0.524292409420013,-0.411445587873459,-0.626563727855682,0.246549174189568,-0.58586323261261,-0.661144196987152,-0.622368931770325,-0.547778904438019,-0.62830638885498,-0.417907148599625,-0.293328016996384,-0.567416667938232,-0.534949660301208,-0.569724917411804,-0.00613679178059101,-0.0298204775899649,0.0412554740905762,0.388094067573547,-0.506406962871552,-0.563929200172424,-0.0819575637578964,0.389691412448883,-0.185167476534843,0.181573405861855,-0.233090698719025,-0.0943700298666954,-0.436670511960983,-0.32263571023941,-0.140063852071762,-0.55221039056778,0.0606401339173317,-0.186441689729691,-0.301563113927841,-0.307411432266235,-0.567998588085175,0.4102843105793,0.30708983540535,-0.641904473304749,-0.0128344101831317,0.300013661384583,0.576720237731934,-0.292614370584488,0.0681209564208984,0.488202631473541,0.291903674602509,0.201662391424179,0.668078660964966,-0.0742551013827324,0.262432187795639,0.0360310710966587,-0.129628822207451,-0.276279091835022,-0.0805034413933754,0.146118104457855,0.345886558294296,-0.376957416534424,0.589057505130768,0.878719329833984,0.655007898807526,0.282125890254974,-0.0986449867486954,0.835517048835754,-0.162332236766815,0.408017218112946,-0.301102787256241,-0.632337510585785,0.25740972161293,-0.558224260807037,-0.289354532957077,-0.168706506490707,0.427150040864944,-0.386225432157516,-0.494209975004196,0.0821920856833458,-0.557578802108765,0.0834163203835487,-0.420872777700424,0.20049449801445,0.053503792732954,0.321822136640549,-0.0153025193139911,-0.0540421381592751,0.410475701093674,-0.131835207343102,-0.145837247371674,-0.646850764751434,0.0697238966822624,-0.523970484733582,-0.371225237846375,-0.746411085128784,-0.0963536202907562,-0.592372536659241,0.0972107499837875,-0.386331558227539,-0.397480130195618,-0.324053823947906,0.0017652785172686,-0.245431438088417,-0.0328158177435398,0.00523179862648249,-0.174829676747322,-0.434633672237396,-0.367094248533249,-0.203895419836044,-0.725034296512604,-0.120666310191154,0.884709298610687,-0.219217792153358,-0.597945392131805,-0.44509345293045,-0.498999565839767,0.360221296548843,0.526256263256073,0.289812326431274,0.740894556045532,0.23021987080574,0.0944514647126198,0.0540703535079956,0.0756380707025528,0.49263733625412,-0.163808211684227,-0.402391523122787,-0.0150152491405606,0.413446992635727,0.609570980072021,0.278519362211227,0.190877735614777,0.454141944646835,0.484875738620758,0.817942440509796,0.242532208561897,0.787929892539978,0.0989209786057472,0.11331807076931,0.441386550664902,0.423263192176819,0.55496072769165,0.124746344983578,0.730364561080933,-0.277885913848877,0.368603348731995,-0.483124434947968,0.798476457595825,0.784462094306946,0.432644605636597,0.620161473751068,0.273804128170013,0.106524705886841,0.654372096061707,-0.246320053935051,-0.206675633788109,0.910896301269531,0.207486674189568,0.700835525989532,-0.0815183967351913,-0.231941133737564,0.138856157660484,0.577895402908325,-0.24847637116909,-0.179777354001999,-0.124819286167622,0.299068063497543,-0.117814272642136,0.484068185091019,-0.430613458156586,0.590857148170471,0.757834434509277,0.034005980938673,1,-0.56939834356308,0.280623197555542,-0.113595731556416,0.413036495447159,0.0340425819158554,0.891910672187805,0.185133174061775,-0.29078134894371,0.225884899497032,0.526793956756592,0.179653719067574,0.00514251086860895,-0.289409041404724,-0.146598145365715,-0.674115061759949,0.507448017597198,-0.28057450056076,-0.336882501840591,-0.190519452095032,-0.446302443742752,0.0783667787909508,-0.0499744713306427,-0.108377389609814,-0.442435443401337,-0.303760319948196,-0.313589990139008,-0.462704569101334,-0.467433393001556,-0.282234042882919,0.0319724977016449,-0.460030555725098,-0.384234488010406,-0.00192632561083883,0.0564011819660664,0.333199322223663,-0.24506576359272,0.701201736927032,-0.666286408901215,-0.654739499092102,-0.23022748529911,0.29946431517601
0.229431003332138,-0.0974914133548737,0.258455008268356,-0.0216717831790447,0.747292220592499,0.55816239118576,0.228177919983864,0.617669820785522,0.0981718823313713,-0.0492597632110119,0.261897951364517,0.349349230527878,-0.0352461412549019,0.199280202388763,0.45219025015831,0.304079324007034,0.146731570363045,0.319282591342926,-0.0562356933951378,0.130905002355576,0.361339151859283,0.573848962783813,-0.0323798879981041,0.141323566436768,-0.308083444833755,0.507465839385986,-0.148645028471947,0.633790552616119,-0.365217238664627,0.0813150852918625,-0.202348738908768,0.429166525602341,0.245226725935936,0.288424342870712,0.524528384208679,0.172851324081421,-0.00235520396381617,-0.00236576166935265,-0.163980230689049,0.103453405201435,0.0609048157930374,0.000368030072422698,0.694664299488068,-0.166787087917328,-0.107345134019852,-0.0581393949687481,0.105709508061409,0.0800995826721191,-0.00674704695120454,0.169017314910889,-0.0166222751140594,-0.206181168556213,-0.0886296629905701,-0.0734217017889023,-0.18373167514801,0.213669046759605,0.215689107775688,0.380926638841629,0.123744010925293,0.191329091787338,-0.137690052390099,0.33332422375679,0.0787073373794556,0.0690324008464813,0.217473208904266,0.0976002141833305,0.20585897564888,-0.0800016224384308,0.0456220209598541,-0.0470256172120571,0.0885429456830025,0.382524520158768,0.0791380852460861,-0.0824643447995186,-0.328503251075745,-0.170773506164551,0.0368632115423679,0.346534043550491,0.314521044492722,-0.12157180160284,-0.181827366352081,-0.13103449344635,-0.00805127713829279,0.110345989465714,-0.162532076239586,0.101278387010098,0.402363389730453,-0.656962752342224,0.458891123533249,-0.0521328970789909,-0.116840817034245,0.0537828505039215,0.398256897926331,-0.317513734102249,-0.388149917125702,-0.191464275121689,0.476272761821747,-0.268745362758636,-0.322814047336578,-0.194564998149872,-0.199385747313499,-0.00654139649122953,-0.2107253074646,0.393039852380753,-0.260485887527466,0.0431443564593792,0.0465844757854939,-0.47351610660553,-0.0618760325014591,0.133724257349968,0.0831051468849182,0.0644820928573608,0.216855317354202,-0.0721841156482697,-0.272026836872101,0.109861776232719,0.38244765996933,0.224461078643799,-0.235510617494583,-0.219261407852173,0.0271444655954838,0.291993409395218,0.125579416751862,0.189054891467094,-0.221414551138878,0.0662037432193756,0.12281109392643,0.0938770398497581,-0.0232042297720909,-0.0668786689639091,0.437436699867249,0.00385252106934786,-0.102891571819782,-0.377761393785477,-0.00683392304927111,0.0176256243139505,-0.280680775642395,0.00576667487621307,-0.108293756842613,0.385926425457001,-0.3108771443367,0.144630298018456,0.00484895147383213,-0.243499353528023,0.228461071848869,0.154840961098671,-0.286727368831635,-0.304983764886856,0.0759068056941032,-0.121089830994606,0.475700557231903,0.12301978468895,-0.278343588113785,-0.171730652451515,0.0493945963680744,-0.557486057281494,-0.0779453068971634,0.202615410089493,0.0508428141474724,0.176091983914375,-0.161100253462791,0.371908575296402,0.30626180768013,0.410887509584427,-0.0563187450170517,-0.123963832855225,-0.0480748228728771,0.12981753051281,0.178189560770988,-0.296934276819229,-0.489732801914215,0.246385708451271,-0.551053047180176,0.240206688642502,-0.260821223258972,0.177116006612778,-0.0109831187874079,0.242968484759331,0.341423749923706,-0.677678883075714,0.398805648088455,-0.104889810085297,0.577184200286865,-0.446825265884399,-0.413091778755188,-0.126713499426842,-0.095023475587368,0.0611749701201916,0.281745284795761,-0.192176833748817,0.495879024267197,0.515096962451935,-0.470657050609589,-0.580366551876068,-0.230684787034988,0.521883428096771,0.315957993268967,-0.040473647415638,-0.378874242305756,-0.168002009391785,0.251764446496964,0.0434272736310959,0.0390896834433079,-0.0623241513967514,0.084571436047554,0.451504051685333,-0.305815756320953,-0.42397466301918,-0.358892232179642,-0.56939834356308,1,0.0911387056112289,-0.179848492145538,0.1596519947052,0.661468625068665,-0.607419729232788,0.343661695718765,0.873470723628998,-0.706041991710663,-0.726410627365112,0.168767914175987,-0.261438429355621,-0.340196877717972,0.449625611305237,0.398592859506607,-0.0171640794724226,-0.136555880308151,-0.196612671017647,0.0197281017899513,-0.0590400248765945,0.121081754565239,-0.162726417183876,0.135633215308189,-0.0682554990053177,-0.0297765024006367,-0.123180761933327,0.135550171136856,0.113104626536369,-0.261097937822342,0.164858862757683,0.0376459360122681,0.0521557331085205,-0.57778137922287,0.22168205678463,-0.139948323369026,-0.0600548014044762,-0.0967830568552017,-0.0856059715151787,0.206608980894089,-0.410820305347443,-0.0494590811431408
0.0513369217514992,-0.557440042495728,0.0808531194925308,-0.535939514636993,0.62680321931839,0.32178008556366,0.810568630695343,-0.486430406570435,0.787534534931183,-0.61978554725647,0.712095022201538,0.444938957691193,-0.399821013212204,-0.2113087028265,-0.447029501199722,0.643874824047089,0.363205045461655,-0.735962212085724,-0.540468335151672,0.830678939819336,0.509575486183167,-0.457413882017136,-0.366761922836304,0.881613194942474,0.392251789569855,0.152842372655869,0.442170828580856,0.347756803035736,0.0701677724719048,0.415517508983612,-0.65445476770401,-0.553582549095154,0.25190207362175,-0.471950173377991,-0.428840517997742,-0.646502733230591,-0.719127476215363,-0.646629989147186,-0.623829364776611,-0.504846453666687,-0.563444316387177,-0.550887703895569,0.0996531397104263,-0.317506313323975,-0.179920822381973,-0.702916920185089,-0.66924250125885,-0.736275196075439,-0.704007387161255,-0.666488945484161,-0.666833817958832,-0.632703602313995,-0.672171533107758,-0.768081605434418,-0.568842113018036,0.61724865436554,0.407597035169601,0.59569376707077,0.368762969970703,-0.197558596730232,-0.44909605383873,0.14872895181179,0.878766536712646,0.510913193225861,0.49370476603508,-0.339827984571457,-0.24538642168045,-0.632242202758789,-0.651839971542358,-0.309034824371338,-0.702621817588806,0.295183271169662,-0.396171122789383,-0.416296601295471,-0.497865110635757,-0.679846942424774,0.38127937912941,0.68976628780365,-0.453521013259888,-0.313059419393539,-0.143334969878197,0.783605933189392,-0.464970678091049,-0.0901391580700874,0.169638007879257,0.103915013372898,0.878962397575378,0.496297776699066,0.623684048652649,0.221273958683014,-0.271680146455765,-0.0664190575480461,0.169452801346779,-0.812182128429413,-0.566213130950928,0.346869260072708,-0.515892148017883,0.572184503078461,0.0654372945427895,0.839183032512665,0.0770717337727547,-0.180843025445938,0.517980515956879,-0.396303504705429,0.119457453489304,-0.517852306365967,-0.664987146854401,-0.638556897640228,-0.469135135412216,-0.376902341842651,-0.307667225599289,0.597714066505432,-0.253122836351395,-0.607963263988495,-0.38527849316597,-0.510889947414398,0.31318011879921,-0.300296008586884,0.356508612632751,-0.205062806606293,0.418075025081635,0.511415183544159,-0.0215212386101484,0.58103334903717,-0.421479433774948,-0.230945408344269,-0.677756130695343,-0.0683477148413658,-0.666535437107086,-0.228675916790962,-0.467853784561157,-0.0011397625785321,-0.634966254234314,-0.352240294218063,-0.594628155231476,-0.38853719830513,-0.716021537780762,0.0723181888461113,-0.548741579055786,0.248701065778732,-0.471945583820343,-0.241839528083801,-0.549841463565826,-0.721110105514526,-0.0345420986413956,-0.67539644241333,-0.570980548858643,0.28814110159874,-0.388907670974731,-0.564639031887054,-0.378780961036682,-0.124539479613304,0.240179553627968,0.415680438280106,0.0766253173351288,0.288907498121262,0.850113272666931,0.45924773812294,0.780632019042969,0.487878799438477,0.288986265659332,0.409462124109268,0.162879824638367,0.466927289962769,0.72921359539032,0.690064549446106,0.834794700145721,0.0902438312768936,0.131019204854965,0.0890181735157967,0.338402599096298,0.256485760211945,0.108527913689613,0.634377300739288,-0.110558040440083,0.592778086662292,0.337971955537796,0.731318175792694,0.185563310980797,-0.0493730790913105,0.215810149908066,0.736546218395233,0.0201724264770746,0.0719040036201477,0.225921541452408,0.824127018451691,0.355524748563766,0.726941525936127,0.417280644178391,0.188889250159264,0.404224991798401,0.431976139545441,0.409588396549225,0.482617795467377,0.601876199245453,0.0969099253416061,0.0358724966645241,0.407959371805191,0.827218472957611,-0.402066260576248,0.025681359693408,0.115192465484142,0.938203632831573,-0.393444061279297,0.371481329202652,-0.260574460029602,0.813067734241486,0.786468744277954,0.275441735982895,0.280623197555542,0.0911387056112289,1,-0.419672638177872,0.715137481689453,0.341394752264023,0.34331813454628,-0.0531645901501179,0.467653036117554,-0.113225698471069,-0.371367126703262,0.494259744882584,-0.51180624961853,-0.719397783279419,-0.140733748674393,-0.456188797950745,0.453935414552689,-0.446197688579559,-0.448040395975113,-0.0935609191656113,-0.341521084308624,0.0683133229613304,-0.194427952170372,-0.0510127805173397,-0.41987618803978,-0.372979551553726,-0.510842740535736,-0.0729359686374664,-0.296225875616074,-0.455684423446655,0.103993736207485,-0.397125512361526,0.118481017649174,-0.750420570373535,0.284575343132019,0.177204549312592,0.461662381887436,0.691613256931305,-0.520120739936829,-0.509236991405487,-0.813716053962708,-0.137622222304344
-0.0336371436715126,0.359874606132507,-0.0493596121668816,0.768772721290588,-0.642637073993683,-0.634381353855133,-0.70999413728714,0.072917602956295,-0.802595198154449,0.147739812731743,-0.79267954826355,-0.643605172634125,0.0388337522745132,-0.0930970087647438,-0.0811119750142097,-0.771747231483459,-0.656974673271179,-0.0404250957071781,0.392724275588989,-0.646852374076843,-0.774731159210205,-0.0475208424031734,-0.295053064823151,-0.682537317276001,-0.665700852870941,-0.156358286738396,-0.640624821186066,-0.431599408388138,-0.50158554315567,-0.699296057224274,0.532667398452759,0.524143695831299,-0.695892214775085,0.418713599443436,0.392776817083359,0.397800296545029,0.435762614011765,0.408179491758347,0.663544774055481,0.625691056251526,0.0874972194433212,0.27289354801178,-0.359564185142517,0.360673993825912,-0.11020777374506,0.407579064369202,0.669819831848145,0.594494938850403,0.604581236839294,0.537287056446075,0.754945516586304,0.711586952209473,0.609163880348206,0.64826226234436,0.613055109977722,-0.451929688453674,-0.547053039073944,-0.611906111240387,-0.717052698135376,0.374756097793579,0.383404791355133,-0.586239635944366,-0.559349000453949,-0.554615259170532,-0.493035644292831,-0.138362109661102,-0.328018426895142,0.34710630774498,0.756781101226807,-0.226033985614777,0.329673647880554,-0.560383498668671,-0.0854616910219193,-0.213968336582184,0.185890004038811,0.632404804229736,-0.698147296905518,-0.499856740236282,0.358015090227127,-0.125491961836815,-0.0834783464670181,-0.677404046058655,0.199902296066284,-0.477546155452728,-0.411321520805359,-0.320888042449951,-0.485212862491608,0.0944806784391403,-0.548102378845215,-0.493060678243637,-0.565588653087616,-0.29340997338295,-0.455580025911331,0.68334025144577,0.590439975261688,-0.30293196439743,0.258463740348816,-0.575077712535858,-0.156949669122696,-0.5481818318367,-0.157496884465218,-0.521084845066071,-0.56269109249115,-0.0677142068743706,0.449984639883041,0.715015351772308,0.594135940074921,0.660254061222076,0.508473515510559,-0.101792834699154,-0.2462228089571,-0.582811594009399,-0.202523201704025,0.679642677307129,-0.153228878974915,0.642640471458435,-0.596904695034027,0.0487504452466965,-0.615387499332428,-0.167399868369102,-0.595284521579742,-0.608576893806458,-0.561127305030823,-0.712992787361145,0.589334607124329,-0.338094353675842,0.704836249351501,-0.18156473338604,0.599339783191681,-0.113563984632492,0.101373396813869,-0.328929007053375,0.517058074474335,-0.12908573448658,0.102642245590687,0.0349459871649742,0.770711898803711,-0.329098790884018,0.306999355554581,-0.390152424573898,0.367730885744095,-0.0649449452757835,0.0284467153251171,0.122885420918465,-0.69220507144928,0.537708461284637,0.200599908828735,-0.146295115351677,0.0264039225876331,0.582890748977661,0.00252997945062816,0.552271246910095,0.42520597577095,-0.0209029652178288,-0.117945797741413,0.269028812646866,-0.362190037965775,-0.233957976102829,-0.141488239169121,-0.103573448956013,-0.0432992838323116,-0.0293781962245703,0.12098503112793,-0.221964880824089,-0.220922276377678,-0.357047736644745,-0.547461271286011,-0.149652108550072,-0.427247792482376,0.169336810708046,-0.07670047134161,-0.3014215528965,0.0663418769836426,-0.253662377595901,0.459299325942993,-0.296466499567032,-0.0540369600057602,-0.485820114612579,-0.28031200170517,-0.047781229019165,-0.230280488729477,-0.192655563354492,-0.142436489462852,-0.135910674929619,-0.103892706334591,-0.562524735927582,-0.51065719127655,-0.569066941738129,-0.375943034887314,-0.166824266314507,-0.399093806743622,-0.377797305583954,-0.4493108689785,-0.0278353616595268,-0.238879472017288,-0.339867383241653,0.238016486167908,0.347853690385818,-0.152669921517372,0.794777095317841,0.298435837030411,0.268204182386398,-0.355891764163971,0.573733329772949,0.200806125998497,0.26628440618515,-0.25323674082756,-0.394927859306335,-0.505617618560791,-0.113595731556416,-0.179848492145538,-0.419672638177872,1,-0.567905187606812,0.0869773104786873,-0.271935224533081,0.56016594171524,-0.331629663705826,0.0263322610408068,0.307211816310883,-0.0175272971391678,0.0882456600666046,0.806421220302582,-0.186147585511208,0.519385874271393,-0.155117183923721,-0.0398373641073704,-0.0512495525181293,-0.650398850440979,-0.248468682169914,-0.59257298707962,-0.42095759510994,-0.485218077898026,-0.123470351099968,-0.296785801649094,-0.374684005975723,-0.407614022493362,-0.376605570316315,0.0281693860888481,-0.47052589058876,-0.205844223499298,-0.413729071617126,0.0733262747526169,-0.972320735454559,-0.051553089171648,-0.32207715511322,-0.00498397275805473,0.212651953101158,-0.326685309410095,0.34989321231842,-0.434783548116684
-0.172538697719574,-0.161982804536819,-0.0767862349748611,-0.260430604219437,0.643500685691833,0.694236695766449,0.868279278278351,-0.159092932939529,0.796974122524261,-0.0529565773904324,0.883389472961426,0.842419743537903,0.13727380335331,-0.105349369347095,0.163272947072983,0.915026724338531,0.866803586483002,-0.135064959526062,-0.0534159317612648,0.816102683544159,0.789554595947266,-0.0130053162574768,-0.0098164901137352,0.728048801422119,0.39863196015358,0.0817127227783203,0.833642184734344,0.477887719869614,0.57509058713913,0.765007674694061,-0.635457098484039,-0.449625074863434,0.684643089771271,-0.545323967933655,-0.423922508955002,-0.570038139820099,-0.53299218416214,-0.491701632738113,-0.710040032863617,-0.504280030727386,-0.0387905389070511,-0.200385123491287,0.211962819099426,-0.436594158411026,0.450055718421936,-0.553099632263184,-0.638547778129578,-0.627281904220581,-0.528659284114838,-0.544322907924652,-0.516562461853027,-0.80039781332016,-0.562362134456635,-0.61969655752182,-0.717489302158356,0.856370687484741,0.81611156463623,0.867244184017181,0.858769774436951,0.0365735329687595,-0.330095291137695,0.589277625083923,0.874552607536316,0.651351153850555,0.90826678276062,0.247354179620743,0.397317975759506,-0.247206702828407,-0.403537064790726,0.26300123333931,-0.338917434215546,0.83725506067276,0.230449661612511,0.0660824105143547,-0.174878731369972,-0.668688833713531,0.86150586605072,0.687136590480804,-0.346042186021805,0.156719073653221,0.497601300477982,0.839940309524536,0.0235308054834604,0.579110980033875,0.644005358219147,0.757074177265167,0.652750372886658,0.0615675300359726,0.811119437217712,0.75820779800415,0.312082201242447,0.485657781362534,0.639568984508514,-0.773839294910431,-0.427522152662277,0.735622525215149,-0.0814416855573654,0.4942986369133,0.238187581300735,0.73148250579834,0.582391023635864,0.347533613443375,0.607245266437531,0.0524173378944397,0.290485620498657,-0.345423460006714,-0.657903075218201,-0.562247574329376,-0.659960567951202,0.214823663234711,0.333940505981445,0.921733319759369,0.225380823016167,-0.554145693778992,0.171947062015533,-0.319889903068542,0.791027128696442,0.179409071803093,0.655480265617371,0.282132357358932,0.903615295886993,0.803558111190796,0.558239281177521,0.938780248165131,-0.0893403440713882,0.379936009645462,-0.645195960998535,0.551022231578827,-0.464208513498306,0.150758191943169,-0.141833633184433,0.475375145673752,-0.508852422237396,0.0361435413360596,-0.106886565685272,0.0524128377437592,-0.593592882156372,0.479226291179657,-0.0393438376486301,0.759318470954895,-0.0562550164759159,0.245246037840843,-0.184521690011024,-0.39937749505043,0.296553015708923,-0.592990040779114,-0.0573118776082993,0.672736048698425,0.151631444692612,-0.770126819610596,0.0524900741875172,-0.134388238191605,-0.281528383493423,-0.0526273548603058,-0.119094915688038,0.032795138657093,0.370419770479202,-0.0594968870282173,0.24229821562767,-0.10305143892765,-0.118455655872822,-0.0120105221867561,-0.348126292228699,0.0344223789870739,0.203850090503693,0.344156235456467,0.564708948135376,-0.12138769030571,0.180459886789322,-0.195859715342522,0.125122174620628,0.106892809271812,-0.0337484963238239,0.0898581892251968,-0.54427707195282,0.708288490772247,-0.0428849533200264,0.730404794216156,0.0570917502045631,0.254390925168991,-0.24920217692852,0.271123439073563,-0.402087271213531,0.0462161861360073,0.0817596837878227,0.524283468723297,0.215484946966171,0.745136141777039,0.0223473496735096,0.0712483674287796,-0.0331725478172302,0.0305956453084946,0.545397698879242,-0.0966460183262825,0.262763023376465,0.0349815636873245,0.325744837522507,0.500802457332611,0.448662638664246,-0.272020250558853,0.231342494487762,0.112822905182838,0.604084312915802,0.0108140483498573,0.351103156805038,0.141739994287491,0.672728419303894,0.609404563903809,-0.0331233628094196,0.413036495447159,0.1596519947052,0.715137481689453,-0.567905187606812,1,0.355748176574707,0.288058966398239,-0.039260845631361,0.368516623973846,-0.347428441047668,-0.496335744857788,0.726794540882111,-0.690185070037842,-0.693092226982117,0.403815120458603,-0.57777202129364,0.10526555031538,-0.708932161331177,-0.703147768974304,-0.160403236746788,-0.621457576751709,-0.0784718096256256,-0.396617561578751,-0.199974894523621,-0.653040885925293,-0.480478972196579,-0.452361762523651,-0.332042634487152,-0.481248199939728,-0.684844553470612,-0.0721301212906837,-0.627344012260437,-0.191232845187187,-0.551466941833496,0.562985241413116,-0.225393623113632,-0.0596446841955185,0.506044983863831,-0.822117149829865,-0.44539475440979,-0.730389058589935,-0.146974921226501
0.492018043994904,-0.435678452253342,0.56446772813797,0.0163574069738388,0.556930482387543,0.408577084541321,0.450111925601959,0.307453334331512,0.289887517690659,-0.400292426347733,0.362673878669739,0.254038482904434,-0.371635258197784,-0.354920536279678,0.169863522052765,0.379953771829605,0.115154005587101,0.0622119829058647,-0.198633641004562,0.440345197916031,0.475302010774612,0.0557067468762398,-0.663716018199921,0.389762312173843,-0.300103843212128,0.741092681884766,0.122638188302517,0.775348722934723,-0.230008900165558,0.349950939416885,-0.572839260101318,-0.0321076847612858,-0.0847065225243568,-0.112804993987083,0.0892150402069092,-0.410362094640732,-0.503942131996155,-0.509745299816132,-0.480790823698044,-0.269811034202576,-0.393532544374466,-0.443083822727203,0.485024809837341,-0.525335311889648,-0.128324389457703,-0.574454784393311,-0.2466881275177,-0.333468556404114,-0.37330162525177,-0.301603883504868,-0.230378180742264,-0.0870521888136864,-0.428406655788422,-0.357506930828094,-0.543475031852722,0.227171957492828,0.0540108270943165,0.360788583755493,0.223934456706047,-0.0655427798628807,-0.554932832717896,-0.0977668091654778,0.264187902212143,-0.192056775093079,0.162679329514503,-0.234093174338341,-0.165637642145157,-0.430183589458466,-0.0509355515241623,-0.440904885530472,-0.355005294084549,0.256198406219482,-0.257235437631607,-0.476117789745331,-0.682256281375885,-0.499109894037247,0.00939018372446299,0.700119435787201,-0.226307705044746,-0.46830877661705,-0.070921391248703,0.122014403343201,-0.256605207920074,-0.0856472551822662,0.187262520194054,0.18775463104248,0.500807344913483,-0.0774541646242142,0.471292406320572,-0.0912479981780052,-0.470888555049896,-0.219401299953461,0.047310832887888,-0.424139648675919,-0.416399002075195,0.0523391142487526,0.441880345344543,0.12655134499073,0.0902455151081085,0.196297496557236,0.0811544358730316,-0.46013742685318,0.20224903523922,-0.0547056123614311,0.377441853284836,-0.129721403121948,-0.401475787162781,-0.354679107666016,-0.456158399581909,-0.26147273182869,-0.245287671685219,0.351885169744492,-0.274062186479568,-0.367489665746689,-0.495880842208862,-0.0247915424406528,0.138643950223923,-0.202020138502121,-0.349550157785416,-0.431369692087173,0.0492464266717434,0.0963674560189247,-0.207425713539124,0.326632678508759,-0.0614852756261826,-0.322186380624771,-0.212852418422699,0.165546551346779,-0.35025480389595,-0.443414747714996,-0.0954391956329346,-0.297386646270752,-0.408160477876663,-0.476935505867004,-0.468053758144379,-0.397783190011978,-0.384200572967529,-0.0375488139688969,-0.324846386909485,0.322508454322815,-0.10045550018549,-0.0122561817988753,-0.538748383522034,-0.614930629730225,-0.340567827224731,-0.323294997215271,-0.522782921791077,0.231277629733086,-0.28874546289444,-0.530225217342377,0.176399409770966,-0.12312638759613,0.29705286026001,0.245250329375267,0.397060096263885,0.199855700135231,0.0365753956139088,0.359965145587921,0.092005081474781,0.295743584632874,0.268368929624557,0.160167843103409,-0.0477786064147949,0.554733693599701,0.280854225158691,0.326949000358582,-0.000120141681691166,0.393639922142029,0.452987909317017,0.305584311485291,0.130777642130852,0.551713168621063,0.0960923954844475,0.311533480882645,0.0746692419052124,0.44297668337822,0.454328596591949,0.630639135837555,0.564118504524231,-0.160721629858017,0.291450530290604,0.124697424471378,0.282732754945755,0.104688286781311,0.175052374601364,0.100430190563202,0.111421369016171,-0.0242908652871847,0.412535578012466,0.348180085420609,0.315002650022507,0.40271869301796,0.00827605370432138,-0.390304058790207,0.215101912617683,0.578767120838165,0.129019618034363,0.229623466730118,0.127243250608444,-0.00342332012951374,0.443263828754425,0.438956320285797,0.425364643335342,0.0985570400953293,0.372161120176315,0.413178712129593,0.0174794159829617,0.0176920723170042,-0.465223670005798,0.0340425819158554,0.661468625068665,0.341394752264023,0.0869773104786873,0.355748176574707,1,-0.193585634231567,0.777715265750885,0.802576184272766,-0.77814918756485,-0.455361217260361,0.404483079910278,-0.204711258411407,-0.311978787183762,0.0712547451257706,-0.0521202422678471,0.219615519046783,-0.404787421226501,-0.548319876194,-0.33009347319603,-0.518557012081146,0.0578939169645309,-0.362510174512863,-0.0499676167964935,-0.498746395111084,-0.403403639793396,-0.708537757396698,-0.245970770716667,-0.405844777822495,-0.408600717782974,0.18439020216465,-0.396323770284653,-0.444725602865219,-0.811754524707794,-0.104721151292324,0.270937114953995,-0.172043666243553,0.485074490308762,-0.476658999919891,-0.498864442110062,-0.755050361156464,0.0553069300949574
0.282658666372299,-0.328705281019211,0.155629262328148,-0.530858099460602,-0.174140751361847,-0.208437159657478,0.327304363250732,-0.510908603668213,0.479973644018173,-0.381936639547348,0.22521835565567,0.136434465646744,-0.398831695318222,-0.488417506217957,-0.205194354057312,0.205141976475716,0.0596117153763771,-0.332553505897522,-0.505646526813507,0.333759993314743,0.316455960273743,-0.815855860710144,-0.245995879173279,0.472326278686523,0.810381829738617,-0.0664132088422775,0.439783602952957,0.00498882960528135,0.272205650806427,0.433722108602524,-0.377928078174591,-0.741914331912994,-0.159421503543854,-0.536779761314392,-0.752120554447174,-0.609254479408264,-0.573457896709442,-0.625598430633545,-0.370194375514984,-0.559379935264587,-0.466947436332703,-0.586610317230225,-0.337326943874359,-0.471648335456848,-0.0462018772959709,-0.537266194820404,-0.654629468917847,-0.606559634208679,-0.602326214313507,-0.656449556350708,-0.52601420879364,-0.418627768754959,-0.630899131298065,-0.572371304035187,-0.445174187421799,-0.114128738641739,-0.146195709705353,0.0126727567985654,0.235136777162552,-0.584252119064331,-0.543671727180481,-0.126318752765656,0.457863718271255,-0.130037739872932,0.0528073981404305,-0.444687992334366,-0.25571021437645,-0.573218882083893,-0.557982861995697,-0.245755776762962,-0.681915462017059,-0.103858835995197,-0.379319280385971,-0.41572967171669,-0.329485207796097,-0.543902814388275,0.303672283887863,0.241429686546326,-0.669124007225037,-0.13532766699791,-0.0238381363451481,0.538070440292358,-0.541844069957733,-0.124028727412224,0.220998778939247,0.0115790469571948,0.315742760896683,0.732126235961914,-0.137717500329018,0.0685070604085922,0.0233294386416674,-0.306832164525986,-0.383764356374741,-0.0716802254319191,0.0511428974568844,0.0700991153717041,-0.678687870502472,0.54900199174881,0.77896785736084,0.639749646186829,-0.0114460848271847,-0.133722871541977,0.796264886856079,-0.240206569433212,0.138388335704803,-0.39561653137207,-0.592002213001251,0.16793566942215,-0.336151689291,-0.455333203077316,-0.3398796916008,0.239320442080498,-0.512685596942902,-0.57146418094635,-0.0889851674437523,-0.776922404766083,-0.008638771250844,-0.524411141872406,0.14896884560585,0.0873815789818764,0.194226562976837,-0.117504768073559,-0.169069945812225,0.263079077005386,-0.430910229682922,-0.253974378108978,-0.671038746833801,-0.26103287935257,-0.632865965366364,-0.481240034103394,-0.757750868797302,-0.24459981918335,-0.697644352912903,-0.0985605344176292,-0.48167958855629,-0.53795325756073,-0.449255079030991,-0.266197383403778,-0.444077163934708,-0.297474324703217,-0.301333665847778,-0.490682989358902,-0.495759755373001,-0.448269188404083,-0.154881224036217,-0.713867902755737,-0.251494705677032,0.660475254058838,-0.401909023523331,-0.443094849586487,-0.728904008865356,-0.573546767234802,0.335866391658783,0.639343976974487,0.376612991094589,0.625238120555878,0.392746299505234,0.329323291778564,0.220424324274063,0.338332265615463,0.630476653575897,0.00100522057618946,-0.149596393108368,0.163658782839775,0.576149046421051,0.710659265518188,0.376364856958389,0.320285588502884,0.461156934499741,0.469728350639343,0.776848912239075,0.302280992269516,0.703077673912048,0.357367157936096,0.266815215349197,0.214880555868149,0.501378655433655,0.453236103057861,0.198444962501526,0.48981386423111,0.000999312149360776,0.461813241243362,-0.248685032129288,0.727635145187378,0.71471381187439,0.508746027946472,0.7327840924263,0.325999110937119,0.309118539094925,0.642143666744232,0.0502369552850723,0.0621041096746922,0.904338777065277,0.408843964338303,0.79463255405426,-0.0170496720820665,-0.428392380475998,-0.0721632689237595,0.674287915229797,-0.497363477945328,-0.574668765068054,-0.366784602403641,0.307162702083588,-0.463436990976334,0.422770410776138,-0.750951707363129,0.590193152427673,0.799984872341156,0.394891977310181,0.891910672187805,-0.607419729232788,0.34331813454628,-0.271935224533081,0.288058966398239,-0.193585634231567,1,-0.104085594415665,-0.29098504781723,0.554486691951752,0.649691581726074,-0.130403697490692,0.13237364590168,-0.37649330496788,-0.272003084421158,-0.653257668018341,0.683565199375153,0.0364094488322735,0.00922620948404074,0.110185116529465,-0.102989077568054,0.303335577249527,0.261081337928772,0.186846479773521,-0.0899552702903748,0.0247218254953623,-0.0152695765718818,-0.124728582799435,-0.110206127166748,-0.0528830178081989,0.243429914116859,-0.13066340982914,-0.159226790070534,0.0542094223201275,0.146179676055908,0.384126335382462,0.106793008744717,0.667938232421875,-0.451420366764069,-0.470671832561493,-0.0850019827485085,0.401661366224289
0.38254451751709,-0.10814805328846,0.343808323144913,0.349043369293213,0.0489892363548279,-0.162059754133224,-0.0903667807579041,0.178585484623909,-0.20754399895668,-0.206947848200798,-0.202625140547752,-0.206335470080376,-0.336532294750214,-0.581418633460999,0.209715440869331,-0.163599535822868,-0.25756311416626,0.13117678463459,0.046588309109211,-0.052654642611742,0.0112215206027031,-0.0580735467374325,-0.60768711566925,-0.0818795561790466,-0.486037969589233,0.404213666915894,-0.151509925723076,0.313131928443909,-0.401227593421936,-0.0473862364888191,-0.262872338294983,0.193909004330635,-0.537449538707733,-0.0612411499023438,0.0682793185114861,-0.174119397997856,-0.19985893368721,-0.273282527923584,-0.0910735428333282,0.121614493429661,-0.248895838856697,-0.298302680253983,-0.0157285556197166,-0.473687589168549,-0.0185442976653576,-0.272384494543076,0.0422675050795078,-0.0191788543015718,-0.0246036294847727,0.0380757749080658,0.198260203003883,0.274731248617172,-0.083910658955574,-0.0358368903398514,-0.205197677016258,-0.246757924556732,-0.342764735221863,-0.20077146589756,-0.168281570076942,-0.0681980773806572,-0.372011870145798,-0.297713786363602,-0.166083693504333,-0.632052063941956,-0.149922668933868,-0.241495594382286,-0.210972651839256,-0.202960669994354,0.378880113363266,-0.425360918045044,-0.124633073806763,-0.118601106107235,-0.212004393339157,-0.50758945941925,-0.502183675765991,-0.161633849143982,-0.255623340606689,0.200163990259171,0.0225943271070719,-0.267957508563995,-0.0223065484315157,-0.195219546556473,-0.103288024663925,-0.273522555828094,-0.0503528118133545,0.0128336902707815,0.104952313005924,0.042903408408165,-0.12802329659462,-0.2822285592556,-0.603938102722168,-0.355497419834137,-0.30712816119194,0.17210353910923,0.208051353693008,-0.138300031423569,0.399710029363632,-0.133843511343002,0.324027925729752,-0.0668840333819389,-0.101428158581257,-0.568369388580322,0.0624327212572098,0.125769764184952,0.412003964185715,0.272343099117279,-0.0429900661110878,0.306187599897385,-0.210490718483925,-0.262716621160507,-0.324281990528107,-0.0681275501847267,-0.32049024105072,0.0536940656602383,-0.33571320772171,0.162068456411362,-0.143302217125893,-0.217458441853523,-0.58934623003006,-0.481183528900146,-0.283623814582825,-0.265886873006821,-0.434866845607758,-0.075041875243187,0.141701638698578,-0.419980585575104,0.113179467618465,-0.0093401437625289,-0.00639596162363887,-0.498165220022202,-0.206469461321831,-0.392155289649963,-0.153768166899681,-0.311522513628006,-0.312887281179428,-0.330297946929932,0.0752474069595337,-0.199322834610939,-0.129840806126595,-0.00236514280550182,0.0326772592961788,-0.00341879855841398,-0.353828012943268,-0.400138139724731,-0.519450902938843,-0.0633656606078148,-0.296299815177917,0.272862464189529,-0.148741319775581,-0.178687483072281,0.159598603844643,0.0729765072464943,0.494611144065857,0.327845305204391,0.252196729183197,0.385272800922394,-0.158861398696899,0.130928173661232,-0.0246141012758017,0.167129144072533,0.280672341585159,0.191888883709908,0.0515775978565216,0.236833691596985,0.147825017571449,0.140708953142166,-0.244674906134605,0.201140850782394,0.268919736146927,0.35757440328598,0.244092062115669,0.252457827329636,0.290483713150024,0.109577551484108,0.232090815901756,0.341172635555267,0.376902937889099,0.334470808506012,0.250956892967224,-0.0178084392100573,0.00613782880827785,0.0958200991153717,0.109548643231392,0.231016904115677,0.289193451404572,-0.161063492298126,0.0680253133177757,-0.246579989790916,0.112421818077564,0.309372216463089,-0.0402450636029243,0.0172150898724794,-0.0829136446118355,-0.362158358097076,0.20308281481266,0.211574450135231,0.210211917757988,0.26008614897728,-0.0390684604644775,0.264926254749298,0.421538561582565,0.226830422878265,0.0297956727445126,0.286295413970947,0.55486136674881,0.297439694404602,-0.0614192150533199,-0.110722362995148,-0.755019307136536,0.185133174061775,0.343661695718765,-0.0531645901501179,0.56016594171524,-0.039260845631361,0.777715265750885,-0.104085594415665,1,0.34242856502533,-0.559060990810394,-0.0116158910095692,0.281600177288055,-0.0629265457391739,0.090335376560688,0.0482855439186096,0.246070370078087,0.268276453018188,-0.368423342704773,-0.505099952220917,-0.645635664463043,-0.582476079463959,-0.233493000268936,-0.489666253328323,-0.342626720666885,-0.533971190452576,-0.530516445636749,-0.698003828525543,-0.571759402751923,-0.575776159763336,-0.402946472167969,-0.151470825076103,-0.480937600135803,-0.527666211128235,-0.463446021080017,-0.536709189414978,0.253161370754242,-0.541616559028625,0.442118346691132,-0.400227546691895,-0.56664901971817,-0.343311339616776,-0.0524520240724087
0.47468438744545,-0.519390404224396,0.523555755615234,-0.343343675136566,0.856041312217712,0.617444396018982,0.580348789691925,0.382091194391251,0.471646428108215,-0.462004244327545,0.54053658246994,0.435608476400375,-0.37419319152832,-0.00858530215919018,0.143630608916283,0.534068763256073,0.185021415352821,-0.00032429612474516,-0.434717983007431,0.512932896614075,0.593450963497162,0.180377572774887,-0.38710281252861,0.555847406387329,-0.0547335594892502,0.731073141098022,0.0559311062097549,0.840524852275848,-0.30210953950882,0.346422582864761,-0.537727355957031,-0.00725618237629533,0.197003617882729,0.0366809889674187,0.22640934586525,-0.263058543205261,-0.457514822483063,-0.43321231007576,-0.493089228868484,-0.311111688613892,-0.372075617313385,-0.412654548883438,0.741660058498383,-0.37225815653801,-0.32674914598465,-0.498921304941177,-0.280804038047791,-0.343822121620178,-0.446005940437317,-0.298703193664551,-0.42544612288475,-0.356581956148148,-0.503236711025238,-0.458575218915939,-0.501011788845062,0.327949941158295,0.197861149907112,0.540311336517334,0.2554030418396,-0.0866944417357445,-0.49366557598114,0.143906578421593,0.402926534414291,0.110533304512501,0.228916168212891,-0.237420067191124,-0.103680871427059,-0.501101911067963,-0.356885462999344,-0.367203176021576,-0.379476934671402,0.340299218893051,-0.279710114002228,-0.383643835783005,-0.6613649725914,-0.535401999950409,0.0855823531746864,0.71909111738205,-0.138435512781143,-0.458210349082947,-0.33012118935585,0.183789253234863,-0.384334862232208,-0.0570332631468773,-0.0103839235380292,0.0390782244503498,0.707105875015259,-0.264587491750717,0.635695517063141,-0.100121133029461,-0.295789480209351,-0.173454537987709,0.23692724108696,-0.630285561084747,-0.693348407745361,-0.112270876765251,0.235835775732994,0.116947427392006,-0.170314744114876,0.200897827744484,-0.155957847833633,-0.251723825931549,0.128256574273109,0.00520979659631848,-0.100960917770863,-0.328211218118668,-0.378925293684006,-0.703770637512207,-0.322187691926956,-0.231223076581955,-0.212092012166977,0.304272651672363,-0.141856223344803,-0.484119147062302,-0.557023823261261,-0.227784752845764,0.29651015996933,-0.141494065523148,-0.203245609998703,-0.370998829603195,0.0927325114607811,0.28377228975296,-0.0545933730900288,0.369588881731033,-0.43348303437233,-0.215676724910736,-0.278694242238998,-0.0138683617115021,-0.460051596164703,-0.349547505378723,0.0739499479532242,-0.217648610472679,-0.479415416717529,-0.57597142457962,-0.437212854623795,-0.361345708370209,-0.635583460330963,-0.0838466584682465,-0.480938255786896,0.311111927032471,-0.458405524492264,-0.124761141836643,-0.432420402765274,-0.605892956256866,0.0233644433319569,-0.281093388795853,-0.635335981845856,-0.119278661906719,-0.319520682096481,-0.444607436656952,0.134524136781693,-0.176277279853821,0.016595309600234,0.172568559646606,0.356199443340302,-0.202426135540009,0.237003803253174,0.547594785690308,0.279158383607864,0.478838860988617,0.204278722405434,0.379391700029373,0.235251933336258,0.729377150535583,0.351637631654739,0.331638813018799,0.214487135410309,0.42095747590065,0.437414765357971,0.0480915270745754,-0.119588516652584,0.576856136322021,-0.236520797014236,0.549169361591339,-0.0599507130682468,0.311258316040039,0.369846194982529,0.579835593700409,0.623763024806976,-0.533151984214783,0.606168925762177,0.184333637356758,0.6149622797966,-0.153754711151123,-0.0801492556929588,0.240809634327888,0.184414565563202,0.181577816605568,0.617967844009399,0.167712673544884,0.708504557609558,0.753603756427765,-0.120346933603287,-0.297303885221481,0.162057042121887,0.715283811092377,0.0372538566589355,-0.0338822267949581,0.0771124511957169,-0.375969856977463,0.145555391907692,0.184706404805183,0.471059590578079,-0.296780169010162,0.161083936691284,0.22616583108902,-0.0258955154567957,-0.0220637321472168,-0.0929739326238632,-0.29078134894371,0.873470723628998,0.467653036117554,-0.331629663705826,0.368516623973846,0.802576184272766,-0.29098504781723,0.34242856502533,1,-0.642873048782349,-0.655515074729919,0.193731248378754,-0.207094237208366,-0.586434721946716,0.134386971592903,0.0116262026131153,0.25564256310463,-0.144203811883926,-0.241526320576668,0.10936813801527,-0.104734115302563,0.346170693635941,-0.0407585613429546,0.295367658138275,-0.131232097744942,-0.0409958995878696,-0.30679002404213,0.211513265967369,0.0653407946228981,-0.239704430103302,0.42492601275444,-0.0117566920816898,-0.00991629716008902,-0.813338220119476,0.279900968074799,0.191571623086929,0.220112174749374,0.270345449447632,-0.242110028862953,-0.0781510695815086,-0.722933292388916,0.139836996793747
0.00184615608304739,0.126979693770409,-0.127675533294678,-0.209427252411842,-0.601764023303986,-0.503914356231689,-0.319309800863266,-0.287049561738968,-0.15259163081646,-0.023268623277545,-0.358995974063873,-0.220364779233932,-0.0431396067142487,0.212995544075966,-0.288780599832535,-0.384044885635376,-0.394888669252396,-0.313482522964478,-0.249238327145576,-0.349103629589081,-0.396536529064178,-0.530921578407288,0.182674616575241,-0.157054647803307,0.576790392398834,-0.448875099420547,-0.254745632410049,-0.541268825531006,-0.0687794089317322,-0.287896573543549,0.468968838453293,-0.161403626203537,-0.233919560909271,0.202366471290588,-0.113121747970581,0.187792614102364,0.179819151759148,0.16522105038166,0.440625250339508,0.0465755797922611,-0.0641476213932037,0.0341652296483517,-0.35233461856842,0.39697477221489,-0.296427458524704,0.251072496175766,0.105572052299976,0.149868682026863,0.0918917134404182,0.00480641890317202,0.0468976870179176,-0.0442437119781971,0.0863107889890671,0.158418849110603,0.426686704158783,-0.380322098731995,-0.366038829088211,-0.34133192896843,-0.376318275928497,-0.0989023447036743,0.220368236303329,-0.278498351573944,-0.0159436836838722,-0.0626606568694115,-0.334572643041611,-0.332469046115875,-0.300942212343216,-0.0314393229782581,-0.199538290500641,-0.0546316988766193,-0.136391937732697,-0.494892060756683,-0.241508707404137,-0.122142605483532,0.276690274477005,0.276499480009079,-0.215083613991737,-0.448779970407486,-0.128182455897331,-0.0337841436266899,-0.308003783226013,-0.126096993684769,-0.289692014455795,-0.340731114149094,-0.367589294910431,-0.437550097703934,-0.176481932401657,0.428422003984451,-0.486128777265549,-0.281604588031769,0.0763532593846321,-0.28477418422699,-0.422428339719772,0.414695680141449,0.290632486343384,-0.369245767593384,-0.686686992645264,-0.0960050672292709,0.0990086942911148,-0.0568345412611961,-0.328356504440308,-0.0423151515424252,-0.00964287854731083,-0.216248750686646,-0.154544666409492,0.0639016404747963,0.181664615869522,0.350488394498825,0.51789802312851,-0.247407212853432,-0.248128727078438,-0.430706650018692,-0.296240776777267,0.0673670023679733,-0.0300047229975462,-0.300462543964386,-0.369058549404144,-0.169634640216827,-0.0348914489150047,0.334870129823685,-0.230448931455612,-0.435638159513474,-0.264510095119476,-0.438226461410522,-0.200823396444321,-0.143408164381981,0.0485245324671268,-0.547123074531555,1.3617284821521e-05,-0.128485828638077,-0.191896736621857,-0.231223627924919,-0.0279148910194635,-0.092893123626709,-0.0156579650938511,-0.161827221512794,0.146875813603401,-0.509988009929657,-0.0822573006153107,-0.675691366195679,-0.204778015613556,-0.584202229976654,-0.0284611210227013,0.0637804046273232,-0.137726485729218,0.0590642653405666,0.133910343050957,-0.0749561116099358,-0.213046744465828,0.421670317649841,-0.730028331279755,-0.0820728540420532,0.0728119537234306,0.205012828111649,0.0525828786194324,0.132303714752197,0.118468642234802,0.105278879404068,0.0924763530492783,0.199766799807549,0.251788139343262,-0.0221071876585484,0.170553341507912,-0.0971826612949371,0.150362461805344,0.101633869111538,-0.00273903622291982,0.0703240185976028,-0.15838623046875,0.109876729547977,0.163922354578972,-0.152530863881111,0.169007077813148,0.135445415973663,0.436583399772644,-0.536599814891815,0.0439652279019356,-0.417589545249939,-0.174096718430519,0.0431126691401005,0.0599858164787292,0.0701641067862511,-0.103256195783615,0.121680848300457,0.0733138099312782,-0.0140595808625221,0.141302645206451,-0.0382820963859558,-0.00478126900270581,0.0420368649065495,0.0152723221108317,-0.026598023250699,0.256788939237595,0.515687167644501,0.203505545854568,-0.310158878564835,-0.380308359861374,-0.217492237687111,0.286458283662796,-0.148095116019249,-0.794692754745483,-0.473135441541672,-0.20732806622982,-0.351475805044174,-0.0154614755883813,-0.717677414417267,0.125876232981682,0.223108902573586,0.637886464595795,0.225884899497032,-0.706041991710663,-0.113225698471069,0.0263322610408068,-0.347428441047668,-0.77814918756485,0.554486691951752,-0.559060990810394,-0.642873048782349,1,0.749582707881927,-0.599827110767365,0.32573476433754,0.224426791071892,-0.340309500694275,-0.117514193058014,0.267593860626221,0.549558579921722,0.636653780937195,0.320880323648453,0.468533277511597,0.134418994188309,0.477295786142349,0.282843887805939,0.553584694862366,0.490778774023056,0.525020778179169,0.307618737220764,0.401217877864838,0.460733026266098,0.104919008910656,0.418568551540375,0.131861329078674,0.503807306289673,-0.138006865978241,0.0258842576295137,0.408730417490005,0.0182531252503395,0.3306705057621,0.0877838879823685,0.626651465892792,0.100733742117882
0.315477460622787,0.00142980413511395,0.158755004405975,-0.0695256888866425,-0.781465172767639,-0.695695877075195,-0.448269605636597,-0.231233432888985,-0.287780821323395,-0.110301315784454,-0.534079134464264,-0.481416672468185,-0.278826057910919,-0.300872057676315,-0.166578948497772,-0.543954312801361,-0.557738661766052,-0.0501224771142006,-0.212208986282349,-0.419016897678375,-0.364180266857147,-0.630179345607758,-0.168173804879189,-0.275499880313873,0.355308026075363,-0.171498611569405,-0.217830970883369,-0.395706444978714,-0.0967263430356979,-0.187893107533455,0.261923432350159,-0.238161399960518,-0.631312787532806,-0.000349189416738227,-0.285822033882141,-0.0353375598788261,0.0108685297891498,-0.0734118223190308,0.303082406520844,-0.0452689044177532,-0.227168723940849,-0.2164296656847,-0.475312858819962,-0.0218561515212059,-0.230932980775833,0.0467541441321373,0.0177219044417143,0.0595509484410286,0.00698777055367827,-0.0790004953742027,0.0792401134967804,0.28667014837265,-0.0112313898280263,0.119052276015282,0.215475127100945,-0.728355884552002,-0.707901656627655,-0.637893259525299,-0.405276566743851,-0.395342886447906,-0.119876556098461,-0.556620597839355,-0.311503410339355,-0.62793505191803,-0.595209002494812,-0.450569242238998,-0.417334884405136,-0.154835402965546,-0.0207964330911636,-0.288652420043945,-0.211784407496452,-0.662426233291626,-0.354018956422806,-0.315607935190201,-0.00976109225302935,0.138825625181198,-0.355117499828339,-0.37680658698082,-0.290846943855286,-0.150127604603767,-0.220347240567207,-0.243618756532669,-0.340179115533829,-0.434137165546417,-0.198144271969795,-0.418655455112457,-0.363540947437286,0.527748286724091,-0.750787734985352,-0.43336808681488,-0.122455462813377,-0.527317225933075,-0.765598833560944,0.635730564594269,0.48365119099617,-0.416307628154755,-0.396015912294388,0.00592039013281465,0.522520840167999,-0.0952878445386887,-0.293004512786865,-0.319119840860367,0.186251953244209,-0.189645007252693,0.0787497758865356,0.0694399774074554,0.0545115396380424,0.689980626106262,0.249062851071358,-0.421358376741409,-0.408647447824478,-0.467559844255447,-0.546034514904022,0.0177051331847906,-0.080443874001503,-0.293980330228806,-0.58341109752655,-0.452929854393005,-0.3626868724823,0.0350873954594135,-0.444560468196869,-0.744785070419312,-0.500388205051422,-0.49135160446167,-0.0994075834751129,-0.388508558273315,0.0052965572103858,-0.493134677410126,-0.0664463043212891,-0.44602233171463,-0.452634394168854,-0.5014568567276,-0.119924053549767,-0.0394622571766376,-0.19367341697216,-0.393602222204208,0.214574381709099,-0.553547203540802,-0.157278165221214,-0.769049346446991,-0.0168915651738644,-0.52939110994339,-0.217881113290787,0.0100543415173888,-0.416571259498596,-0.0872711390256882,0.0218717940151691,0.188195705413818,-0.333177328109741,0.22355580329895,-0.621396780014038,-0.331836253404617,0.426621675491333,0.458788216114044,0.367158621549606,0.523032426834106,-0.135542452335358,0.14822068810463,-0.181791260838509,0.185216844081879,0.53388512134552,-0.171014815568924,-0.0426056608557701,-0.0456372275948524,0.168797865509987,0.223039910197258,-0.273088395595551,0.310985743999481,0.208833709359169,0.533469140529633,0.52911514043808,0.104322716593742,0.631694734096527,0.0403563976287842,0.636074483394623,-0.403920114040375,0.362821996212006,-0.247806921601295,0.0575483478605747,0.351722180843353,0.0123255141079426,0.016259865835309,-0.103848122060299,0.587175309658051,0.512766182422638,-0.12927220761776,0.344543695449829,-0.372775077819824,0.0773405805230141,0.467322707176208,-0.134965896606445,-0.151675507426262,0.398117005825043,0.290923088788986,0.370631575584412,-0.12101186811924,-0.531970739364624,-0.342187941074371,0.172355189919472,-0.0502405911684036,-0.611016631126404,-0.340651839971542,-0.324068486690521,-0.198227733373642,0.122135162353516,-0.627100706100464,-0.0506604537367821,0.161369726061821,0.263820886611938,0.526793956756592,-0.726410627365112,-0.371367126703262,0.307211816310883,-0.496335744857788,-0.455361217260361,0.649691581726074,-0.0116158910095692,-0.655515074729919,0.749582707881927,1,-0.618300437927246,0.611671149730682,0.352545529603958,-0.45234689116478,-0.150976583361626,0.389979541301727,0.506165266036987,0.48362785577774,0.114293769001961,0.262641459703445,0.193628028035164,0.424658894538879,0.216996371746063,0.348426580429077,0.333573639392853,0.290833741426468,0.0228624232113361,0.158756896853447,0.441932171583176,0.161429539322853,0.267341315746307,-0.194901183247566,0.545978188514709,-0.383409947156906,0.379560172557831,-0.0179350469261408,0.173434853553772,0.173543080687523,-0.144401982426643,0.575105488300323,0.392808884382248
-0.528937697410583,0.156732961535454,-0.423659652471542,0.280974626541138,0.432743489742279,0.336575120687485,0.434984236955643,-0.266484200954437,0.290486186742783,0.161163493990898,0.452698022127151,0.396632969379425,0.29220575094223,-0.213723197579384,0.0816056877374649,0.482862591743469,0.642748594284058,-0.167758762836456,0.39825302362442,0.476992040872574,0.292442291975021,0.200703635811806,0.021408773958683,0.283725410699844,-0.2526635825634,-0.19251511991024,0.538146018981934,0.0865319594740868,0.361587524414062,0.272178649902344,-0.393482744693756,-0.0269204918295145,0.410409539937973,-0.464262098073959,-0.239599600434303,-0.280796706676483,-0.17399463057518,-0.13157819211483,-0.380235314369202,0.0315134823322296,0.185756281018257,0.107553899288177,-0.155977517366409,-0.244252175092697,0.62093847990036,-0.215301379561424,-0.230422601103783,-0.259487330913544,-0.0729724392294884,-0.0734452083706856,-0.00103192997630686,-0.318624913692474,-0.0482356138527393,-0.236935824155807,-0.353365212678909,0.73260897397995,0.700267374515533,0.491665899753571,0.497556656599045,0.313014656305313,0.0275480523705482,0.496447265148163,0.455874711275101,0.492461889982224,0.766667783260345,0.454560548067093,0.429829120635986,0.145679354667664,0.187610104680061,0.338238686323166,0.0808641687035561,0.64715987443924,0.402071982622147,0.19947013258934,0.0514780841767788,-0.250035226345062,0.573359668254852,0.303455501794815,0.120959915220737,0.366360515356064,0.630038022994995,0.541868925094604,0.434559464454651,0.477601557970047,0.456446677446365,0.682460784912109,0.317579299211502,-0.0166744515299797,0.530061542987823,0.687411785125732,0.049983698874712,0.579047799110413,0.589753329753876,-0.462384790182114,-0.0153251821175218,0.786590337753296,0.157184302806854,0.198989376425743,0.0378500856459141,0.446111470460892,0.572084963321686,0.257865160703659,0.194706425070763,0.1671482026577,0.392287492752075,0.0888645946979523,-0.219365313649178,-0.212032154202461,-0.488968819379807,0.384537220001221,0.387222230434418,0.660424888134003,0.431623846292496,0.0260704085230827,0.321669638156891,0.239542126655579,0.606671035289764,0.36472624540329,0.532501578330994,0.0468046180903912,0.64153653383255,0.746819376945496,0.453290998935699,0.63670140504837,0.356147199869156,0.363835960626602,-0.180412501096725,0.627547204494476,0.0533577650785446,0.381586253643036,-0.0201512444764376,0.599563419818878,0.0103872213512659,0.268182784318924,0.135067641735077,0.362770020961761,-0.0630000606179237,0.658397257328033,0.283819586038589,0.785291314125061,0.234991937875748,0.599667310714722,0.122123576700687,-0.112249583005905,0.169444352388382,-0.178571343421936,0.153036370873451,0.481590360403061,0.435370832681656,-0.40795961022377,0.426086097955704,0.395133495330811,-0.131478697061539,-0.227759227156639,-0.524181365966797,0.0540495365858078,0.256192445755005,-0.412480801343918,0.266859591007233,-0.363088667392731,-0.43147873878479,0.0920143574476242,-0.202452287077904,-0.305448621511459,-0.0396921671926975,-0.0337991416454315,0.424661189317703,-0.560900092124939,-0.287245273590088,-0.362311601638794,-0.0406754352152348,-0.337466925382614,-0.144699662923813,-0.201237350702286,-0.64379209280014,0.791291654109955,-0.329803645610809,0.453330278396606,-0.383863389492035,0.235816597938538,-0.583953022956848,0.254997551441193,-0.539757788181305,-0.188747182488441,-0.0871104598045349,0.299059867858887,-0.191093325614929,0.584958136081696,-0.404447346925735,-0.283818900585175,-0.414235949516296,-0.374942898750305,0.0682408660650253,-0.0932412669062614,-0.0245328098535538,-0.36923536658287,0.717070639133453,0.816448450088501,0.200704455375671,0.26771867275238,0.751051127910614,0.308614999055862,0.425365537405014,0.463805228471756,0.375323593616486,0.476729661226273,0.584643721580505,0.32591238617897,-0.544311940670013,0.179653719067574,0.168767914175987,0.494259744882584,-0.0175272971391678,0.726794540882111,0.404483079910278,-0.130403697490692,0.281600177288055,0.193731248378754,-0.599827110767365,-0.618300437927246,1,-0.848995208740234,-0.274712771177292,0.448702275753021,-0.0961142480373383,-0.18896222114563,-0.981470823287964,-0.955606639385223,-0.68951553106308,-0.856367290019989,-0.628708720207214,-0.860489785671234,-0.767352104187012,-0.923882246017456,-0.904272019863129,-0.745081663131714,-0.730063199996948,-0.840426921844482,-0.868855834007263,-0.619104564189911,-0.906723082065582,-0.154205456376076,-0.499422043561935,0.100940980017185,-0.387538373470306,-0.403175085783005,0.312102794647217,-0.700321555137634,-0.484943836927414,-0.629082441329956,-0.602126598358154
0.594816505908966,-0.369330585002899,0.561158716678619,-0.23690989613533,-0.47671103477478,-0.343429207801819,-0.343443602323532,0.130481958389282,-0.216401055455208,-0.26555660367012,-0.371102064847946,-0.546312987804413,-0.414487063884735,-0.126945599913597,-0.22600468993187,-0.429776519536972,-0.567858159542084,0.216475933790207,-0.342963933944702,-0.291723817586899,-0.202864050865173,-0.249672010540962,-0.269937455654144,-0.21948653459549,0.0442640222609043,0.385709345340729,-0.3170365691185,0.0122694401070476,-0.153517097234726,-0.0829839408397675,0.118318431079388,-0.210487335920334,-0.509235680103302,0.147219017148018,-0.0172978471964598,-0.0380556508898735,-0.0554458275437355,-0.0925165116786957,0.107883483171463,-0.252371609210968,-0.337749630212784,-0.283635914325714,0.0630154386162758,-0.0041911294683814,-0.515669643878937,-0.0273465439677238,0.031586978584528,0.0355870760977268,-0.096914105117321,-0.135533943772316,-0.132632955908775,0.575415372848511,-0.0593419559299946,0.110312111675739,0.103982262313366,-0.729635834693909,-0.733080327510834,-0.558049499988556,-0.356738269329071,-0.529409348964691,-0.24555216729641,-0.663202583789825,-0.569100797176361,-0.635267913341522,-0.843625128269196,-0.433211654424667,-0.499838799238205,-0.21461196243763,-0.183193951845169,-0.44638454914093,-0.152210786938667,-0.661229431629181,-0.446919500827789,-0.167634859681129,-0.197420686483383,0.0897310748696327,-0.568185985088348,-0.121776729822159,-0.356539875268936,-0.446100026369095,-0.452270328998566,-0.424087822437286,-0.382985025644302,-0.428327679634094,-0.108317904174328,-0.574813306331635,-0.450027704238892,0.164832189679146,-0.516227543354034,-0.617125809192657,-0.114091165363789,-0.589386522769928,-0.694499373435974,0.356174677610397,-0.0585591718554497,-0.534830689430237,0.0593834109604359,0.113803707063198,0.120198555290699,-0.298631280660629,-0.303705990314484,-0.360063314437866,-0.0175766237080097,-0.3747378885746,-0.163019672036171,-0.301468193531036,-0.019685311242938,0.21965204179287,0.120924569666386,-0.457750171422958,-0.411161839962006,-0.450013399124146,-0.522938132286072,-0.145320177078247,-0.279321491718292,-0.187933698296547,-0.734208047389984,-0.571979105472565,-0.501084566116333,-0.290464162826538,-0.638204634189606,-0.768769860267639,-0.48124161362648,-0.508335471153259,-0.183998599648476,-0.466120094060898,0.00750149413943291,-0.402377367019653,-0.161592319607735,-0.407275974750519,-0.191310465335846,-0.627447009086609,-0.00762369949370623,-0.0478353835642338,-0.269831568002701,-0.430887937545776,0.0479008965194225,-0.401707857847214,-0.320548593997955,-0.675487101078033,0.0554898381233215,-0.390908420085907,-0.241889208555222,0.165286913514137,-0.294937252998352,-0.0359436497092247,-0.228208169341087,-0.313813537359238,-0.520168304443359,0.139391407370567,-0.265980511903763,-0.597641110420227,0.379360944032669,0.317493051290512,0.677067041397095,0.277801930904388,-0.308802127838135,0.392052799463272,-0.406360596418381,0.2466871291399,0.531681418418884,-0.33728364109993,-0.109918378293514,0.292579233646393,0.0559691898524761,0.148447349667549,-0.448829889297485,0.647688031196594,0.470403075218201,0.661734998226166,0.331850409507751,0.498405635356903,0.490716934204102,0.0530440099537373,0.654586553573608,-0.604850947856903,0.49729511141777,-0.276749283075333,0.501693725585938,0.14721192419529,0.489737838506699,-0.244054242968559,0.431243389844894,0.515851378440857,0.418668329715729,-0.193222045898438,0.258769631385803,-0.742135286331177,0.428839147090912,0.554530262947083,0.244718119502068,0.223574638366699,0.066524364054203,0.105685673654079,0.100281499326229,0.467538237571716,-0.864411175251007,-0.840806722640991,-0.168380096554756,-0.150612056255341,-0.41994035243988,0.0457434765994549,-0.279575884342194,-0.295577198266983,-0.515322089195251,-0.312002956867218,-0.608094215393066,-0.251017689704895,0.408317804336548,0.00514251086860895,-0.261438429355621,-0.51180624961853,0.0882456600666046,-0.690185070037842,-0.204711258411407,0.13237364590168,-0.0629265457391739,-0.207094237208366,0.32573476433754,0.611671149730682,-0.848995208740234,1,0.315977483987808,-0.655276894569397,-0.118212692439556,0.0786945894360542,0.854395270347595,0.768016993999481,0.602154076099396,0.708778142929077,0.669309318065643,0.814595878124237,0.677403748035431,0.712410092353821,0.729256927967072,0.513809263706207,0.585347771644592,0.629135012626648,0.882394373416901,0.659163594245911,0.752324402332306,0.0411819666624069,0.513819873332977,-0.142014965415001,0.672731995582581,0.243946775794029,-0.271952837705612,0.627662181854248,0.345603376626968,0.429838061332703,0.776903510093689
-0.190714403986931,0.53501957654953,-0.131337270140648,0.791992604732513,-0.830514490604401,-0.486095994710922,-0.815625309944153,0.243590071797371,-0.872400283813477,0.474022179841995,-0.795798420906067,-0.580528855323792,0.38792285323143,0.299320667982101,0.00195610243827105,-0.767005443572998,-0.525143563747406,0.233935952186584,0.582242786884308,-0.783009648323059,-0.823697924613953,0.204382747411728,0.0675474032759666,-0.875504791736603,-0.579436302185059,-0.260647565126419,-0.593146085739136,-0.549250543117523,-0.188537314534187,-0.652688503265381,0.807193696498871,0.538720190525055,-0.402172029018402,0.583900690078735,0.5055832862854,0.608948469161987,0.702087581157684,0.702795624732971,0.804498851299286,0.595936894416809,0.399622678756714,0.600887775421143,-0.238013178110123,0.676344752311707,0.00215722760185599,0.696107089519501,0.818878471851349,0.787398159503937,0.79032039642334,0.643286466598511,0.806496918201447,0.788794815540314,0.816546976566315,0.901112616062164,0.795425951480865,-0.414288401603699,-0.413624346256256,-0.570565223693848,-0.60490483045578,0.498637825250626,0.669779598712921,-0.496696442365646,-0.724765777587891,-0.352688908576965,-0.522057473659515,0.154639303684235,-0.103492565453053,0.661494076251984,0.746556878089905,0.110237181186676,0.61471027135849,-0.481721729040146,0.197391495108604,0.242132753133774,0.590337812900543,0.876838088035583,-0.634551644325256,-0.680704772472382,0.380197882652283,0.0543107874691486,0.0724156126379967,-0.802386701107025,0.44064462184906,-0.199593439698219,-0.2520751953125,-0.231394812464714,-0.845637619495392,-0.147112444043159,-0.534060120582581,-0.345391720533371,-0.100474707782269,-0.0224807690829039,-0.270457357168198,0.74809455871582,0.525063157081604,-0.229781791567802,0.390272706747055,-0.62153548002243,-0.374171823263168,-0.773788392543793,0.0534818433225155,-0.152470752596855,-0.731261491775513,-0.0761571377515793,0.338995307683945,0.666459262371063,0.727886438369751,0.59204089641571,0.6577969789505,0.201913967728615,0.101346872746944,-0.59133392572403,0.0546776503324509,0.754733502864838,0.154136925935745,0.770510375499725,-0.594268441200256,0.280348122119904,-0.397842407226562,0.192499846220016,-0.487597048282623,-0.603520929813385,-0.258515894412994,-0.757131934165955,0.749850332736969,0.00467682396993041,0.811684310436249,0.0173852629959583,0.774042665958405,0.252282172441483,0.418805658817291,-0.105124868452549,0.79379403591156,0.167735695838928,0.45693501830101,0.341555386781693,0.925604701042175,-0.152913391590118,0.59219765663147,-0.342098861932755,0.652483642101288,0.0874751433730125,0.338365197181702,0.573875844478607,-0.445087939500809,0.731492757797241,0.557306170463562,-0.312969028949738,0.221232980489731,0.724657654762268,0.115397445857525,0.468488186597824,0.0549796782433987,-0.405122518539429,-0.183155789971352,-0.00592203391715884,-0.663769781589508,-0.472168356180191,-0.525626480579376,-0.431626230478287,-0.30254054069519,-0.447818696498871,-0.161774888634682,-0.472907572984695,-0.605968654155731,-0.659318923950195,-0.774925172328949,-0.19731280207634,-0.51784086227417,0.0239966902881861,-0.317175209522247,-0.400956958532333,-0.0962690263986588,-0.606650292873383,0.366322010755539,-0.668045878410339,-0.334805130958557,-0.841754257678986,-0.352831780910492,0.0730563551187515,-0.305580884218216,-0.60961526632309,-0.250476151704788,-0.240264192223549,-0.311583191156387,-0.78453403711319,-0.712038159370422,-0.758726060390472,-0.551140129566193,-0.315569281578064,-0.538505375385284,-0.529163658618927,-0.488005757331848,-0.108707651495934,-0.603373110294342,-0.352467745542526,0.0769892632961273,0.080072432756424,-0.418732225894928,0.841543674468994,0.176502794027328,0.30388605594635,-0.632766306400299,0.656482458114624,-0.304921329021454,0.354586124420166,-0.557550728321075,-0.624291002750397,-0.207992389798164,-0.289409041404724,-0.340196877717972,-0.719397783279419,0.806421220302582,-0.693092226982117,-0.311978787183762,-0.37649330496788,0.090335376560688,-0.586434721946716,0.224426791071892,0.352545529603958,-0.274712771177292,0.315977483987808,1,-0.173155441880226,0.406714886426926,-0.556659936904907,0.267726182937622,0.307750433683395,-0.245514035224915,0.115089222788811,-0.44070902466774,-0.101603500545025,-0.241220369935036,0.253231197595596,0.108986504375935,0.0969027653336525,-0.0598755069077015,-0.00712435971945524,0.414046317338943,-0.339690983295441,0.151592373847961,-0.311612218618393,0.516692161560059,-0.736122786998749,-0.216355264186859,-0.204602375626564,-0.472227394580841,0.554089963436127,0.0999745056033134,0.702992916107178,-0.2945476770401
-0.462971806526184,0.668282091617584,-0.482106000185013,0.331298321485519,0.351666212081909,0.434173434972763,0.0260826721787453,0.409783184528351,-0.0584257170557976,0.69385290145874,0.156863778829575,0.5746990442276,0.672672629356384,0.286183625459671,0.844992935657501,0.294311851263046,0.558914840221405,0.53720098733902,0.564840972423553,-0.11389335244894,0.252085119485855,0.678997993469238,0.637871384620667,-0.17563508450985,-0.0379656031727791,-0.309104114770889,0.221625149250031,0.0728075206279755,0.216123148798943,0.120209686458111,0.120248965919018,0.50497955083847,0.578400194644928,0.101921528577805,0.26282986998558,0.393177330493927,0.410383582115173,0.367480009794235,0.0736235603690147,0.389709562063217,0.747115552425385,0.543464481830597,0.139127537608147,-0.0477387458086014,0.709206998348236,0.361889719963074,0.209725067019463,0.303961634635925,0.373265504837036,0.449149876832962,0.350862562656403,-0.476067423820496,0.250081211328506,0.187980934977531,-0.000880234991200268,0.375345826148987,0.605220675468445,0.391832202672958,0.406819015741348,0.512425124645233,0.316875815391541,0.849435091018677,0.136813670396805,0.337993264198303,0.697818458080292,0.724282681941986,0.884155452251434,0.494864046573639,0.404399961233139,0.750591635704041,0.531520664691925,0.737296998500824,0.797565579414368,0.471366494894028,0.381810218095779,0.089989960193634,0.59716135263443,-0.139021143317223,0.586138367652893,0.721154093742371,0.577969789505005,0.044028889387846,0.59942501783371,0.716483473777771,0.110746629536152,0.682231664657593,0.0604778043925762,-0.712461948394775,0.272060573101044,0.613141536712646,0.545308291912079,0.706210970878601,0.759349346160889,0.0345582067966461,0.276814967393875,0.277882069349289,0.325408041477203,-0.413021326065063,0.0153706222772598,-0.178409904241562,0.227496683597565,0.684257447719574,-0.0972798466682434,0.894194364547729,-0.130146592855453,0.475411832332611,0.276371896266937,0.0376085266470909,0.0146434158086777,0.789595723152161,0.743310928344727,0.209574788808823,0.775647640228271,0.281213760375977,0.581806242465973,0.253940135240555,0.83886194229126,0.801756858825684,0.337851077318192,0.528227984905243,0.561975717544556,0.594486355781555,0.716913223266602,0.390049070119858,0.174984753131866,0.780134856700897,0.231703817844391,0.514597535133362,0.386973738670349,0.488964796066284,0.547644376754761,0.68978625535965,0.155962854623795,0.236558377742767,0.664151847362518,0.639669835567474,0.115587949752808,0.365728706121445,0.581965565681458,0.666878223419189,0.0537379197776318,0.554127812385559,0.603199422359467,0.220014795660973,0.608062565326691,0.326740652322769,0.535898506641388,0.232160225510597,0.816680610179901,-0.00904283951967955,0.585747838020325,0.413163751363754,-0.786136448383331,-0.587363183498383,-0.589262664318085,-0.67610776424408,-0.296637922525406,-0.592196702957153,-0.20670747756958,-0.519213140010834,-0.674172520637512,0.104501016438007,-0.0298865120857954,-0.465453803539276,-0.527553617954254,-0.513893723487854,-0.0625407993793488,-0.54694926738739,-0.234504014253616,-0.798178791999817,-0.58676815032959,-0.459650874137878,-0.626799583435059,-0.37426882982254,-0.748387217521667,0.306902557611465,-0.664927780628204,0.00743739027529955,-0.396843880414963,-0.192263692617416,-0.494970798492432,-0.295903027057648,-0.292234718799591,-0.495022654533386,-0.549127519130707,-0.301858246326447,-0.232946112751961,0.401652157306671,-0.514140188694,-0.560231029987335,-0.305742144584656,-0.30081182718277,-0.179926350712776,-0.695777475833893,-0.431320041418076,-0.257780194282532,0.786368072032928,0.342559546232224,-0.498152673244476,0.0464733354747295,0.2157993465662,-0.361175298690796,-0.385671406984329,0.329385966062546,0.316126585006714,0.427732318639755,0.0136558338999748,-0.264807909727097,-0.550035536289215,-0.146598145365715,0.449625611305237,-0.140733748674393,-0.186147585511208,0.403815120458603,0.0712547451257706,-0.272003084421158,0.0482855439186096,0.134386971592903,-0.340309500694275,-0.45234689116478,0.448702275753021,-0.655276894569397,-0.173155441880226,1,0.319654285907745,-0.238695919513702,-0.50587922334671,-0.445021510124207,-0.287942051887512,-0.412632644176483,-0.422513097524643,-0.514795303344727,-0.381150335073471,-0.371624380350113,-0.313554316759109,0.0168022383004427,-0.410581141710281,-0.253442764282227,-0.634320318698883,-0.485540270805359,-0.381580948829651,-0.0905439257621765,-0.0612538419663906,0.339227497577667,-0.801482200622559,-0.603516697883606,-0.176726579666138,-0.443384081125259,0.142416328191757,0.0229983404278755,-0.419440865516663
-0.249801084399223,0.53407484292984,-0.364336520433426,0.496075391769409,-0.0961353927850723,-0.390985161066055,-0.72276771068573,0.286316275596619,-0.770737111568451,0.325375884771347,-0.693623125553131,-0.445956081151962,0.186518788337708,0.240204006433487,0.239808976650238,-0.657067477703094,-0.497800320386887,0.162675470113754,0.367797076702118,-0.738834798336029,-0.642366051673889,0.464124917984009,0.315485775470734,-0.679928064346313,-0.613708317279816,-0.310140937566757,-0.77141660451889,-0.401466608047485,-0.687566936016083,-0.83150851726532,0.580838978290558,0.9064901471138,-0.316242456436157,0.583218276500702,0.668219149112701,0.809834957122803,0.724528908729553,0.684156894683838,0.704572141170502,0.909532129764557,0.413231462240219,0.492263585329056,-0.135204434394836,0.390726506710052,-0.0626717731356621,0.702923774719238,0.769006371498108,0.766308486461639,0.738972902297974,0.882903516292572,0.754339575767517,0.383120149374008,0.709115028381348,0.615637302398682,0.69812422990799,-0.403184682130814,-0.296915501356125,-0.497949868440628,-0.678623735904694,0.420924335718155,0.542628526687622,0.0599714927375317,-0.594947576522827,-0.273311823606491,-0.288374483585358,0.158338159322739,0.105251736938953,0.475555509328842,0.697157144546509,0.106637097895145,0.615358710289001,-0.296028196811676,0.190358236432076,0.0669871866703033,0.267933309078217,0.65730744600296,-0.489901453256607,-0.668402910232544,0.903653025627136,0.260787129402161,-0.24053530395031,-0.691924691200256,0.334495663642883,-0.247617855668068,-0.760075390338898,-0.365484654903412,-0.282605946063995,-0.488879710435867,-0.456883162260056,-0.370974361896515,-0.268638610839844,-0.0374666675925255,-0.0361075885593891,0.583734691143036,0.531258940696716,-0.514225125312805,0.20373110473156,-0.80031406879425,-0.404327034950256,-0.704516172409058,-0.564012348651886,-0.0428676716983318,-0.7520791888237,0.535078644752502,-0.404026538133621,0.716246247291565,0.855789303779602,0.412956297397614,0.645969331264496,0.226478517055511,0.0166894439607859,-0.738574326038361,0.311887681484222,0.80006468296051,0.0190149880945683,0.551463425159454,-0.132120579481125,0.367063671350479,-0.42984065413475,-0.184014394879341,-0.535755336284637,-0.185493856668472,-0.170452371239662,-0.617115914821625,0.137463837862015,0.00971551798284054,0.816113591194153,-0.295140653848648,0.712378799915314,0.148675099015236,0.466295450925827,0.0106392493471503,0.578115344047546,-0.0642481967806816,0.406741440296173,0.347058892250061,0.581333816051483,-0.208899796009064,0.299137473106384,-0.196165457367897,-0.132848411798477,0.145112618803978,0.512213528156281,0.298096150159836,0.0762094035744667,0.812279403209686,0.191440880298615,-0.625823259353638,0.364602148532867,0.771355509757996,0.394458651542664,0.706233441829681,-0.119726188480854,-0.254275262355804,-0.463991075754166,-0.509218156337738,-0.222133934497833,-0.232009440660477,0.0618961155414581,-0.0519701167941093,-0.384435474872589,0.494421988725662,0.665279567241669,-0.202416628599167,-0.334388792514801,-0.607423722743988,-0.29964280128479,-0.414700984954834,-0.533285140991211,-0.48803898692131,-0.595542728900909,-0.515741050243378,-0.564759075641632,-0.0858204662799835,-0.0720631405711174,-0.214719891548157,-0.409697681665421,-0.546579003334045,-0.426522076129913,-0.66409432888031,-0.0246391762048006,-0.133168295025826,0.325686782598495,-0.622113704681396,-0.575751543045044,-0.511832714080811,-0.440997838973999,-0.200422018766403,-0.325063019990921,-0.636914372444153,-0.0223939027637243,-0.089565321803093,-0.877909421920776,-0.226663336157799,-0.467178910970688,-0.29638084769249,0.493277817964554,0.0523572452366352,-0.611968874931335,0.335507243871689,0.149457380175591,-0.291795372962952,-0.557618618011475,0.184630841016769,0.0954790711402893,0.213830515742302,-0.402839839458466,-0.683346688747406,-0.510111629962921,-0.674115061759949,0.398592859506607,-0.456188797950745,0.519385874271393,-0.57777202129364,-0.0521202422678471,-0.653257668018341,0.246070370078087,0.0116262026131153,-0.117514193058014,-0.150976583361626,-0.0961142480373383,-0.118212692439556,0.406714886426926,0.319654285907745,1,-0.158120810985565,0.0609063096344471,0.105464771389961,-0.327736347913742,0.121472202241421,-0.437139898538589,-0.280034929513931,-0.319852411746979,0.134083122014999,-0.0736272186040878,0.115009009838104,-0.110488973557949,0.0799925103783607,-0.0722638666629791,-0.461989343166351,0.115940846502781,0.271442532539368,0.0852194800972939,-0.432603448629379,-0.370995372533798,-0.269491255283356,-0.438135951757431,0.389397859573364,0.369468480348587,0.411357492208481,-0.476725906133652
0.572530508041382,-0.520556449890137,0.351989597082138,-0.630774199962616,0.203962236642838,-0.265559703111649,0.265560299158096,-0.324932962656021,0.380162179470062,-0.714296340942383,0.101338647305965,-0.00865916162729263,-0.782564282417297,-0.559145271778107,-0.188543289899826,0.0652422532439232,-0.282841771841049,-0.438212037086487,-0.789706110954285,0.256707102060318,0.271850138902664,-0.745235204696655,-0.466472834348679,0.519814252853394,0.56069415807724,0.211446657776833,0.00282925460487604,0.228814452886581,-0.396647274494171,0.145649924874306,-0.464387327432632,-0.413033246994019,-0.441784858703613,-0.301958322525024,-0.421201795339584,-0.461679428815842,-0.605321526527405,-0.679766535758972,-0.317423611879349,-0.335271239280701,-0.70855724811554,-0.796890377998352,-0.115870170295238,-0.585315346717834,-0.455768376588821,-0.590620279312134,-0.530308902263641,-0.529301404953003,-0.617945730686188,-0.491594195365906,-0.488049238920212,-0.38926637172699,-0.682537376880646,-0.650788009166718,-0.404360741376877,-0.317141085863113,-0.406978011131287,-0.0991305038332939,-0.113867044448853,-0.640477061271667,-0.707916259765625,-0.18817774951458,0.381558507680893,-0.373699992895126,-0.139717817306519,-0.762254595756531,-0.50219738483429,-0.832188725471497,-0.529387712478638,-0.637970209121704,-0.792227566242218,-0.2893146276474,-0.703375995159149,-0.836939811706543,-0.755289614200592,-0.605218172073364,-0.026990033686161,0.313749849796295,-0.404368728399277,-0.413448929786682,-0.54196834564209,0.320583403110504,-0.828590631484985,-0.53141450881958,-0.304762363433838,-0.376900225877762,0.656582951545715,0.578227996826172,-0.172309339046478,-0.369080036878586,-0.48287108540535,-0.68512886762619,-0.534131646156311,-0.0868637040257454,-0.0392711311578751,-0.408406496047974,-0.659550547599792,0.308256864547729,0.617573380470276,0.501511812210083,-0.592376291751862,-0.506596863269806,0.599682986736298,-0.0893612876534462,-0.185072556138039,-0.313633263111115,-0.449603140354156,0.0636191070079803,-0.199548214673996,-0.744000554084778,-0.728920698165894,-0.0770012736320496,-0.681156635284424,-0.523874461650848,-0.57474684715271,-0.814273595809937,-0.084065169095993,-0.685846924781799,-0.311451613903046,-0.411889344453812,-0.204415664076805,-0.209561094641685,-0.527190566062927,0.0568373762071133,-0.794106066226959,-0.632091641426086,-0.514634191989899,-0.678388297557831,-0.683350265026093,-0.843214988708496,-0.734364748001099,-0.583483040332794,-0.827166140079498,-0.575043678283691,-0.756999850273132,-0.809754192829132,-0.602327287197113,-0.607388079166412,-0.80541867017746,-0.462155729532242,-0.814825832843781,-0.705138802528381,-0.662996649742126,-0.799248099327087,-0.23331792652607,-0.592221558094025,-0.726709365844727,0.267843127250671,-0.626088500022888,-0.30311244726181,-0.6708904504776,-0.425607800483704,0.53841769695282,0.897003531455994,0.485412448644638,0.455399423837662,0.592535078525543,0.738480925559998,0.584709405899048,0.826047301292419,0.810926973819733,0.621955633163452,0.477251142263412,0.630667865276337,0.858608484268188,0.810072124004364,0.455260246992111,0.477717399597168,0.539213538169861,0.442643105983734,0.633813381195068,0.471879243850708,0.486727774143219,0.846454262733459,0.385598868131638,0.29831925034523,0.730314254760742,0.581255853176117,0.415858894586563,-0.153808668255806,0.473784118890762,0.720891118049622,0.386113077402115,0.502757608890533,0.586901962757111,0.535790324211121,0.819024741649628,0.334350317716599,0.672593414783478,0.590656042098999,0.572931230068207,0.561331331729889,0.482895016670227,0.334267675876617,0.902095258235931,0.264402747154236,-0.325966745615005,-0.152073696255684,0.578167676925659,-0.669819712638855,-0.567622244358063,-0.510139763355255,0.388134688138962,-0.742767095565796,0.664331257343292,-0.772148609161377,0.469040304422379,0.591569900512695,0.173607751727104,0.507448017597198,-0.0171640794724226,0.453935414552689,-0.155117183923721,0.10526555031538,0.219615519046783,0.683565199375153,0.268276453018188,0.25564256310463,0.267593860626221,0.389979541301727,-0.18896222114563,0.0786945894360542,-0.556659936904907,-0.238695919513702,-0.158120810985565,1,0.0849885120987892,0.00556572154164314,0.0204818341881037,-0.0313443765044212,0.381256312131882,0.203982099890709,0.257623881101608,-0.0465609207749367,-0.00889963656663895,-0.146640717983246,-0.0391409881412983,-0.0019148311112076,-0.166102156043053,0.337449669837952,-0.0264713987708092,0.0435595065355301,-0.383785396814346,-0.00662911450490355,0.53216165304184,0.194577917456627,0.758097171783447,-0.372066020965576,-0.412455201148987,-0.299269497394562,0.349038392305374
0.495641618967056,-0.21689273416996,0.433687597513199,-0.307507932186127,-0.373744159936905,-0.254283666610718,-0.374621003866196,0.262665003538132,-0.241592928767204,-0.184375733137131,-0.379048824310303,-0.382058382034302,-0.27516958117485,0.291881442070007,-0.16762039065361,-0.426457434892654,-0.596423089504242,0.130460128188133,-0.403724521398544,-0.405242145061493,-0.27764618396759,-0.146478071808815,-0.0175109058618546,-0.239430099725723,0.2071533203125,0.23409029841423,-0.520114421844482,-0.0581792630255222,-0.321093916893005,-0.25420218706131,0.37639307975769,0.000461176125099882,-0.327846080064774,0.471607327461243,0.267081409692764,0.266376197338104,0.159871369600296,0.144849255681038,0.341196537017822,-0.0767230018973351,-0.196898996829987,-0.0867606103420258,0.228436425328255,0.31321594119072,-0.655615508556366,0.205905675888062,0.222215160727501,0.236855775117874,0.0524987764656544,0.0438276864588261,-0.0509172789752483,0.343624979257584,0.0540453493595123,0.23012712597847,0.349524915218353,-0.639238476753235,-0.628722488880157,-0.424405515193939,-0.46544474363327,-0.28703585267067,0.00519574573263526,-0.497234493494034,-0.439317971467972,-0.382564634084702,-0.754679143428802,-0.424140930175781,-0.441735565662384,-0.131595000624657,-0.239952206611633,-0.332176893949509,-0.0694274306297302,-0.618032336235046,-0.401839852333069,-0.131735935807228,-0.0296777784824371,0.256128311157227,-0.579439461231232,-0.250712156295776,-0.142686992883682,-0.404327899217606,-0.64156836271286,-0.516722202301025,-0.412645101547241,-0.455006986856461,-0.412022680044174,-0.686995208263397,-0.316806018352509,-0.00867076311260462,-0.429965943098068,-0.664453268051147,-0.0309858955442905,-0.532476603984833,-0.524456918239594,0.350975185632706,-0.116007968783379,-0.729051530361176,-0.121138699352741,-0.148008108139038,-0.173469662666321,-0.433073222637177,-0.513494312763214,-0.233621284365654,-0.243645489215851,-0.263552367687225,-0.403435230255127,-0.172234565019608,0.195185571908951,0.0724437162280083,0.46823462843895,-0.367433160543442,-0.360027939081192,-0.604193150997162,-0.395375370979309,-0.0497255139052868,-0.33383110165596,-0.197561278939247,-0.616621673107147,-0.353729903697968,-0.468078464269638,-0.066917784512043,-0.61767840385437,-0.686723649501801,-0.412227094173431,-0.608680546283722,-0.331331878900528,-0.344985991716385,0.164852231740952,-0.577963769435883,-0.0625941231846809,-0.301582008600235,0.0727538615465164,-0.560440480709076,0.0395620465278625,-0.240618467330933,-0.133136302232742,-0.324883013963699,0.0379161275923252,-0.574905157089233,-0.286490797996521,-0.729791700839996,-0.192230924963951,-0.553550183773041,-0.112734638154507,0.154064536094666,-0.138777703046799,0.180907428264618,-0.169725120067596,-0.57358717918396,-0.453148990869522,0.396292477846146,-0.380574017763138,-0.394243657588959,0.106238752603531,0.163481563329697,0.515220522880554,-0.0949509963393211,-0.227088302373886,0.423130661249161,-0.254512429237366,0.346101701259613,0.380632311105728,-0.138267815113068,0.17264249920845,0.329127430915833,0.0236264802515507,0.0157467965036631,-0.391389697790146,0.558577656745911,0.25179535150528,0.346762895584106,-0.0113089149817824,0.352367609739304,0.0898442715406418,0.18819372355938,0.612872719764709,-0.815057337284088,0.303566873073578,-0.468986690044403,0.401271551847458,-0.249855205416679,0.628071248531342,-0.273764073848724,0.57058310508728,0.129165098071098,0.0347499810159206,-0.261339604854584,0.123352728784084,-0.592859923839569,0.423858553171158,0.243616342544556,0.450540661811829,0.410848408937454,-0.121709264814854,0.139182239770889,-0.0397227443754673,0.407419294118881,-0.747767984867096,-0.831049561500549,-0.195133283734322,-0.25125390291214,-0.685474872589111,-0.190184161067009,-0.350214749574661,-0.456992924213409,-0.519506514072418,-0.411818742752075,-0.611371755599976,-0.345208615064621,0.622661471366882,-0.28057450056076,-0.136555880308151,-0.446197688579559,-0.0398373641073704,-0.708932161331177,-0.404787421226501,0.0364094488322735,-0.368423342704773,-0.144203811883926,0.549558579921722,0.506165266036987,-0.981470823287964,0.854395270347595,0.267726182937622,-0.50587922334671,0.0609063096344471,0.0849885120987892,1,0.980952084064484,0.764311492443085,0.918501913547516,0.663232922554016,0.896721243858337,0.806538641452789,0.965461611747742,0.941707730293274,0.759454727172852,0.830987393856049,0.89693945646286,0.931806325912476,0.664390504360199,0.959124028682709,0.224464431405067,0.4798803627491,-0.0447079688310623,0.397250443696976,0.512727916240692,-0.390813082456589,0.783421337604523,0.55397641658783,0.577500879764557,0.596871614456177
0.335631608963013,-0.0914699211716652,0.275205940008163,-0.261916846036911,-0.409359216690063,-0.269333183765411,-0.420675545930862,0.221846893429756,-0.28371798992157,-0.0773110762238503,-0.404713064432144,-0.361948132514954,-0.146528139710426,0.412785977125168,-0.176661819219589,-0.448963731527328,-0.560340225696564,0.0916213765740395,-0.31890133023262,-0.458590358495712,-0.355607897043228,-0.0997822657227516,0.129664674401283,-0.295600891113281,0.225313827395439,0.0704611018300056,-0.535144329071045,-0.190377071499825,-0.283752411603928,-0.328893214464188,0.4898701608181,0.0614675730466843,-0.243754267692566,0.51762193441391,0.301802486181259,0.372018277645111,0.277663946151733,0.274388790130615,0.437293440103531,0.0191058460623026,-0.0783979520201683,0.0500023923814297,0.168349906802177,0.44928440451622,-0.593824028968811,0.332298099994659,0.297240197658539,0.320577621459961,0.154100105166435,0.135129824280739,0.0247100256383419,0.306248784065247,0.162209779024124,0.309437364339828,0.461950778961182,-0.578339576721191,-0.545857965946198,-0.410215675830841,-0.481164216995239,-0.174374267458916,0.16221097111702,-0.412408918142319,-0.425307214260101,-0.256181925535202,-0.690170884132385,-0.328445553779602,-0.361803352832794,-0.0119902808219194,-0.196206316351891,-0.204269900918007,0.0302106682211161,-0.586997210979462,-0.302565634250641,-0.0210950598120689,0.128147795796394,0.362882554531097,-0.540689885616302,-0.3614581823349,-0.0418646894395351,-0.287547290325165,-0.592366397380829,-0.517175793647766,-0.313005685806274,-0.398768037557602,-0.450547486543655,-0.664657831192017,-0.356683999300003,-0.0400316454470158,-0.432251483201981,-0.592135906219482,0.0537772923707962,-0.420975804328918,-0.435916095972061,0.377122640609741,-0.0580487921833992,-0.68678218126297,-0.182624295353889,-0.213131591677666,-0.260906279087067,-0.46280312538147,-0.493063509464264,-0.118909232318401,-0.323820024728775,-0.223716914653778,-0.4451924264431,-0.0985885038971901,0.293748050928116,0.0833614319562912,0.565400540828705,-0.259700626134872,-0.265159606933594,-0.625360727310181,-0.277261346578598,0.0511814877390862,-0.23173813521862,-0.135671079158783,-0.566007316112518,-0.229646727442741,-0.361352920532227,0.0470779091119766,-0.563212215900421,-0.616117000579834,-0.324275732040405,-0.626685261726379,-0.279303371906281,-0.232838034629822,0.233995154500008,-0.558070838451385,0.0410997159779072,-0.159535199403763,0.153326526284218,-0.436988025903702,0.140992611646652,-0.170599728822708,-0.00784153584390879,-0.190590083599091,0.116553872823715,-0.526004672050476,-0.178878203034401,-0.703292906284332,-0.170922681689262,-0.506125330924988,0.0159674808382988,0.249934628605843,-0.055830430239439,0.275289714336395,-0.0472367070615292,-0.617838680744171,-0.341265559196472,0.499611675739288,-0.369692444801331,-0.273228466510773,-0.00229115830734372,0.0536479726433754,0.35881307721138,-0.190940022468567,-0.209351673722267,0.312857925891876,-0.225515782833099,0.263744652271271,0.248555079102516,-0.130846843123436,0.202739015221596,0.205703631043434,-0.0505002476274967,-0.0859371200203896,-0.357434302568436,0.412116438150406,0.0900900140404701,0.200626313686371,-0.115513876080513,0.192352771759033,-0.0246138125658035,0.123057059943676,0.53061830997467,-0.851334691047668,0.149375602602959,-0.5744908452034,0.244763910770416,-0.274168372154236,0.536289036273956,-0.290700793266296,0.487127482891083,0.00514507014304399,-0.0887502282857895,-0.280547469854355,0.0280551146715879,-0.521405220031738,0.297629177570343,0.0868479236960411,0.378986418247223,0.328171193599701,-0.173639118671417,0.188886940479279,-0.126568600535393,0.259697914123535,-0.658218622207642,-0.763667404651642,-0.210430011153221,-0.205617174506187,-0.699356079101562,-0.242222264409065,-0.393000304698944,-0.422240734100342,-0.549297630786896,-0.415797650814056,-0.568687260150909,-0.352612435817719,0.661905765533447,-0.336882501840591,-0.196612671017647,-0.448040395975113,-0.0512495525181293,-0.703147768974304,-0.548319876194,0.00922620948404074,-0.505099952220917,-0.241526320576668,0.636653780937195,0.48362785577774,-0.955606639385223,0.768016993999481,0.307750433683395,-0.445021510124207,0.105464771389961,0.00556572154164314,0.980952084064484,1,0.75592178106308,0.939664781093597,0.565270721912384,0.860707819461823,0.741059899330139,0.98787659406662,0.939172029495239,0.823297262191772,0.830860495567322,0.909978866577148,0.91637396812439,0.556241512298584,0.957193553447723,0.297658681869507,0.547455787658691,-0.0242543295025826,0.253529101610184,0.540129065513611,-0.468423247337341,0.824891626834869,0.615724682807922,0.661702692508698,0.472107172012329
0.368228226900101,-0.396167814731598,0.383569896221161,-0.652689576148987,0.118033803999424,0.287460893392563,0.190427333116531,0.198024436831474,0.324525326490402,-0.190447866916656,0.254108637571335,0.134210765361786,-0.165722101926804,0.332403600215912,-0.0888761952519417,0.203047513961792,0.020136957988143,0.167370483279228,-0.480358958244324,0.135547086596489,0.287612587213516,-0.00314070447348058,0.159279242157936,0.234169095754623,0.492872625589371,0.32633900642395,0.0471743755042553,0.263797104358673,0.151418998837471,0.286642253398895,-0.0466999001801014,-0.334061115980148,0.254643052816391,0.10548359900713,-0.010186804458499,-0.0593015514314175,-0.143133044242859,-0.11886552721262,-0.180482223629951,-0.483341008424759,-0.16878542304039,-0.182515412569046,0.461431264877319,0.0613503530621529,-0.393279612064362,-0.0941451117396355,-0.230027064681053,-0.182978302240372,-0.319281667470932,-0.311933755874634,-0.506573915481567,-0.125202834606171,-0.305354446172714,-0.188800036907196,-0.12613120675087,-0.120209507644176,-0.0673255696892738,0.119441770017147,0.152025029063225,-0.392166167497635,-0.196468323469162,-0.0261002406477928,-4.07859297411051e-05,0.115794412791729,-0.243356540799141,-0.162572920322418,-0.102885149419308,-0.254506886005402,-0.632046282291412,-0.0725661292672157,-0.207374349236488,-0.0655246898531914,-0.197176918387413,0.121858917176723,-0.0890502333641052,-0.173760995268822,0.00232250662520528,0.165804445743561,-0.357488393783569,-0.241580307483673,-0.36351814866066,0.0235048327594995,-0.361460894346237,0.0204653199762106,0.047907330095768,-0.255256712436676,0.00169428414665163,-0.113382130861282,0.100366614758968,-0.145847350358963,0.372039169073105,-0.146587818861008,-0.0456348247826099,-0.218709200620651,-0.533133685588837,-0.273091971874237,-0.135471686720848,0.269314169883728,-0.121333278715611,-0.00974512565881014,-0.161748722195625,0.176384478807449,0.121579065918922,-0.222497627139091,-0.504610776901245,-0.60139399766922,-0.23675699532032,-0.430391520261765,0.00324787781573832,-0.154353573918343,-0.0453092269599438,-0.0214425828307867,-0.126751914620399,-0.459760278463364,-0.124269783496857,-0.456384003162384,-0.100671626627445,-0.251734137535095,0.0709454789757729,0.0804680436849594,-0.0518298745155334,-0.110234700143337,0.0935580655932426,0.0158309359103441,-0.506174325942993,0.000518709362950176,-0.300289899110794,-0.203390836715698,-0.389635115861893,-0.0710019990801811,0.0647121295332909,-0.170910954475403,-0.218650117516518,-0.0454755388200283,-0.121963202953339,-0.204939275979996,-0.419158041477203,-0.131296172738075,-0.339668452739716,-0.224757000803947,-0.239592105150223,-0.292962282896042,-0.0838396772742271,0.107966579496861,0.315267086029053,-0.180414170026779,-0.204249247908592,-0.357001841068268,-0.333487898111343,-0.0920914486050606,-0.210997670888901,-0.639451920986176,-0.217947319149971,0.0377301461994648,0.462803244590759,-0.250787347555161,-0.0156731251627207,0.409550726413727,-0.190178945660591,0.23498047888279,0.24555429816246,-0.215188801288605,-0.0649672150611877,0.356371939182281,0.0717343166470528,0.176523894071579,-0.00990678556263447,0.513109564781189,0.436876356601715,0.164153918623924,-0.00529683427885175,0.46606782078743,0.00396516500040889,0.202498391270638,0.15361325442791,-0.458472549915314,0.222957342863083,-0.0781047120690346,0.493180811405182,-0.103691950440407,0.590375065803528,-0.182093769311905,0.476082295179367,0.155745163559914,0.0548132695257664,0.11401829123497,0.312494069337845,-0.159161657094955,0.516148090362549,0.27045413851738,0.537330329418182,0.505447864532471,0.160117447376251,0.0856293588876724,0.021830216050148,0.550120949745178,-0.717827796936035,-0.827494740486145,-0.0850576981902122,-0.596588134765625,-0.5965616106987,-0.15617473423481,-0.0259307976812124,-0.600147008895874,-0.636591553688049,-0.347179174423218,-0.364846438169479,-0.0661795660853386,0.788332104682922,-0.190519452095032,0.0197281017899513,-0.0935609191656113,-0.650398850440979,-0.160403236746788,-0.33009347319603,0.110185116529465,-0.645635664463043,0.10936813801527,0.320880323648453,0.114293769001961,-0.68951553106308,0.602154076099396,-0.245514035224915,-0.287942051887512,-0.327736347913742,0.0204818341881037,0.764311492443085,0.75592178106308,1,0.840419769287109,0.861488103866577,0.92769056558609,0.909531116485596,0.798322737216949,0.897887706756592,0.782798707485199,0.910340487957001,0.902783513069153,0.727572321891785,0.807435214519501,0.850862562656403,0.385586559772491,0.322688370943069,0.58284604549408,0.318807423114777,0.598336756229401,-0.361934393644333,0.496634602546692,0.63978773355484,0.190559163689613,0.715423703193665
0.246430560946465,-0.194804951548576,0.195198059082031,-0.409001976251602,-0.175417527556419,-0.165581703186035,-0.296329528093338,0.129925176501274,-0.148658707737923,-0.134249523282051,-0.251397848129272,-0.338355988264084,-0.185189723968506,0.372308760881424,-0.243720769882202,-0.321366280317307,-0.426860719919205,0.0586525872349739,-0.3580282330513,-0.305163472890854,-0.242181196808815,0.0051722563803196,0.216320365667343,-0.165583267807961,0.182549744844437,0.0835547223687172,-0.430702835321426,-0.143429189920425,-0.227834925055504,-0.266648203134537,0.320471107959747,0.0111493617296219,-0.110282443463802,0.365763932466507,0.219513162970543,0.303756654262543,0.205998107790947,0.219046711921692,0.264115303754807,-0.0340719074010849,-0.0936684757471085,0.00362770818173885,0.18718059360981,0.353966772556305,-0.555127203464508,0.264757513999939,0.167459338903427,0.194582432508469,0.051268395036459,0.0888630822300911,-0.119008235633373,0.257397323846817,0.0962329283356667,0.158838510513306,0.339627683162689,-0.471997797489166,-0.410614758729935,-0.343231409788132,-0.373492956161499,-0.277088701725006,0.104431815445423,-0.244955196976662,-0.39809861779213,-0.119557455182076,-0.604776501655579,-0.238241463899612,-0.276830613613129,-0.0497335679829121,-0.302037209272385,-0.157347500324249,0.0336093045771122,-0.483128666877747,-0.268958777189255,0.0833149552345276,0.0691315084695816,0.245779201388359,-0.429364383220673,-0.282292932271957,-0.00168043468147516,-0.2103011906147,-0.586086452007294,-0.365582466125488,-0.27593120932579,-0.307851821184158,-0.396121710538864,-0.641031444072723,-0.266232043504715,-0.102566994726658,-0.324038952589035,-0.4814273416996,0.10834089666605,-0.322621017694473,-0.309078395366669,0.183770671486855,-0.189446642994881,-0.582697451114655,-0.189170852303505,-0.0620393827557564,-0.31320908665657,-0.344642490148544,-0.495879113674164,0.00291616935282946,-0.272825658321381,-0.190147444605827,-0.651764810085297,-0.277950435876846,0.211574882268906,-0.0932829231023788,0.400779962539673,-0.21334981918335,-0.211611464619637,-0.516934454441071,-0.145800545811653,-0.0124031417071819,-0.176696792244911,-0.187293902039528,-0.44390207529068,-0.245875865221024,-0.196797594428062,-0.10186630487442,-0.495780050754547,-0.399674326181412,-0.189197763800621,-0.477834850549698,-0.397095322608948,-0.175297647714615,0.118040844798088,-0.5042405128479,-0.0304657500237226,-0.0576865673065186,0.13168229162693,-0.301795899868011,0.130890712141991,-0.0463202074170113,-0.0170336626470089,-0.126792266964912,-0.0249203909188509,-0.321569055318832,-0.254304975271225,-0.559565007686615,-0.254255503416061,-0.344368875026703,0.0970050767064095,0.294543594121933,0.175937592983246,0.207609102129936,-0.139302119612694,-0.719883143901825,-0.300815016031265,0.403832465410233,-0.197421163320541,-0.308603346347809,-0.0541298016905785,0.0421676188707352,0.280087679624557,-0.285044252872467,-0.0540715418756008,0.343598574399948,-0.102673254907131,0.270754218101501,0.181045591831207,-0.0165301449596882,0.277577549219131,0.23634098470211,-0.00207494106143713,-0.0553397946059704,-0.152249395847321,0.33272448182106,0.103873781859875,0.098638616502285,-0.134243324398994,0.184078752994537,-0.0871300995349884,0.175177872180939,0.319163233041763,-0.680263161659241,0.110876098275185,-0.461698055267334,0.229066237807274,-0.312079340219498,0.582212924957275,-0.16418944299221,0.596465528011322,-0.0278142988681793,-0.0909149795770645,-0.0917898714542389,0.10107284039259,-0.368836313486099,0.356167733669281,0.0337477549910545,0.470454633235931,0.392892688512802,-0.23663318157196,0.241322338581085,-0.120816431939602,0.29465240240097,-0.642364621162415,-0.834904909133911,-0.251944065093994,-0.349918752908707,-0.584296584129333,-0.245564013719559,-0.270314514636993,-0.531987309455872,-0.665417194366455,-0.397668242454529,-0.527134120464325,-0.320436894893646,0.671621143817902,-0.446302443742752,-0.0590400248765945,-0.341521084308624,-0.248468682169914,-0.621457576751709,-0.518557012081146,-0.102989077568054,-0.582476079463959,-0.104734115302563,0.468533277511597,0.262641459703445,-0.856367290019989,0.708778142929077,0.115089222788811,-0.412632644176483,0.121472202241421,-0.0313443765044212,0.918501913547516,0.939664781093597,0.840419769287109,1,0.639612019062042,0.882901787757874,0.745031118392944,0.955799400806427,0.904165029525757,0.854061663150787,0.88934201002121,0.961061894893646,0.863814353942871,0.576787173748016,0.975339651107788,0.562003433704376,0.50158566236496,0.191558986902237,0.290511250495911,0.58278477191925,-0.563740730285645,0.842463433742523,0.775382518768311,0.510054290294647,0.503410816192627
0.724050760269165,-0.71969211101532,0.695689260959625,-0.799067199230194,0.24406586587429,0.237781330943108,0.355675131082535,0.133620634675026,0.48538613319397,-0.541652798652649,0.335354119539261,0.0898956432938576,-0.565196752548218,-0.0985026061534882,-0.129700124263763,0.272692680358887,-0.0701050311326981,0.0938533693552017,-0.746916949748993,0.330440163612366,0.485474526882172,-0.263876706361771,-0.259130507707596,0.464385658502579,0.507397890090942,0.63959676027298,0.121773116290569,0.539007484912872,0.0109834056347609,0.455548882484436,-0.408614099025726,-0.534238040447235,-0.0141644924879074,-0.120682753622532,-0.213150084018707,-0.403327226638794,-0.520542860031128,-0.532994091510773,-0.459688633680344,-0.703534305095673,-0.543121576309204,-0.612956762313843,0.471276998519897,-0.363913118839264,-0.53022974729538,-0.491698980331421,-0.502607583999634,-0.481704354286194,-0.639859139919281,-0.587918102741241,-0.721866548061371,-0.135074108839035,-0.645431697368622,-0.497850120067596,-0.455232083797455,-0.242673844099045,-0.265217542648315,0.0829481333494186,0.176691547036171,-0.707156360149384,-0.644896864891052,-0.208386838436127,0.0897373333573341,-0.189434424042702,-0.326424300670624,-0.475565224885941,-0.343495756387711,-0.64367401599884,-0.763559699058533,-0.44212943315506,-0.561325252056122,-0.148655116558075,-0.509645164012909,-0.279520779848099,-0.556680083274841,-0.523431658744812,-0.0409086085855961,0.459911197423935,-0.613332331180573,-0.514315009117126,-0.494072496891022,0.14800401031971,-0.673606812953949,-0.183043748140335,0.0950896143913269,-0.312674462795258,0.244476050138474,0.114533022046089,0.0894595980644226,-0.30204513669014,0.0541526935994625,-0.463635593652725,-0.30256450176239,-0.308211386203766,-0.602559030056,-0.344833701848984,-0.147965297102928,0.476788431406021,0.207473576068878,0.212632492184639,-0.265976816415787,-0.168210953474045,0.423841953277588,-0.309844225645065,-0.375636965036392,-0.763068675994873,-0.533956289291382,-0.407383263111115,-0.28288659453392,-0.499087393283844,-0.370710402727127,0.0613757707178593,-0.47400563955307,-0.728142321109772,-0.414596706628799,-0.696213662624359,-0.178552210330963,-0.613108575344086,-0.164355859160423,-0.256771773099899,-0.154674872756004,-0.228647395968437,-0.179883241653442,0.11062540858984,-0.701078474521637,-0.345434099435806,-0.545710623264313,-0.326092630624771,-0.708087861537933,-0.499876916408539,-0.288420766592026,-0.481209844350815,-0.575857877731323,-0.270836889743805,-0.525930225849152,-0.605361223220825,-0.668481171131134,-0.28681218624115,-0.681752622127533,-0.302890211343765,-0.411410123109818,-0.463651597499847,-0.47279104590416,-0.274256467819214,0.0729667395353317,-0.506239950656891,-0.580681800842285,-0.134801119565964,-0.635803818702698,-0.389168053865433,-0.333493739366531,-0.881174325942993,0.150030583143234,0.44457420706749,0.79003244638443,0.0948726013302803,0.119576245546341,0.718927562236786,-0.0653839483857155,0.529496729373932,0.635495722293854,-0.0666162967681885,-0.0321567617356777,0.675386190414429,0.410753339529037,0.548370599746704,0.0735711380839348,0.807228147983551,0.803346276283264,0.520812153816223,0.360649645328522,0.809298574924469,0.348211795091629,0.482345968484879,0.34021583199501,-0.204483941197395,0.648226022720337,0.305166602134705,0.806140303611755,-0.0393102690577507,0.764662444591522,0.0675166547298431,0.626407861709595,0.497785925865173,0.436431080102921,0.302324742078781,0.640471041202545,-0.162721827626228,0.8293776512146,0.669819533824921,0.709327340126038,0.701639294624329,0.367127299308777,0.0756173357367516,0.401733905076981,0.803031086921692,-0.849928855895996,-0.84362268447876,0.115525215864182,-0.74874484539032,-0.566198825836182,-0.113436758518219,0.197326421737671,-0.736872911453247,-0.345881760120392,-0.447823405265808,-0.247765108942986,0.130119413137436,0.635347902774811,0.0783667787909508,0.121081754565239,0.0683133229613304,-0.59257298707962,-0.0784718096256256,0.0578939169645309,0.303335577249527,-0.233493000268936,0.346170693635941,0.134418994188309,0.193628028035164,-0.628708720207214,0.669309318065643,-0.44070902466774,-0.422513097524643,-0.437139898538589,0.381256312131882,0.663232922554016,0.565270721912384,0.861488103866577,0.639612019062042,1,0.883679628372192,0.934079945087433,0.58444607257843,0.729527711868286,0.47776585817337,0.747795403003693,0.710337162017822,0.584783256053925,0.960657775402069,0.685894727706909,0.210486203432083,0.0392977371811867,0.483093589544296,0.675407707691193,0.502918243408203,0.0245815142989159,0.232191473245621,0.316140532493591,-0.115622624754906,0.920213341712952
0.524783968925476,-0.462590336799622,0.476629078388214,-0.63884699344635,-0.128397777676582,-0.041600190103054,-0.00568728847429156,0.080034576356411,0.167242661118507,-0.333632469177246,0.000709476938936859,-0.159666463732719,-0.382760852575302,0.118375889956951,-0.226648464798927,-0.0678113251924515,-0.28594508767128,0.0762571692466736,-0.584092497825623,-0.0208322126418352,0.0942797288298607,-0.252469718456268,-0.0280494969338179,0.128264367580414,0.469875633716583,0.324391484260559,-0.122568301856518,0.131864294409752,-0.0269554499536753,0.128263890743256,-0.000559360545594245,-0.371190309524536,-0.108444958925247,0.0975660309195518,-0.0875765234231949,-0.0911749973893166,-0.173979744315147,-0.180770084261894,-0.0735458880662918,-0.443858772516251,-0.344598382711411,-0.330413997173309,0.258876115083694,0.0104318587109447,-0.553855538368225,-0.119264431297779,-0.201446160674095,-0.165046259760857,-0.320100009441376,-0.316226154565811,-0.448953360319138,0.0831738486886024,-0.29918047785759,-0.159421369433403,-0.0442365892231464,-0.436660408973694,-0.412645399570465,-0.192147955298424,-0.10204228758812,-0.562038362026215,-0.285083264112473,-0.315535247325897,-0.170268133282661,-0.206790536642075,-0.537567913532257,-0.407472282648087,-0.360463857650757,-0.363346755504608,-0.584052741527557,-0.308276981115341,-0.311491280794144,-0.394302666187286,-0.424094051122665,-0.10129389166832,-0.202680215239525,-0.128227606415749,-0.244625225663185,0.0468370690941811,-0.423913955688477,-0.379062056541443,-0.528489768505096,-0.107332296669483,-0.522772490978241,-0.264665096998215,-0.104554563760757,-0.500743508338928,-0.0958132445812225,0.116641543805599,-0.208914920687675,-0.410183370113373,0.13874252140522,-0.439681947231293,-0.40837687253952,0.0145021621137857,-0.349713057279587,-0.475450873374939,-0.246946007013321,0.259589672088623,0.0431673042476177,-0.0504363365471363,-0.351099401712418,-0.0872233882546425,0.14475205540657,-0.327950775623322,-0.464023590087891,-0.555779218673706,-0.197665423154831,-0.162938714027405,0.0776633024215698,-0.403668195009232,-0.315484285354614,-0.247889846563339,-0.394587814807892,-0.411886483430862,-0.266214311122894,-0.513356387615204,-0.397704780101776,-0.497188895940781,-0.174305781722069,-0.0975650250911713,-0.336217164993286,-0.424239993095398,-0.2185088545084,-0.225167378783226,-0.542868435382843,-0.279798418283463,-0.259297311306,-0.448372930288315,-0.406618058681488,-0.315195649862289,-0.154851511120796,-0.443057537078857,-0.25025886297226,-0.123194448649883,-0.286614805459976,-0.416145265102386,-0.325130581855774,-0.362040549516678,-0.470770835876465,-0.540628790855408,-0.282528311014175,-0.489573180675507,-0.22584456205368,0.0421541333198547,0.0681194067001343,-0.20144972205162,-0.313314110040665,-0.352013260126114,-0.522292375564575,0.00824844278395176,-0.400479853153229,-0.701704025268555,0.0842262655496597,0.290374279022217,0.612349092960358,0.0080395583063364,-0.00707748532295227,0.532134532928467,-0.162141710519791,0.387553602457047,0.491008967161179,-0.164217665791512,0.023970652371645,0.418235599994659,0.210265338420868,0.292058765888214,-0.0880234017968178,0.635539829730988,0.502395331859589,0.415598034858704,0.221333622932434,0.526118695735931,0.262565016746521,0.292125940322876,0.433317720890045,-0.539093017578125,0.429164946079254,-0.126498505473137,0.534027874469757,-0.040221069008112,0.648796260356903,-0.0839535593986511,0.530239164829254,0.366341292858124,0.275826245546341,0.0942556038498878,0.42944610118866,-0.328252106904984,0.592259526252747,0.454425245523453,0.53367406129837,0.493310540914536,0.205004811286926,0.224310725927353,0.196359694004059,0.527062952518463,-0.881797313690186,-0.909993052482605,-0.00936322379857302,-0.563776910305023,-0.706415832042694,-0.210606962442398,-0.0806852579116821,-0.659594535827637,-0.53977358341217,-0.537621259689331,-0.383874624967575,-0.0304526798427105,0.773535788059235,-0.0499744713306427,-0.162726417183876,-0.194427952170372,-0.42095759510994,-0.396617561578751,-0.362510174512863,0.261081337928772,-0.489666253328323,-0.0407585613429546,0.477295786142349,0.424658894538879,-0.860489785671234,0.814595878124237,-0.101603500545025,-0.514795303344727,-0.280034929513931,0.203982099890709,0.896721243858337,0.860707819461823,0.92769056558609,0.882901787757874,0.883679628372192,1,0.913212954998016,0.852969944477081,0.915166199207306,0.753110468387604,0.856805801391602,0.883790194988251,0.840830385684967,0.829010307788849,0.893139839172363,0.331319630146027,0.411207377910614,0.322326332330704,0.541504323482513,0.572165369987488,-0.251051753759384,0.56701397895813,0.525561809539795,0.311242252588272,0.81270706653595
0.70624577999115,-0.548473358154297,0.696795880794525,-0.651257395744324,0.120743729174137,0.254823237657547,0.211419388651848,0.34084165096283,0.315514028072357,-0.400549650192261,0.202887192368507,0.121447540819645,-0.400801658630371,0.214140728116035,-0.0500284247100353,0.161920219659805,-0.174446672201157,0.145612254738808,-0.664911031723022,0.132250338792801,0.326943397521973,-0.164699122309685,-0.172699302434921,0.289573818445206,0.491102933883667,0.593454539775848,-0.0891266465187073,0.477865219116211,-0.0952974334359169,0.295561611652374,-0.109656870365143,-0.327809184789658,0.0163413379341364,0.211864605545998,0.0776912868022919,-0.142405837774277,-0.291674464941025,-0.29098105430603,-0.186878502368927,-0.544100046157837,-0.399278461933136,-0.395421981811523,0.601837873458862,-0.0584716312587261,-0.617662370204926,-0.260402768850327,-0.232687741518021,-0.218085005879402,-0.417056322097778,-0.401399284601212,-0.524453222751617,-0.109515018761158,-0.451349377632141,-0.239268451929092,-0.193588763475418,-0.252157062292099,-0.287580400705338,0.09995386749506,0.0364382490515709,-0.445513784885406,-0.403231680393219,-0.262223154306412,0.0435786359012127,-0.139583393931389,-0.375603854656219,-0.457233160734177,-0.346762925386429,-0.480892539024353,-0.650475800037384,-0.380265653133392,-0.419228941202164,-0.191562294960022,-0.452164798974991,-0.237091645598412,-0.366741627454758,-0.274805933237076,-0.176249399781227,0.320167541503906,-0.487638205289841,-0.546903789043427,-0.565234839916229,-0.0848915725946426,-0.622604668140411,-0.223276272416115,-0.065088152885437,-0.376116514205933,0.148641794919968,-0.025485510006547,0.0844733938574791,-0.404879242181778,0.0833436325192451,-0.449920684099197,-0.259223848581314,-0.176240280270576,-0.579156816005707,-0.492747128009796,-0.0977067053318024,0.200437799096107,-0.0257830433547497,-0.0338325873017311,-0.308954119682312,-0.165402561426163,0.163948029279709,-0.299750149250031,-0.336425185203552,-0.5567946434021,-0.308554112911224,-0.396633714437485,0.0296645052731037,-0.417307198047638,-0.31668409705162,-0.101048529148102,-0.436631917953491,-0.572598993778229,-0.450887054204941,-0.53667551279068,-0.240621373057365,-0.433353573083878,-0.269585818052292,-0.0453027561306953,-0.216124668717384,-0.342805355787277,-0.205643311142921,-0.0792587772011757,-0.589789569377899,-0.28303599357605,-0.303668111562729,-0.373179376125336,-0.523552179336548,-0.427297323942184,-0.0296686999499798,-0.508350193500519,-0.421508640050888,-0.398684829473495,-0.378145188093185,-0.514203906059265,-0.498675853013992,-0.443598061800003,-0.533536493778229,-0.383862107992172,-0.362773418426514,-0.567563712596893,-0.398957163095474,-0.20371775329113,-0.0039934916421771,-0.26159605383873,-0.432877004146576,-0.286913722753525,-0.587247431278229,-0.149957776069641,-0.397283762693405,-0.717067837715149,0.00815303903073072,0.262575626373291,0.744276702404022,-0.0878715440630913,-0.0438479855656624,0.653860926628113,-0.167725399136543,0.488978087902069,0.51860511302948,-0.13629262149334,0.000176208268385381,0.636821746826172,0.248588547110558,0.352600634098053,-0.130637437105179,0.800572395324707,0.638539373874664,0.412314981222153,0.110074825584888,0.726767003536224,0.127490639686584,0.414020895957947,0.447740972042084,-0.494603723287582,0.515363216400146,0.0468994341790676,0.763792634010315,-0.21824985742569,0.797569632530212,-0.149335563182831,0.633807003498077,0.260134726762772,0.169387727975845,0.051686130464077,0.400512009859085,-0.29754450917244,0.74039626121521,0.49262323975563,0.71447342634201,0.718289613723755,0.207925125956535,0.00085405504796654,0.190107181668282,0.775724112987518,-0.797526597976685,-0.813057124614716,0.0274170935153961,-0.602031111717224,-0.67788153886795,-0.109621964395046,0.0318947024643421,-0.646427929401398,-0.406798809766769,-0.376498132944107,-0.402067571878433,-0.0648842751979828,0.713788986206055,-0.108377389609814,0.135633215308189,-0.0510127805173397,-0.485218077898026,-0.199974894523621,-0.0499676167964935,0.186846479773521,-0.342626720666885,0.295367658138275,0.282843887805939,0.216996371746063,-0.767352104187012,0.677403748035431,-0.241220369935036,-0.381150335073471,-0.319852411746979,0.257623881101608,0.806538641452789,0.741059899330139,0.909531116485596,0.745031118392944,0.934079945087433,0.913212954998016,1,0.772551953792572,0.891620635986328,0.599486351013184,0.882433712482452,0.844718098640442,0.716421842575073,0.951526343822479,0.824751913547516,0.122484475374222,0.0907348841428757,0.368045836687088,0.489798218011856,0.607020556926727,-0.10000641644001,0.39945724606514,0.393139064311981,0.0880333781242371,0.796175420284271
0.322498500347137,-0.0915661528706551,0.281202137470245,-0.275430500507355,-0.291610300540924,-0.146996155381203,-0.362664580345154,0.306155890226364,-0.243993982672691,-0.0549932047724724,-0.329691290855408,-0.273637473583221,-0.102630294859409,0.501678347587585,-0.12278600782156,-0.369537472724915,-0.491457551717758,0.131755739450455,-0.31022647023201,-0.418213188648224,-0.292823165655136,0.00884375255554914,0.173780769109726,-0.262806564569473,0.203781709074974,0.117334425449371,-0.527578771114349,-0.110867865383625,-0.285019397735596,-0.29940989613533,0.476768016815186,0.110761679708958,-0.138909325003624,0.563560843467712,0.380330473184586,0.407029002904892,0.293178617954254,0.300291359424591,0.411168366670609,0.0206597205251455,-0.0366603098809719,0.0891166254878044,0.285869389772415,0.470932155847549,-0.589782893657684,0.343807220458984,0.311009436845779,0.332884758710861,0.158682286739349,0.155140966176987,0.00865676905959845,0.249973595142365,0.160997673869133,0.305690169334412,0.444605439901352,-0.491982489824295,-0.455576241016388,-0.310094058513641,-0.427685290575027,-0.116067111492157,0.182600617408752,-0.328529983758926,-0.386949300765991,-0.169123455882072,-0.620783865451813,-0.272223144769669,-0.29880627989769,0.00736772827804089,-0.212431609630585,-0.161036178469658,0.0638334676623344,-0.493610352277756,-0.254195928573608,0.0258607696741819,0.132101267576218,0.351414412260056,-0.499499678611755,-0.310986161231995,0.00221585691906512,-0.279381811618805,-0.592321276664734,-0.511419773101807,-0.28414312005043,-0.337350636720657,-0.445234537124634,-0.622391164302826,-0.305007606744766,-0.152324929833412,-0.322848975658417,-0.552852034568787,0.0949661806225777,-0.357359826564789,-0.323153913021088,0.295067757368088,-0.147784426808357,-0.672830998897552,-0.12159988284111,-0.239530131220818,-0.35308426618576,-0.48231303691864,-0.479502409696579,-0.0627081096172333,-0.366170585155487,-0.181742593646049,-0.491680413484573,-0.112171471118927,0.298786491155624,-0.0318445228040218,0.562176167964935,-0.197849690914154,-0.20369853079319,-0.582837045192719,-0.201062947511673,0.0369500629603863,-0.234299153089523,-0.110537119209766,-0.48170268535614,-0.157286569476128,-0.330303609371185,0.0669743865728378,-0.510882318019867,-0.528578519821167,-0.249768778681755,-0.572735011577606,-0.296093732118607,-0.169603362679482,0.243928328156471,-0.508941888809204,0.0457362830638885,-0.105599127709866,0.252503901720047,-0.382827311754227,0.149724528193474,-0.192490339279175,0.0286176037043333,-0.141775712370872,0.0727525949478149,-0.482055962085724,-0.16419991850853,-0.612890899181366,-0.193207442760468,-0.460766226053238,0.050293292850256,0.25174543261528,0.0204188376665115,0.304980456829071,-0.0517660789191723,-0.676123678684235,-0.302954226732254,0.484015136957169,-0.293067395687103,-0.247843474149704,-0.097310483455658,-0.0238326955586672,0.333073168992996,-0.310241013765335,-0.215505436062813,0.313259601593018,-0.224488034844398,0.25344517827034,0.178351104259491,-0.110952079296112,0.219672128558159,0.236506313085556,-0.0872992426156998,-0.128078565001488,-0.346496254205704,0.402567327022552,0.0824344530701637,0.11694910377264,-0.222258687019348,0.202343538403511,-0.143408313393593,0.129915118217468,0.455871403217316,-0.843241810798645,0.100584492087364,-0.561438858509064,0.269410580396652,-0.36391419172287,0.577947556972504,-0.327674746513367,0.543095648288727,-0.0949873104691505,-0.18840180337429,-0.289851635694504,-0.0166900977492332,-0.488651394844055,0.313927292823792,0.0201978031545877,0.439520329236984,0.390582144260406,-0.240216434001923,0.120828874409199,-0.196662038564682,0.317077547311783,-0.609277963638306,-0.764917731285095,-0.262759476900101,-0.229843825101852,-0.664993107318878,-0.222074344754219,-0.377692669630051,-0.425795674324036,-0.589809238910675,-0.338948398828506,-0.605299532413483,-0.408709436655045,0.660075426101685,-0.442435443401337,-0.0682554990053177,-0.41987618803978,-0.123470351099968,-0.653040885925293,-0.498746395111084,-0.0899552702903748,-0.533971190452576,-0.131232097744942,0.553584694862366,0.348426580429077,-0.923882246017456,0.712410092353821,0.253231197595596,-0.371624380350113,0.134083122014999,-0.0465609207749367,0.965461611747742,0.98787659406662,0.798322737216949,0.955799400806427,0.58444607257843,0.852969944477081,0.772551953792572,1,0.959230720996857,0.840591549873352,0.887100577354431,0.953500747680664,0.89609569311142,0.580995678901672,0.980672240257263,0.332678854465485,0.4850914478302,0.0556730106472969,0.194719150662422,0.570756852626801,-0.521136939525604,0.83325868844986,0.681969046592712,0.610461175441742,0.449850618839264
0.436511337757111,-0.183330193161964,0.417925924062729,-0.383758246898651,-0.190524443984032,0.0511380024254322,-0.170166224241257,0.38874688744545,-0.0519419275224209,-0.0691380351781845,-0.128040492534637,-0.0709694921970367,-0.105264164507389,0.463217675685883,-0.00065596291096881,-0.152534306049347,-0.312852084636688,0.25285667181015,-0.369313985109329,-0.252749592065811,-0.0412349440157413,0.00895920675247908,0.135560944676399,-0.11123064905405,0.35338020324707,0.267555385828018,-0.31992694735527,0.10131312161684,-0.115423016250134,-0.0305708553642035,0.31561267375946,-0.0432669408619404,-0.00506129860877991,0.459370762109756,0.28214505314827,0.245733991265297,0.137846574187279,0.138377115130424,0.214205771684647,-0.196869149804115,-0.0690270960330963,-0.0088240634649992,0.42911085486412,0.305476516485214,-0.519158661365509,0.18105360865593,0.136597901582718,0.174455136060715,-0.00755838816985488,-0.0255072601139545,-0.160665050148964,0.100834429264069,-0.0297846235334873,0.162423431873322,0.223456919193268,-0.394091784954071,-0.349198460578918,-0.131911545991898,-0.191280737519264,-0.200392499566078,0.0145055204629898,-0.254095703363419,-0.250977456569672,-0.134561166167259,-0.498891294002533,-0.24917559325695,-0.219203725457191,-0.0920054540038109,-0.351523488759995,-0.134346440434456,-0.0436835996806622,-0.322447210550308,-0.224099650979042,0.032541424036026,0.0425818860530853,0.157791689038277,-0.320155382156372,-0.113185681402683,-0.176639005541801,-0.304815411567688,-0.493664294481277,-0.375370740890503,-0.336916863918304,-0.188599869608879,-0.235813289880753,-0.450357854366302,-0.219496190547943,-0.178067833185196,-0.169471710920334,-0.428981512784958,0.228269323706627,-0.307934284210205,-0.240783914923668,0.159773454070091,-0.283735394477844,-0.572867035865784,-0.0596050173044205,-0.101910784840584,-0.218429625034332,-0.36748930811882,-0.339690953493118,0.00484168156981468,-0.172951370477676,-0.1714978069067,-0.423685640096664,-0.254186272621155,0.0949790477752686,-0.143406108021736,0.380552858114243,-0.179488256573677,-0.132464006543159,-0.3838731944561,-0.217652186751366,-0.177738532423973,-0.211439430713654,-0.246627822518349,-0.347049117088318,-0.179339781403542,-0.259386718273163,0.153768345713615,-0.337429165840149,-0.453721910715103,-0.137689858675003,-0.368949800729752,-0.352778136730194,-0.0995224863290787,0.0600230842828751,-0.377475470304489,-0.122790142893791,-0.151289865374565,0.222262054681778,-0.362881183624268,-0.0235054716467857,-0.197086080908775,-0.0194886047393084,-0.202730342745781,-0.100352421402931,-0.429312914609909,-0.205115512013435,-0.489688605070114,-0.175073638558388,-0.453463703393936,-0.0417635217308998,0.175265595316887,0.0693655461072922,0.128881126642227,-0.0776150971651077,-0.494360268115997,-0.328684568405151,0.251578837633133,-0.298604071140289,-0.449826389551163,-0.16839911043644,-0.0125617710873485,0.472564071416855,-0.28619658946991,-0.263204157352448,0.352561950683594,-0.333763211965561,0.234992459416389,0.241826385259628,-0.236562788486481,0.0351448059082031,0.301217436790466,-0.074593260884285,-0.0244798138737679,-0.347602635622025,0.538078010082245,0.295910626649857,0.188144862651825,-0.14521586894989,0.374430894851685,-0.0666137263178825,0.126771360635757,0.416024297475815,-0.77527129650116,0.183605551719666,-0.394503027200699,0.436798363924026,-0.251997292041779,0.597986578941345,-0.38325622677803,0.507079243659973,0.036635547876358,-0.090277224779129,-0.243409693241119,0.108152277767658,-0.45346212387085,0.406749546527863,0.178961202502251,0.471088021993637,0.445523500442505,-0.0406395830214024,-0.00539800431579351,-0.130347177386284,0.479998052120209,-0.685094475746155,-0.8215212225914,-0.230031818151474,-0.354599863290787,-0.70274293422699,-0.200034290552139,-0.32300654053688,-0.459426552057266,-0.579377830028534,-0.319962501525879,-0.591794431209564,-0.328908950090408,0.699739098548889,-0.303760319948196,-0.0297765024006367,-0.372979551553726,-0.296785801649094,-0.480478972196579,-0.403403639793396,0.0247218254953623,-0.530516445636749,-0.0409958995878696,0.490778774023056,0.333573639392853,-0.904272019863129,0.729256927967072,0.108986504375935,-0.313554316759109,-0.0736272186040878,-0.00889963656663895,0.941707730293274,0.939172029495239,0.897887706756592,0.904165029525757,0.729527711868286,0.915166199207306,0.891620635986328,0.959230720996857,1,0.841393828392029,0.908115863800049,0.954395711421967,0.871017754077911,0.728491604328156,0.958583891391754,0.21175129711628,0.441157042980194,0.227628692984581,0.237445712089539,0.539384603500366,-0.438809305429459,0.682748138904572,0.633210301399231,0.502363324165344,0.613226592540741
-0.0147581351920962,0.188264638185501,-0.0902751162648201,-0.277025669813156,-0.219471901655197,-0.0523698255419731,-0.336850374937057,0.228387042880058,-0.177821576595306,0.286523640155792,-0.217722803354263,-0.0860668942332268,0.201709523797035,0.473130196332932,0.157794922590256,-0.217145085334778,-0.133143439888954,0.360775411128998,-0.0544271916151047,-0.4080550968647,-0.142678946256638,0.216821357607841,0.608090758323669,-0.299071907997131,0.335815399885178,-0.194258511066437,-0.216468900442123,-0.242478772997856,0.0639622807502747,-0.142882138490677,0.432279527187347,0.114109568297863,0.165722027420998,0.324447244405746,0.179422050714493,0.449788272380829,0.416659981012344,0.394990295171738,0.318653583526611,0.0781998038291931,0.312932789325714,0.283641964197159,0.102349385619164,0.329357802867889,-0.116524159908295,0.466238260269165,0.210846573114395,0.315765768289566,0.223179161548615,0.245787814259529,0.030428234487772,0.0313322991132736,0.212558060884476,0.26568278670311,0.346167802810669,-0.369158297777176,-0.153344288468361,-0.232511922717094,-0.124846875667572,-0.115653440356255,0.26944375038147,0.140527278184891,-0.361699134111404,0.0129016758874059,-0.29912593960762,0.143016144633293,0.186648786067963,0.229817792773247,-0.14274537563324,0.295940846204758,0.288277834653854,-0.168742224574089,0.166517347097397,0.396963596343994,0.371473401784897,0.307708650827408,-0.0688389614224434,-0.445599555969238,0.170621678233147,0.233184263110161,-0.195095971226692,-0.300727397203445,0.0358363911509514,0.107463546097279,-0.231168895959854,-0.26659420132637,-0.384044975042343,-0.332095861434937,-0.322447717189789,-0.111844517290592,0.537171244621277,0.0515935011208057,-0.0147501360625029,0.312274575233459,0.0621733367443085,-0.390166580677032,-0.131446957588196,-0.178386658430099,-0.13928097486496,-0.394331246614456,-0.295931339263916,0.432266861200333,-0.203262433409691,0.21566441655159,-0.678023099899292,-0.0809433832764626,0.307557225227356,0.0740014836192131,0.396561592817307,0.195139110088348,0.207101106643677,-0.40605565905571,0.211469873785973,0.0990473106503487,0.259644240140915,-0.146914780139923,-0.0775154531002045,0.11237671226263,0.0643077492713928,0.305403113365173,-0.170939952135086,-0.185387626290321,0.20930503308773,-0.291313827037811,-0.277856886386871,0.270494788885117,0.162327766418457,-0.230894818902016,0.143941432237625,0.212331801652908,0.304450154304504,0.0678337439894676,0.201677709817886,0.221860349178314,0.363100588321686,0.202337577939034,0.0811223834753036,-0.130770295858383,0.0910894945263863,-0.316220253705978,-0.126464322209358,-0.0949601903557777,0.429152965545654,0.515417575836182,0.48909729719162,0.304813235998154,0.258431822061539,-0.465152710676193,0.121521718800068,0.388421624898911,-0.0244107227772474,-0.233080238103867,-0.452797204256058,-0.230494037270546,0.0153993312269449,-0.506953060626984,-0.261902153491974,-0.0312853157520294,-0.329620629549026,-0.0843252316117287,-0.107453271746635,-0.143066450953484,0.100464314222336,-0.135546505451202,-0.304293930530548,-0.288335025310516,-0.222006976604462,0.0660825446248055,0.0246766395866871,-0.218514621257782,-0.286259949207306,-0.0749223157763481,-0.228341773152351,-0.125716865062714,-0.00792014133185148,-0.605655014514923,-0.224352777004242,-0.523842215538025,-0.0214611943811178,-0.169837549328804,0.214683949947357,-0.361499905586243,0.275614589452744,-0.0937095209956169,-0.226739466190338,-0.244520947337151,0.0693745017051697,-0.20294751226902,0.0272031035274267,-0.144968673586845,0.16867533326149,0.0892871469259262,-0.12261389195919,-0.030321229249239,-0.282569140195847,0.0695405974984169,-0.387083262205124,-0.746799528598785,-0.458505868911743,-0.34891876578331,-0.621549546718597,-0.50505393743515,-0.552845001220703,-0.375406384468079,-0.55970287322998,-0.329481363296509,-0.489620894193649,-0.353326857089996,0.524821817874908,-0.313589990139008,-0.123180761933327,-0.510842740535736,-0.374684005975723,-0.452361762523651,-0.708537757396698,-0.0152695765718818,-0.698003828525543,-0.30679002404213,0.525020778179169,0.290833741426468,-0.745081663131714,0.513809263706207,0.0969027653336525,0.0168022383004427,0.115009009838104,-0.146640717983246,0.759454727172852,0.823297262191772,0.782798707485199,0.854061663150787,0.47776585817337,0.753110468387604,0.599486351013184,0.840591549873352,0.841393828392029,1,0.684150397777557,0.868412435054779,0.659187257289886,0.354007929563522,0.829639792442322,0.478267401456833,0.715888500213623,0.392651259899139,-0.0790656730532646,0.253476083278656,-0.662630081176758,0.62999016046524,0.849522233009338,0.692290008068085,0.412278890609741
0.405193269252777,-0.397071003913879,0.444982767105103,-0.504446983337402,0.0859796702861786,0.210001900792122,0.0611083470284939,0.288937151432037,0.141964867711067,-0.272517472505569,0.0914213061332703,-0.00544677721336484,-0.212525218725204,0.499265283346176,-0.227692738175392,0.024503281340003,-0.223298579454422,0.0144433500245214,-0.494288563728333,0.0072115994989872,0.0522345080971718,0.0203088019043207,0.0249566324055195,0.12519246339798,0.270526140928268,0.381673216819763,-0.275398075580597,0.225896611809731,-0.155066043138504,0.0088548231869936,0.13950902223587,-0.119494065642357,0.109986826777458,0.394809633493423,0.286518722772598,0.119150124490261,-0.0235496833920479,0.0301137268543243,0.0430983975529671,-0.295407086610794,-0.227111637592316,-0.10835238546133,0.555960595607758,0.323352009057999,-0.644423007965088,0.023701524361968,0.0228042844682932,0.0131665663793683,-0.16110323369503,-0.154111370444298,-0.33593076467514,0.0389552898705006,-0.137666046619415,-0.0049081458710134,0.117371708154678,-0.149171188473701,-0.191634967923164,0.0576171688735485,-0.135927841067314,-0.188786253333092,-0.036414485424757,-0.230558201670647,-0.0721403807401657,0.0938580110669136,-0.398976027965546,-0.302544295787811,-0.317990690469742,-0.217373505234718,-0.512743830680847,-0.243879869580269,-0.163555309176445,-0.245958670973778,-0.339878290891647,-0.0121448626741767,-0.0861690193414688,0.033521730452776,-0.30851012468338,0.104354962706566,-0.226904556155205,-0.448193520307541,-0.596930503845215,-0.211798951029778,-0.408447116613388,-0.237515851855278,-0.218506246805191,-0.485289812088013,0.00735374446958303,-0.135427936911583,0.0961440429091454,-0.406097829341888,0.0934080854058266,-0.294702708721161,-0.124954983592033,-0.169212862849236,-0.580230534076691,-0.463977783918381,-0.091078519821167,0.0440641790628433,-0.439578920602798,-0.197325974702835,-0.315182387828827,-0.062280248850584,-0.188399478793144,-0.363139450550079,-0.445531845092773,-0.44104853272438,-0.0356911607086658,-0.478587687015533,0.266288727521896,-0.261897265911102,-0.210048124194145,-0.225084826350212,-0.221708983182907,-0.291127771139145,-0.371031910181046,-0.251707315444946,-0.307467430830002,-0.234716191887856,-0.158831402659416,-0.0232390910387039,-0.281849145889282,-0.256322830915451,-0.138749778270721,-0.241868123412132,-0.420656114816666,-0.178003862500191,-0.0548180900514126,-0.36353799700737,-0.248392999172211,-0.116134285926819,0.205722719430923,-0.33683717250824,-0.0683093518018723,-0.282014310359955,-0.170394837856293,-0.243664264678955,-0.276725113391876,-0.312962383031845,-0.355086743831635,-0.358868390321732,-0.265926152467728,-0.427435845136642,-0.149035483598709,0.0431093350052834,0.0859508216381073,0.0302803367376328,-0.284039705991745,-0.629822492599487,-0.443353831768036,0.149453610181808,-0.262787729501724,-0.402295023202896,-0.106717146933079,0.00875847600400448,0.45026108622551,-0.301639884710312,-0.00611542537808418,0.495639055967331,-0.079378567636013,0.364353746175766,0.226143673062325,-0.106123179197311,0.131658017635345,0.477785915136337,0.0870369300246239,0.08665382117033,-0.104915805160999,0.531494498252869,0.243439748883247,0.162762120366096,-0.179470211267471,0.437337547540665,-0.164486899971962,0.295084148645401,0.342374056577682,-0.637466371059418,0.227669268846512,-0.245389088988304,0.4939906001091,-0.377175182104111,0.742743670940399,-0.20181679725647,0.633119165897369,-0.0889200195670128,-0.147971421480179,-0.0130529683083296,0.0654021203517914,-0.30545374751091,0.540788888931274,0.121920339763165,0.653085112571716,0.628305375576019,-0.13195413351059,0.153446421027184,-0.0970112308859825,0.561349868774414,-0.658290445804596,-0.721602618694305,-0.0714505910873413,-0.394778192043304,-0.535438597202301,0.00194877642206848,0.00225164904259145,-0.530596077442169,-0.659241259098053,-0.245486706495285,-0.465417802333832,-0.232385367155075,0.780961096286774,-0.462704569101334,0.135550171136856,-0.0729359686374664,-0.407614022493362,-0.332042634487152,-0.245970770716667,-0.124728582799435,-0.571759402751923,0.211513265967369,0.307618737220764,0.0228624232113361,-0.730063199996948,0.585347771644592,-0.0598755069077015,-0.410581141710281,-0.110488973557949,-0.0391409881412983,0.830987393856049,0.830860495567322,0.910340487957001,0.88934201002121,0.747795403003693,0.856805801391602,0.882433712482452,0.887100577354431,0.908115863800049,0.684150397777557,1,0.936382055282593,0.808452188968658,0.772998869419098,0.917609870433807,0.370792418718338,0.170557662844658,0.311135977506638,0.296215116977692,0.773206889629364,-0.394885927438736,0.694331526756287,0.614660203456879,0.205020174384117,0.518119513988495
0.330900698900223,-0.193309172987938,0.290442764759064,-0.455051809549332,-0.018055772408843,0.0536691546440125,-0.161516547203064,0.320879966020584,-0.0375713966786861,-0.102831706404686,-0.104997679591179,-0.101779371500015,-0.133052438497543,0.477084130048752,-0.0518661849200726,-0.146757543087006,-0.299803465604782,0.175523370504379,-0.391832232475281,-0.229441374540329,-0.0557385683059692,0.0980325490236282,0.236987709999084,-0.07497538626194,0.283867686986923,0.202936097979546,-0.366331785917282,0.0607545599341393,-0.20571480691433,-0.121496498584747,0.27545440196991,0.0362964794039726,0.042422492057085,0.434888780117035,0.307636588811874,0.305838495492935,0.170625895261765,0.180030688643456,0.196122899651527,-0.103149466216564,-0.0534684583544731,0.00500820111483335,0.408006399869919,0.305931895971298,-0.535280704498291,0.218022793531418,0.136330410838127,0.173674046993256,0.00171075551770627,0.0500100143253803,-0.175794839859009,0.0673245042562485,-0.000294532481348142,0.111078292131424,0.242177709937096,-0.358057647943497,-0.290201216936111,-0.138445302844048,-0.229741975665092,-0.211982041597366,0.0490725561976433,-0.120513044297695,-0.257258117198944,-0.0439383871853352,-0.460032492876053,-0.205748096108437,-0.174768015742302,-0.0887972041964531,-0.365471333265305,-0.109118394553661,0.00195497320964932,-0.301338523626328,-0.211941137909889,0.070656843483448,0.022854283452034,0.152132675051689,-0.306467562913895,-0.146668136119843,-0.0232553593814373,-0.228636965155602,-0.565163314342499,-0.333657681941986,-0.308241575956345,-0.197031304240227,-0.350747048854828,-0.51476514339447,-0.132029995322227,-0.247154399752617,-0.148032292723656,-0.414623290300369,0.197734519839287,-0.266464024782181,-0.162631839513779,0.0844403654336929,-0.30818122625351,-0.588655412197113,-0.116738237440586,-0.105814047157764,-0.317460268735886,-0.343506127595901,-0.463003665208817,0.0663320869207382,-0.230909109115601,-0.0874891728162766,-0.64414519071579,-0.282991260290146,0.14997398853302,-0.227312609553337,0.377660572528839,-0.150194674730301,-0.132030799984932,-0.41708043217659,-0.104494392871857,-0.12342169880867,-0.206046134233475,-0.246320232748985,-0.270448237657547,-0.152959287166595,-0.193872585892677,0.0226166509091854,-0.361055165529251,-0.311478018760681,-0.089410811662674,-0.350258857011795,-0.463669776916504,-0.082626149058342,0.0739659145474434,-0.434867471456528,-0.0996893867850304,-0.0814116597175598,0.243992179632187,-0.277285575866699,0.0139135643839836,-0.165575236082077,-0.00233653420582414,-0.136777549982071,-0.149501919746399,-0.352953284978867,-0.255435138940811,-0.440207898616791,-0.320629626512527,-0.372134476900101,0.0604222044348717,0.195016548037529,0.238070368766785,0.17719541490078,-0.148874595761299,-0.657835066318512,-0.275808125734329,0.303045719861984,-0.183462098240852,-0.353864312171936,-0.207556933164597,-0.01952507160604,0.336621671915054,-0.419934213161469,-0.110267296433449,0.377937942743301,-0.156048387289047,0.288184583187103,0.161327257752419,-0.0208486448973417,0.242446675896645,0.321788430213928,-0.0275554619729519,-0.0487374179065228,-0.182110264897346,0.414428472518921,0.206780314445496,0.0321029871702194,-0.234618037939072,0.283537805080414,-0.203535556793213,0.216630160808563,0.266398429870605,-0.670807003974915,0.109927587211132,-0.373709499835968,0.350470930337906,-0.412220180034637,0.647751569747925,-0.247157081961632,0.639962375164032,-0.0953339189291,-0.180758953094482,-0.134124115109444,0.118165113031864,-0.312416344881058,0.423392623662949,0.0374231450259686,0.57098925113678,0.51441478729248,-0.196366116404533,0.0582650266587734,-0.14625671505928,0.437599360942841,-0.592570841312408,-0.831975400447845,-0.281137555837631,-0.441644012928009,-0.643530011177063,-0.283409744501114,-0.269990384578705,-0.560214579105377,-0.599486887454987,-0.334829688072205,-0.552222073078156,-0.348540842533112,0.670872747898102,-0.467433393001556,0.113104626536369,-0.296225875616074,-0.376605570316315,-0.481248199939728,-0.405844777822495,-0.110206127166748,-0.575776159763336,0.0653407946228981,0.401217877864838,0.158756896853447,-0.840426921844482,0.629135012626648,-0.00712435971945524,-0.253442764282227,0.0799925103783607,-0.0019148311112076,0.89693945646286,0.909978866577148,0.902783513069153,0.961061894893646,0.710337162017822,0.883790194988251,0.844718098640442,0.953500747680664,0.954395711421967,0.868412435054779,0.936382055282593,1,0.797968745231628,0.668548345565796,0.977712571620941,0.464093893766403,0.38099405169487,0.317627996206284,0.203066423535347,0.582688093185425,-0.518838465213776,0.732861399650574,0.770503461360931,0.435523748397827,0.533759534358978
0.387496113777161,-0.238793611526489,0.419121623039246,-0.179803162813187,-0.467818439006805,-0.212934121489525,-0.346446394920349,0.195953145623207,-0.245312228798866,-0.135060399770737,-0.335447400808334,-0.435263782739639,-0.179471552371979,0.302160173654556,-0.308669835329056,-0.400901317596436,-0.513062536716461,0.112830691039562,-0.260836273431778,-0.329492330551147,-0.322513043880463,-0.104008033871651,-0.0711306855082512,-0.266348481178284,0.0509899258613586,0.247335433959961,-0.419598460197449,-0.0974925979971886,-0.134664341807365,-0.208602249622345,0.369699865579605,-0.0826044231653214,-0.270709276199341,0.401030987501144,0.220412880182266,0.186270669102669,0.149259448051453,0.171092808246613,0.297178357839584,-0.143415123224258,-0.172668233513832,-0.013261984102428,0.197768092155457,0.403441190719604,-0.572888195514679,0.195727825164795,0.226925984025002,0.215785473585129,0.0749746263027191,-0.00451421504840255,-0.0432819537818432,0.513337671756744,0.130040675401688,0.294237673282623,0.347528219223022,-0.511392116546631,-0.540209949016571,-0.39364892244339,-0.395460069179535,-0.220746636390686,0.0832518935203552,-0.589069008827209,-0.485724419355392,-0.290618926286697,-0.750927329063416,-0.314743340015411,-0.44727823138237,-0.0191808976233006,-0.18952476978302,-0.284489899873734,0.000772827421315014,-0.593262791633606,-0.335898876190186,0.0228806585073471,0.0814232379198074,0.317711681127548,-0.588759362697601,-0.21190682053566,-0.2288788408041,-0.416506588459015,-0.483767062425613,-0.488463968038559,-0.265631526708603,-0.373763203620911,-0.198072135448456,-0.593365669250488,-0.474578022956848,0.0377697572112083,-0.347417205572128,-0.566778838634491,0.0069416705518961,-0.414229273796082,-0.47504448890686,0.272027283906937,-0.191819116473198,-0.506441235542297,0.0213096719235182,-0.0391939021646976,-0.285987019538879,-0.415108561515808,-0.24631541967392,-0.214937075972557,-0.291057795286179,-0.463847517967224,-0.200060337781906,-0.230032965540886,0.152721360325813,0.0117390062659979,0.37944296002388,-0.298684388399124,-0.265667319297791,-0.469617247581482,-0.349996864795685,-0.0211610030382872,-0.245575860142708,-0.0215876009315252,-0.699641823768616,-0.328030318021774,-0.354207187891006,-0.05588249117136,-0.555893838405609,-0.657039701938629,-0.353359818458557,-0.572710037231445,-0.0774893835186958,-0.296546906232834,0.166329309344292,-0.368690341711044,-0.000754433567635715,-0.136332839727402,0.100371792912483,-0.471248120069504,0.199880793690681,-0.0674115642905235,-0.0829522162675858,-0.218230411410332,0.14474381506443,-0.363015592098236,-0.161174744367599,-0.619853913784027,0.10595828294754,-0.388855844736099,-0.0899845212697983,0.299974501132965,-0.213923573493958,0.176146909594536,-0.0680674836039543,-0.553957343101501,-0.424539029598236,0.350743621587753,-0.283224254846573,-0.377220869064331,0.143524467945099,0.035544391721487,0.483320832252502,0.0115187531337142,-0.296752125024796,0.291338533163071,-0.367384642362595,0.161142870783806,0.27986142039299,-0.392904698848724,-0.0711470097303391,0.211977809667587,-0.0896124020218849,-0.0538593456149101,-0.442935407161713,0.50307023525238,0.166008517146111,0.41606417298317,0.0100041450932622,0.320037364959717,0.153819844126701,-0.0150767415761948,0.5949547290802,-0.829081475734711,0.242213770747185,-0.522055625915527,0.353480488061905,-0.0346943959593773,0.499324321746826,-0.374770045280457,0.398838043212891,0.154328688979149,0.056191872805357,-0.272139638662338,-0.0465813726186752,-0.702461242675781,0.303945630788803,0.236970350146294,0.266060918569565,0.242265850305557,-0.122259795665741,0.195317804813385,-0.160415187478065,0.357860833406448,-0.774573862552643,-0.747422575950623,-0.172997385263443,-0.0363727621734142,-0.454008847475052,0.12486494332552,-0.276347994804382,-0.239939153194427,-0.729081094264984,-0.223851457238197,-0.63734233379364,-0.351335972547531,0.633628964424133,-0.282234042882919,-0.261097937822342,-0.455684423446655,0.0281693860888481,-0.684844553470612,-0.408600717782974,-0.0528830178081989,-0.402946472167969,-0.239704430103302,0.460733026266098,0.441932171583176,-0.868855834007263,0.882394373416901,0.414046317338943,-0.634320318698883,-0.0722638666629791,-0.166102156043053,0.931806325912476,0.91637396812439,0.727572321891785,0.863814353942871,0.584783256053925,0.840830385684967,0.716421842575073,0.89609569311142,0.871017754077911,0.659187257289886,0.808452188968658,0.797968745231628,1,0.616793274879456,0.891339063644409,0.157740712165833,0.53688108921051,-0.0920046418905258,0.417206913232803,0.522223711013794,-0.477838635444641,0.843802630901337,0.516273200511932,0.53508472442627,0.554450869560242
0.819512546062469,-0.750897228717804,0.838143169879913,-0.697245419025421,0.216840133070946,0.301665931940079,0.381358236074448,0.254135817289352,0.461123079061508,-0.581591367721558,0.336590051651001,0.130053803324699,-0.565735876560211,-0.00654981005936861,-0.146106272935867,0.279203534126282,-0.123240455985069,0.0638972520828247,-0.75225841999054,0.338722050189972,0.462083280086517,-0.275551944971085,-0.416540026664734,0.462197333574295,0.440806061029434,0.768556237220764,0.044591061770916,0.637378334999084,-0.0607805326581001,0.444756984710693,-0.354183703660965,-0.494551122188568,-0.0436695441603661,0.024186372756958,-0.070844829082489,-0.396046996116638,-0.534018814563751,-0.528356790542603,-0.407237857580185,-0.717136204242706,-0.595557451248169,-0.60325962305069,0.613073229789734,-0.261807173490524,-0.634436726570129,-0.513735294342041,-0.418000638484955,-0.432028025388718,-0.615038692951202,-0.602588951587677,-0.676279544830322,-0.0963056236505508,-0.632842838764191,-0.424221336841583,-0.414040714502335,-0.182012483477592,-0.282865107059479,0.163369506597519,0.13326957821846,-0.572661817073822,-0.620152413845062,-0.350382447242737,0.139002040028572,-0.190936282277107,-0.34844645857811,-0.556790888309479,-0.454664200544357,-0.656063079833984,-0.731985092163086,-0.541099905967712,-0.598033666610718,-0.164352551102638,-0.57850044965744,-0.374515235424042,-0.580505967140198,-0.478066056966782,-0.148380294442177,0.546052038669586,-0.671240329742432,-0.689756631851196,-0.544374883174896,0.0595810785889626,-0.719986200332642,-0.262520968914032,0.0859042033553123,-0.324177086353302,0.269707441329956,0.117013365030289,0.188596427440643,-0.392558336257935,-0.0606985427439213,-0.52711021900177,-0.315645128488541,-0.336055785417557,-0.698269069194794,-0.377035677433014,-0.0533223040401936,0.395502835512161,0.0833624750375748,0.149679481983185,-0.214310601353645,-0.316787242889404,0.329746633768082,-0.440423011779785,-0.174744561314583,-0.70029205083847,-0.526551306247711,-0.477539509534836,-0.205790281295776,-0.556196331977844,-0.42917338013649,0.0686002746224403,-0.57476419210434,-0.735563576221466,-0.564326703548431,-0.600105047225952,-0.260381042957306,-0.598487138748169,-0.288159668445587,-0.219649061560631,-0.182869881391525,-0.315298944711685,-0.284587860107422,0.0542524047195911,-0.593590915203094,-0.422572731971741,-0.475782781839371,-0.312573730945587,-0.695662319660187,-0.558460295200348,-0.208385586738586,-0.591479301452637,-0.566340804100037,-0.442473828792572,-0.581967890262604,-0.668662667274475,-0.631880462169647,-0.386674106121063,-0.670951724052429,-0.314322859048843,-0.339402318000793,-0.560309052467346,-0.603363215923309,-0.372244417667389,-0.134482532739639,-0.47189736366272,-0.606283128261566,-0.142468467354774,-0.726067721843719,-0.374277204275131,-0.404536724090576,-0.827501058578491,0.201008275151253,0.413766503334045,0.877931356430054,0.130887538194656,0.0502915643155575,0.763177871704102,-0.103246837854385,0.56656676530838,0.660036563873291,-0.146326199173927,-0.0893473997712135,0.766063332557678,0.402725517749786,0.541683197021484,-0.0441604293882847,0.908636450767517,0.786730229854584,0.601327419281006,0.306736141443253,0.892226815223694,0.313341289758682,0.493655383586884,0.486883491277695,-0.306382358074188,0.70238870382309,0.279581695795059,0.903451442718506,-0.0955829545855522,0.827500939369202,-0.0231226496398449,0.626775622367859,0.42935174703598,0.368654072284698,0.201988980174065,0.502262353897095,-0.279007256031036,0.859570562839508,0.683728933334351,0.738674581050873,0.764234483242035,0.329335510730743,0.0327662788331509,0.350657552480698,0.886492192745209,-0.844828724861145,-0.739944458007812,0.180253505706787,-0.607430100440979,-0.525663316249847,0.0708171799778938,0.248237416148186,-0.629651486873627,-0.331546813249588,-0.330182373523712,-0.295508801937103,0.0790008082985878,0.639456212520599,0.0319724977016449,0.164858862757683,0.103993736207485,-0.47052589058876,-0.0721301212906837,0.18439020216465,0.243429914116859,-0.151470825076103,0.42492601275444,0.104919008910656,0.161429539322853,-0.619104564189911,0.659163594245911,-0.339690983295441,-0.485540270805359,-0.461989343166351,0.337449669837952,0.664390504360199,0.556241512298584,0.807435214519501,0.576787173748016,0.960657775402069,0.829010307788849,0.951526343822479,0.580995678901672,0.728491604328156,0.354007929563522,0.772998869419098,0.668548345565796,0.616793274879456,1,0.66414338350296,0.0180440582334995,-0.0931838527321815,0.33891686797142,0.668690204620361,0.579011261463165,0.0933974236249924,0.24080827832222,0.184983432292938,-0.16345477104187,0.85540783405304
0.387799859046936,-0.203990459442139,0.350845634937286,-0.360087931156158,-0.171099543571472,-0.082012765109539,-0.287672877311707,0.315591126680374,-0.167141497135162,-0.127594277262688,-0.250165820121765,-0.270786494016647,-0.185712829232216,0.415658056735992,-0.121001109480858,-0.299826890230179,-0.450012415647507,0.17427584528923,-0.366971850395203,-0.329191088676453,-0.188999354839325,0.0461357086896896,0.131385192275047,-0.185201779007912,0.170004740357399,0.232593148946762,-0.470915585756302,0.000282040244201198,-0.274972945451736,-0.218480110168457,0.338786035776138,0.060382816940546,-0.12576699256897,0.476789444684982,0.332620859146118,0.321675002574921,0.200286045670509,0.204947710037231,0.278741985559464,-0.0608326755464077,-0.0997642055153847,-0.0045807808637619,0.343711733818054,0.34223684668541,-0.599682748317719,0.246027961373329,0.216055810451508,0.237308919429779,0.0605010092258453,0.0875648632645607,-0.0934306085109711,0.257284700870514,0.0718810111284256,0.202729612588882,0.321402788162231,-0.490599453449249,-0.447669625282288,-0.29030567407608,-0.36262983083725,-0.228281497955322,0.0621515512466431,-0.301299899816513,-0.399043470621109,-0.196663036942482,-0.625470697879791,-0.276718884706497,-0.294037818908691,-0.0703562498092651,-0.27592933177948,-0.206276059150696,0.0193485766649246,-0.458886355161667,-0.284060597419739,0.0181602537631989,0.0163306035101414,0.239585906267166,-0.471068859100342,-0.212044551968575,-0.0376501977443695,-0.308757960796356,-0.608631253242493,-0.458102464675903,-0.317312270402908,-0.3159099817276,-0.388306945562363,-0.614519536495209,-0.257589876651764,-0.18354594707489,-0.276692122220993,-0.544779419898987,0.0851451084017754,-0.374403119087219,-0.315566688776016,0.20483024418354,-0.237466752529144,-0.656073153018951,-0.0629724785685539,-0.142095655202866,-0.318356931209564,-0.430023521184921,-0.486198008060455,-0.067242719233036,-0.298154592514038,-0.174951285123825,-0.558752298355103,-0.230951860547066,0.207984134554863,-0.110066704452038,0.430086940526962,-0.22815603017807,-0.221627503633499,-0.524164855480194,-0.205370739102364,-0.0502786599099636,-0.260122418403625,-0.16423000395298,-0.454054564237595,-0.229938551783562,-0.328646391630173,-0.0574523396790028,-0.513014733791351,-0.481961637735367,-0.232521340250969,-0.496194154024124,-0.372756093740463,-0.198810517787933,0.158418253064156,-0.483888238668442,-0.041108887642622,-0.142706349492073,0.209742873907089,-0.395266115665436,0.0897229760885239,-0.171936675906181,-0.0366666465997696,-0.186785534024239,-0.0310727190226316,-0.418231844902039,-0.249822035431862,-0.559592843055725,-0.229699969291687,-0.40780782699585,0.018602330237627,0.227931633591652,0.0800435096025467,0.226469218730927,-0.15359328687191,-0.692383468151093,-0.341759264469147,0.377622842788696,-0.207561656832695,-0.346542805433273,-0.0696315616369247,0.0240012351423502,0.400553464889526,-0.305576503276825,-0.186898812651634,0.383878022432327,-0.218521595001221,0.291267395019531,0.222344383597374,-0.0832816138863564,0.218476250767708,0.31847083568573,-0.0426833890378475,-0.0673890933394432,-0.301213353872299,0.463652044534683,0.199264243245125,0.159800440073013,-0.176250323653221,0.302070677280426,-0.104284092783928,0.174715489149094,0.409278899431229,-0.756144404411316,0.172163233160973,-0.455071210861206,0.366257786750793,-0.36162856221199,0.651627123355865,-0.288307934999466,0.643250584602356,-0.0309845339506865,-0.117789067327976,-0.21661588549614,0.0707678645849228,-0.482584118843079,0.412447333335876,0.0954983681440353,0.517246186733246,0.464199095964432,-0.238469988107681,0.0854173228144646,-0.15700176358223,0.435027301311493,-0.659971714019775,-0.853633880615234,-0.297645449638367,-0.319688439369202,-0.60613226890564,-0.193110391497612,-0.32093870639801,-0.486235976219177,-0.633259117603302,-0.314955711364746,-0.638433158397675,-0.411181718111038,0.631937205791473,-0.460030555725098,0.0376459360122681,-0.397125512361526,-0.205844223499298,-0.627344012260437,-0.396323770284653,-0.13066340982914,-0.480937600135803,-0.0117566920816898,0.418568551540375,0.267341315746307,-0.906723082065582,0.752324402332306,0.151592373847961,-0.381580948829651,0.115940846502781,-0.0264713987708092,0.959124028682709,0.957193553447723,0.850862562656403,0.975339651107788,0.685894727706909,0.893139839172363,0.824751913547516,0.980672240257263,0.958583891391754,0.829639792442322,0.917609870433807,0.977712571620941,0.891339063644409,0.66414338350296,1,0.393929004669189,0.438274741172791,0.145273357629776,0.294463723897934,0.556146621704102,-0.532252848148346,0.819615721702576,0.72894412279129,0.504897058010101,0.554563462734222
-0.318121701478958,-0.112311437726021,-0.415944814682007,-0.463770419359207,0.269554853439331,-0.176817074418068,-0.0618909671902657,-0.417225807905197,0.0747843086719513,-0.140120536088943,0.000112148212792818,-0.259017825126648,-0.143620401620865,0.0602022558450699,-0.378076642751694,-0.0935909226536751,-0.0508580654859543,-0.295863896608353,-0.213528588414192,0.0131866885349154,-0.133185669779778,0.0659746676683426,0.444316893815994,0.0945977568626404,0.0624423883855343,-0.337312489748001,-0.107254527509212,-0.348604887723923,-0.111956924200058,-0.272540122270584,-0.0411782450973988,-0.0103437341749668,0.108075968921185,-0.1634431630373,-0.142560541629791,0.141234189271927,0.0963466316461563,0.124724596738815,-0.0260045174509287,0.130529567599297,-0.0141256349161267,-0.00967259984463453,-0.236797511577606,0.0844730064272881,-0.145473793148994,0.152735471725464,-0.106141537427902,-0.0711008831858635,-0.0514736846089363,0.109379045665264,-0.198805630207062,-0.0284552872180939,0.0565371252596378,-0.184045284986496,0.123080193996429,-0.0876410305500031,0.0314162150025368,-0.212834149599075,-0.163746535778046,-0.294882148504257,0.10997024923563,0.294921696186066,-0.126489132642746,0.260191321372986,-0.100361764431,0.0531263500452042,0.0343547500669956,-0.0273238364607096,-0.266177892684937,0.0867715403437614,0.0740555003285408,-0.156653791666031,-0.0551671907305717,0.222299933433533,0.0520324744284153,0.01832090690732,0.00543234730139375,-0.258602112531662,0.287360072135925,0.252375036478043,-0.304496079683304,0.164168789982796,-0.0183956976979971,-0.0777484178543091,-0.330546408891678,-0.384176462888718,0.0726761147379875,-0.0104562863707542,-0.161898881196976,-0.0080019049346447,0.0918712392449379,0.0474573485553265,0.0400059930980206,-0.133341789245605,-0.054238848388195,-0.111886516213417,-0.440992683172226,0.178782418370247,-0.211396411061287,0.11980626732111,-0.431878209114075,0.284685671329498,-0.072934053838253,0.0769125148653984,-0.867421805858612,-0.316395282745361,0.118068836629391,-0.17495895922184,0.0359664298593998,-0.0090846149250865,-0.0517400167882442,-0.20468658208847,0.251043230295181,0.0819067880511284,0.11517396569252,-0.210344672203064,0.033684778958559,-0.108340762555599,0.321220457553864,-0.340199887752533,-0.157921031117439,0.277373552322388,0.133541166782379,-0.0542532727122307,-0.475634574890137,0.0265025403350592,-0.0864773839712143,-0.334435939788818,-0.0256121568381786,0.233477532863617,-0.0943446904420853,0.215897887945175,0.115261137485504,0.284433990716934,0.0395349524915218,0.149377554655075,-0.166632354259491,0.19619919359684,-0.239770770072937,-0.118310295045376,-0.449936211109161,0.116550959646702,0.350858598947525,0.254054397344589,0.608906686306,0.0610637217760086,-0.177550569176674,-0.57502806186676,0.0415941923856735,0.227915734052658,0.130139470100403,0.028737660497427,-0.0897857323288918,0.0718653798103333,-0.313733488321304,-0.313524484634399,0.513551890850067,0.136427700519562,0.480790495872498,0.18036262691021,-0.109216473996639,0.499925523996353,0.566626667976379,7.31054533389397e-05,0.187461137771606,0.0112179992720485,0.546308636665344,-0.292175948619843,-0.209656730294228,-0.340123862028122,-0.089235745370388,-0.258333295583725,-0.210091814398766,0.256858557462692,-0.334856271743774,0.0910403430461884,-0.168145194649696,-0.0962813571095467,-0.272425174713135,-0.286786735057831,0.208496958017349,0.425556004047394,0.39668145775795,-0.176531210541725,-0.0941038504242897,0.437016189098358,0.208237290382385,0.359853088855743,0.113678611814976,-0.294222801923752,0.309147089719772,0.175888955593109,-0.286506414413452,0.480998694896698,0.0452335327863693,-0.175722256302834,-0.100789457559586,-0.374559253454208,-0.0975314900279045,-0.449531614780426,-0.144678473472595,-0.405659437179565,0.0890614539384842,-0.544654786586761,-0.348443746566772,-0.392250567674637,0.0880140066146851,0.0536779053509235,0.323185175657272,-0.384234488010406,0.0521557331085205,0.118481017649174,-0.413729071617126,-0.191232845187187,-0.444725602865219,-0.159226790070534,-0.527666211128235,-0.00991629716008902,0.131861329078674,-0.194901183247566,-0.154205456376076,0.0411819666624069,-0.311612218618393,-0.0905439257621765,0.271442532539368,0.0435595065355301,0.224464431405067,0.297658681869507,0.385586559772491,0.562003433704376,0.210486203432083,0.331319630146027,0.122484475374222,0.332678854465485,0.21175129711628,0.478267401456833,0.370792418718338,0.464093893766403,0.157740712165833,0.0180440582334995,0.393929004669189,1,0.223865061998367,0.413875788450241,0.0738391801714897,0.351489245891571,-0.402147859334946,0.421341001987457,0.656381666660309,0.0763412266969681,0.0449916943907738
-0.306608885526657,0.44937190413475,-0.352034211158752,0.181074663996696,-0.701989114284515,-0.418163567781448,-0.626291215419769,-0.0494634546339512,-0.485154896974564,0.534739911556244,-0.512121140956879,-0.422082871198654,0.384483397006989,0.155563965439796,0.0730149447917938,-0.501861751079559,-0.169805467128754,0.393260776996613,0.387869596481323,-0.591515898704529,-0.455548375844955,0.142113894224167,0.566002070903778,-0.628417253494263,0.0238074995577335,-0.49201637506485,-0.116459093987942,-0.634527504444122,0.300408840179443,-0.267881274223328,0.535858511924744,0.103457368910313,-0.0718044117093086,0.0913770794868469,-0.0560650564730167,0.400866240262985,0.549916386604309,0.510359406471252,0.443734556436539,0.251169294118881,0.47457367181778,0.450890630483627,-0.429826885461807,0.325047969818115,0.260404586791992,0.588344871997833,0.320312827825546,0.421893298625946,0.456973552703857,0.374831944704056,0.344843715429306,0.432182431221008,0.503018498420715,0.498083621263504,0.464295834302902,-0.47865092754364,-0.241340413689613,-0.560667932033539,-0.192257165908813,-0.051959190517664,0.435232251882553,-0.0337344482541084,-0.648604273796082,-0.190101832151413,-0.37371164560318,0.350172221660614,0.246342867612839,0.536590874195099,0.280888736248016,0.437295019626617,0.521335482597351,-0.295838475227356,0.365650326013565,0.574347019195557,0.629891812801361,0.531441807746887,-0.111619368195534,-0.715935409069061,0.209677919745445,0.477375775575638,0.229205578565598,-0.352821528911591,0.402903527021408,0.184637546539307,0.00986859295517206,-0.0962920039892197,-0.834651708602905,-0.11485943198204,-0.634864032268524,0.0350055508315563,0.52086865901947,0.192311257123947,-0.163255527615547,0.629028499126434,0.522416830062866,-0.0746563896536827,0.0138995042070746,-0.148748531937599,0.0768092423677444,-0.428848177194595,0.0412448570132256,0.425872713327408,-0.210558146238327,0.168808236718178,-0.270164728164673,0.16651476919651,0.423358589410782,0.5631964802742,0.308530181646347,0.337411314249039,0.336435079574585,-0.398870795965195,0.274669289588928,0.418129801750183,0.601888239383698,0.190258637070656,-0.263529658317566,0.157965615391731,0.133346632122993,0.314770072698593,-0.189916044473648,-0.309373080730438,0.19622477889061,-0.388592272996902,0.255973815917969,0.324822604656219,0.311151742935181,0.0338477119803429,0.448165386915207,0.393469452857971,0.150519520044327,0.211539626121521,0.525421261787415,0.653879165649414,0.548265397548676,0.4152812063694,0.539424061775208,0.128803387284279,0.446475356817245,-0.290324419736862,0.40889173746109,0.223496899008751,0.590582847595215,0.815870404243469,0.271959811449051,0.382035493850708,0.606058239936829,-0.166964203119278,0.350461721420288,0.44991472363472,0.12349658459425,-0.0614244863390923,-0.243641003966331,-0.302659958600998,-0.197578877210617,-0.122041657567024,-0.467583119869232,-0.468490064144135,-0.54899388551712,-0.502026677131653,-0.241878718137741,-0.454997777938843,-0.235921308398247,-0.620021402835846,-0.531604111194611,-0.464564681053162,-0.396194130182266,-0.23782317340374,-0.199660167098045,-0.0971047058701515,-0.0630743652582169,-0.388218641281128,0.0971880406141281,-0.592957019805908,-0.0216834247112274,-0.49264332652092,-0.375673115253448,-0.668474495410919,-0.388508915901184,0.375141054391861,-0.346400618553162,-0.439967155456543,-0.258607447147369,0.132397532463074,-0.00805213488638401,-0.382520496845245,-0.114126309752464,-0.382725983858109,-0.44158723950386,-0.13808785378933,-0.482549786567688,-0.553252935409546,-0.046226043254137,0.0259776022285223,-0.358366996049881,-0.366653263568878,-0.244298353791237,-0.461562812328339,-0.485178709030151,0.14677757024765,-0.241289928555489,-0.271512299776077,-0.703433275222778,0.129647180438042,-0.520940184593201,-0.151993587613106,-0.415879428386688,-0.317709684371948,0.17545959353447,-0.00192632561083883,-0.57778137922287,-0.750420570373535,0.0733262747526169,-0.551466941833496,-0.811754524707794,0.0542094223201275,-0.463446021080017,-0.813338220119476,0.503807306289673,0.545978188514709,-0.499422043561935,0.513819873332977,0.516692161560059,-0.0612538419663906,0.0852194800972939,-0.383785396814346,0.4798803627491,0.547455787658691,0.322688370943069,0.50158566236496,0.0392977371811867,0.411207377910614,0.0907348841428757,0.4850914478302,0.441157042980194,0.715888500213623,0.170557662844658,0.38099405169487,0.53688108921051,-0.0931838527321815,0.438274741172791,0.223865061998367,1,0.0200288835912943,-0.106949605047703,-0.194694444537163,-0.658058285713196,0.524255752563477,0.573590040206909,0.844707846641541,0.220153525471687
-0.106254234910011,-0.200248226523399,-0.0758880823850632,-0.624970197677612,0.629072964191437,0.665736198425293,0.629911959171295,-0.00749175157397985,0.705586731433868,0.0455259829759598,0.752934634685516,0.645678579807281,0.130605801939964,0.118236064910889,0.219583541154861,0.752987146377563,0.74406498670578,0.204672306776047,-0.186970785260201,0.568227648735046,0.749317824840546,0.236710593104362,0.438228160142899,0.550877869129181,0.539066910743713,0.0774420127272606,0.673832833766937,0.37937867641449,0.587929487228394,0.681637942790985,-0.477660208940506,-0.404709756374359,0.773306548595428,-0.419698506593704,-0.348876863718033,-0.298484414815903,-0.298859566450119,-0.278310805559158,-0.622447729110718,-0.51379930973053,0.106136798858643,-0.112189725041389,0.324374198913574,-0.347289562225342,0.298631489276886,-0.281164884567261,-0.580735325813293,-0.487707197666168,-0.466255754232407,-0.396879434585571,-0.627628564834595,-0.655133903026581,-0.470726698637009,-0.536890208721161,-0.571512758731842,0.475350737571716,0.632075130939484,0.594935894012451,0.769162058830261,-0.281793057918549,-0.273684650659561,0.70991188287735,0.448360651731491,0.572256326675415,0.558117628097534,0.348976463079453,0.518458843231201,-0.161888211965561,-0.593056499958038,0.405892640352249,-0.131814330816269,0.65998512506485,0.291195571422577,0.399022072553635,-0.0493464469909668,-0.541154384613037,0.76594740152359,0.404666185379028,-0.213034585118294,0.309725314378738,0.255739390850067,0.628552377223969,0.0144911212846637,0.640721917152405,0.480139672756195,0.452532142400742,0.350074678659439,-0.254595845937729,0.531951785087585,0.616954445838928,0.692698240280151,0.464990526437759,0.579426825046539,-0.617586612701416,-0.486443340778351,0.396645873785019,-0.103493601083755,0.501885771751404,0.140256494283676,0.450807601213455,0.257362961769104,0.675177156925201,0.490726202726364,0.225874304771423,-0.462059378623962,-0.611509442329407,-0.491863578557968,-0.590466678142548,-0.520500302314758,0.302359372377396,0.435581505298615,0.596675455570221,0.397140175104141,-0.547131836414337,0.343280762434006,-0.492956280708313,0.69043493270874,0.113149099051952,0.685778737068176,0.229430675506592,0.655948221683502,0.688894808292389,0.713801741600037,0.741245150566101,-0.450451642274857,0.509044647216797,-0.603730738162994,0.343873113393784,-0.441761672496796,0.280979603528976,0.0232244543731213,0.494399577379227,-0.36620020866394,0.302718341350555,0.0888972952961922,0.159906387329102,-0.646097004413605,0.488350719213486,-0.120613880455494,0.524977326393127,-0.226658195257187,0.279508739709854,0.164650529623032,0.0537362173199654,0.812627077102661,-0.419239073991776,-0.0310156922787428,0.153678521513939,0.180222511291504,-0.548168420791626,0.212577655911446,-0.462948679924011,-0.558136701583862,-0.147225201129913,-0.0239501446485519,-0.376808315515518,0.223751425743103,0.0368434153497219,0.0103162778541446,-0.0990176498889923,-0.139436453580856,-0.0407640486955643,-0.195653587579727,0.0442669354379177,0.0276313927024603,0.177540868520737,0.465073227882385,-3.65099258488044e-05,0.34842437505722,-0.303712338209152,-0.034293320029974,0.168731093406677,-0.150967285037041,0.0599430836737156,-0.619945704936981,0.33196035027504,-0.118047386407852,0.413687109947205,0.156677842140198,0.0967398881912231,0.0696152225136757,0.0693588405847549,0.0499712452292442,0.06772530823946,0.0169050879776478,0.451153874397278,0.40610682964325,0.547217309474945,0.202493444085121,0.0465765297412872,0.239454954862595,0.213046610355377,0.359931170940399,-0.11565089225769,0.0764115452766418,0.255322575569153,-0.103996232151985,-0.318166851997375,-0.0336495116353035,-0.693288266658783,-0.156524240970612,-0.259271919727325,0.217832639813423,-0.418480545282364,-0.251496702432632,-0.109742157161236,0.170150518417358,0.268243074417114,0.349417597055435,0.0564011819660664,0.22168205678463,0.284575343132019,-0.972320735454559,0.562985241413116,-0.104721151292324,0.146179676055908,-0.536709189414978,0.279900968074799,-0.138006865978241,-0.383409947156906,0.100940980017185,-0.142014965415001,-0.736122786998749,0.339227497577667,-0.432603448629379,-0.00662911450490355,-0.0447079688310623,-0.0242543295025826,0.58284604549408,0.191558986902237,0.483093589544296,0.322326332330704,0.368045836687088,0.0556730106472969,0.227628692984581,0.392651259899139,0.311135977506638,0.317627996206284,-0.0920046418905258,0.33891686797142,0.145273357629776,0.413875788450241,0.0200288835912943,1,-0.0799074918031693,0.139540269970894,-0.138259127736092,-0.219906598329544,0.412741959095001,-0.290497958660126,0.368700951337814
0.73286759853363,-0.867356061935425,0.684324026107788,-0.571594297885895,-0.0155468704178929,-0.265624821186066,0.190432697534561,-0.30635479092598,0.293900460004807,-0.831386744976044,0.055230014026165,-0.416422069072723,-0.899217665195465,-0.6422278881073,-0.558878719806671,-0.0588653609156609,-0.40317314863205,-0.2927385866642,-0.735627055168152,0.313585996627808,0.161403939127922,-0.645365297794342,-0.734236061573029,0.402529865503311,0.137009143829346,0.594657242298126,0.00495632039383054,0.302879989147186,-0.200834557414055,0.203337699174881,-0.539795875549316,-0.624940931797028,-0.575241088867188,-0.377827793359756,-0.457419693470001,-0.644676446914673,-0.69631016254425,-0.715924024581909,-0.45316618680954,-0.602657675743103,-0.877461194992065,-0.860685646533966,-0.0135774435475469,-0.511097848415375,-0.614358067512512,-0.676079630851746,-0.531435668468475,-0.58754575252533,-0.673818409442902,-0.641194760799408,-0.605512499809265,0.283667862415314,-0.603454887866974,-0.537497103214264,-0.438484877347946,-0.446922183036804,-0.605828166007996,-0.313035309314728,-0.148193001747131,-0.857729434967041,-0.771225810050964,-0.65438449382782,-0.0703093856573105,-0.547141492366791,-0.594638347625732,-0.757465898990631,-0.75640594959259,-0.776656448841095,-0.547920942306519,-0.832332253456116,-0.718995928764343,-0.547003626823425,-0.829271733760834,-0.618793189525604,-0.775614440441132,-0.513478755950928,-0.367058634757996,0.415703147649765,-0.69240391254425,-0.706440448760986,-0.547293603420258,0.142621412873268,-0.749411582946777,-0.594588220119476,0.0326210036873817,-0.531222105026245,0.179074019193649,0.614428281784058,-0.209678873419762,-0.53703498840332,-0.522509038448334,-0.777308702468872,-0.750654101371765,-0.162794455885887,-0.343328773975372,-0.292938143014908,-0.222612708806992,0.607500374317169,0.386092782020569,0.360356211662292,-0.307092636823654,-0.669194459915161,0.465070486068726,-0.617968857288361,-0.0279182270169258,-0.676216661930084,-0.563382148742676,-0.0740338414907455,-0.40490710735321,-0.856112420558929,-0.77637505531311,-0.0419340394437313,-0.816696584224701,-0.576921463012695,-0.612930178642273,-0.557998836040497,-0.590811312198639,-0.969296991825104,-0.396129876375198,-0.74278336763382,-0.475558370351791,-0.478123337030411,-0.648259520530701,-0.0954530388116837,-0.490842640399933,-0.814473628997803,-0.519455075263977,-0.472778916358948,-0.683856606483459,-0.747880458831787,-0.736970663070679,-0.745505154132843,-0.523590981960297,-0.273102521896362,-0.8435338139534,-0.837640404701233,-0.464820027351379,-0.330807715654373,-0.818891108036041,-0.519733190536499,-0.284590691328049,-0.493392676115036,-0.730356276035309,-0.437402218580246,-0.430064499378204,-0.615863859653473,-0.786999106407166,-0.00638240296393633,-0.858810245990753,-0.371887743473053,-0.433293372392654,-0.735349297523499,0.807999849319458,0.818477928638458,0.809889554977417,0.705085754394531,0.322154611349106,0.775641679763794,0.188487470149994,0.655070066452026,0.881530165672302,0.0613878220319748,0.0421229489147663,0.67937695980072,0.68682450056076,0.751101613044739,0.158515051007271,0.747590780258179,0.69968456029892,0.896341502666473,0.787833034992218,0.757865250110626,0.793639361858368,0.549641847610474,0.605061948299408,0.0411489494144917,0.908568739891052,0.416010141372681,0.687322378158569,0.208348333835602,0.61869078874588,0.426987290382385,0.494910299777985,0.775217592716217,0.821990251541138,0.457176953554153,0.654588460922241,-0.274915307760239,0.781665146350861,0.860870897769928,0.492174029350281,0.48861426115036,0.367724776268005,0.415464073419571,0.685329973697662,0.573373854160309,-0.826866865158081,-0.537628650665283,0.407048761844635,-0.414023756980896,-0.214691773056984,0.169347479939461,0.429145872592926,-0.539940297603607,-0.0934795588254929,-0.471479564905167,-0.00876692216843367,0.338408410549164,0.325163334608078,0.333199322223663,-0.139948323369026,0.177204549312592,-0.051553089171648,-0.225393623113632,0.270937114953995,0.384126335382462,0.253161370754242,0.191571623086929,0.0258842576295137,0.379560172557831,-0.387538373470306,0.672731995582581,-0.216355264186859,-0.801482200622559,-0.370995372533798,0.53216165304184,0.397250443696976,0.253529101610184,0.318807423114777,0.290511250495911,0.675407707691193,0.541504323482513,0.489798218011856,0.194719150662422,0.237445712089539,-0.0790656730532646,0.296215116977692,0.203066423535347,0.417206913232803,0.668690204620361,0.294463723897934,0.0738391801714897,-0.106949605047703,-0.0799074918031693,1,0.337087959051132,0.357024610042572,0.124648153781891,-0.17119312286377,-0.289978951215744,0.738992929458618
0.294460594654083,-0.563010573387146,0.337966293096542,-0.579367697238922,0.156060799956322,0.0975727364420891,0.303962498903275,-0.15650600194931,0.361934572458267,-0.58321213722229,0.241540938615799,0.0271054022014141,-0.402034223079681,0.349137991666794,-0.643540859222412,0.129957094788551,-0.212019294500351,-0.59313178062439,-0.676740884780884,0.29770302772522,0.0242179799824953,-0.386219620704651,-0.237584263086319,0.440632402896881,0.373059123754501,0.242444679141045,-0.18491318821907,0.126042693853378,-0.214711010456085,-0.0160255003720522,-0.028449883684516,-0.347040832042694,0.0404785647988319,0.191433891654015,0.0585101991891861,-0.151509061455727,-0.297981381416321,-0.199208855628967,-0.0691839531064034,-0.37479567527771,-0.529125213623047,-0.318544536828995,0.337291598320007,0.32985907793045,-0.754523396492004,-0.23515459895134,-0.179613590240479,-0.251785188913345,-0.375076562166214,-0.39496898651123,-0.482177734375,-0.145307451486588,-0.312276273965836,-0.25612872838974,0.0367597304284573,0.112694658339024,-0.0935634821653366,0.193163275718689,-0.170632794499397,-0.163604438304901,-0.100571148097515,-0.331172227859497,0.33750107884407,0.310287326574326,-0.226460799574852,-0.552018880844116,-0.590234100818634,-0.455442517995834,-0.67784857749939,-0.45738023519516,-0.493474453687668,-0.287230461835861,-0.603017389774323,-0.307778358459473,-0.225470125675201,-0.127198502421379,-0.272366732358932,0.277284741401672,-0.396466553211212,-0.613987028598785,-0.674011290073395,0.116712667047977,-0.605584800243378,-0.460710525512695,-0.257704257965088,-0.53646457195282,0.367015451192856,0.334961652755737,0.248890683054924,-0.378793001174927,-0.233487829566002,-0.393192321062088,-0.185792341828346,-0.417895913124084,-0.654020965099335,-0.282814681529999,-0.486464947462082,0.239089712500572,-0.438345789909363,0.209837570786476,-0.290529161691666,-0.304741054773331,-0.0365281030535698,-0.688968479633331,-0.199246764183044,-0.505087614059448,-0.232270553708076,-0.59487509727478,0.19052766263485,-0.522122263908386,-0.475734859704971,-0.0480077415704727,-0.435012608766556,-0.39734360575676,-0.589619159698486,-0.36944767832756,-0.328194499015808,-0.391978353261948,-0.0302450191229582,-0.129162564873695,-0.178965196013451,-0.119968473911285,-0.325220376253128,-0.134079843759537,-0.451930433511734,-0.406959116458893,-0.255367368459702,-0.492747128009796,-0.434925317764282,-0.227960139513016,-0.11593995988369,-0.382696241140366,-0.256632328033447,-0.473712027072906,-0.475066393613815,-0.428344190120697,-0.412228643894196,-0.358971357345581,-0.553438603878021,-0.377504706382751,-0.419507443904877,-0.618613243103027,-0.443445593118668,-0.325901538133621,-0.165303364396095,-0.218111425638199,-0.496673166751862,-0.457245916128159,-0.648418426513672,0.0488072521984577,-0.599543690681458,-0.235878556966782,0.195160895586014,0.264598339796066,0.353831887245178,0.0270527042448521,0.491983711719513,0.63768458366394,0.437829971313477,0.599388420581818,0.363780707120895,0.135180905461311,0.276076465845108,0.584818422794342,0.491304069757462,0.40477442741394,0.320949852466583,0.426234871149063,0.0565040707588196,0.239287078380585,0.0498157143592834,0.366728156805038,-0.0444754064083099,0.580862462520599,0.417823374271393,-0.370114833116531,0.354778915643692,-0.00600474188104272,0.367675304412842,-0.342244356870651,0.691851437091827,0.265409469604492,0.458953768014908,-0.0884064808487892,-0.0314834602177143,0.376970767974854,0.102244444191456,0.0443786457180977,0.578402519226074,0.129251331090927,0.674547374248505,0.664717435836792,0.0381078645586967,0.607187628746033,0.234191298484802,0.327405571937561,-0.539127469062805,-0.266109675168991,0.503798305988312,-0.348813742399216,-0.468417346477509,0.117513917386532,0.495205909013748,-0.581712305545807,-0.342798262834549,-0.422075092792511,0.0958468243479729,0.245086014270782,0.867433905601501,-0.24506576359272,-0.0600548014044762,0.461662381887436,-0.32207715511322,-0.0596446841955185,-0.172043666243553,0.106793008744717,-0.541616559028625,0.220112174749374,0.408730417490005,-0.0179350469261408,-0.403175085783005,0.243946775794029,-0.204602375626564,-0.603516697883606,-0.269491255283356,0.194577917456627,0.512727916240692,0.540129065513611,0.598336756229401,0.58278477191925,0.502918243408203,0.572165369987488,0.607020556926727,0.570756852626801,0.539384603500366,0.253476083278656,0.773206889629364,0.582688093185425,0.522223711013794,0.579011261463165,0.556146621704102,0.351489245891571,-0.194694444537163,0.139540269970894,0.337087959051132,1,0.0620963573455811,0.439077973365784,0.146205812692642,-0.11961368471384,0.197436079382896
0.40420264005661,-0.47105085849762,0.333895325660706,-0.322861939668655,0.218863666057587,-0.0202926062047482,0.531065881252289,-0.360478699207306,0.520984947681427,-0.619333982467651,0.352810621261597,0.247140660881996,-0.562591791152954,-0.573608756065369,-0.202722653746605,0.339477092027664,0.04122593998909,-0.520870506763458,-0.529711723327637,0.535383462905884,0.399318665266037,-0.727188766002655,-0.666840791702271,0.642880976200104,0.413574367761612,0.252099424600601,0.31034579873085,0.352558523416519,-0.0947997197508812,0.378445863723755,-0.583840012550354,-0.521957337856293,-0.243613481521606,-0.43541619181633,-0.485030084848404,-0.686959743499756,-0.740823328495026,-0.765688002109528,-0.474252969026566,-0.453657150268555,-0.660711705684662,-0.711650550365448,-0.0799475386738777,-0.566014587879181,-0.182205274701118,-0.7523193359375,-0.592760324478149,-0.643246352672577,-0.646509349346161,-0.642248928546906,-0.459323167800903,-0.450366228818893,-0.699290812015533,-0.654825150966644,-0.563287079334259,0.150883227586746,-0.055166881531477,0.254024386405945,0.177342161536217,-0.335375607013702,-0.657336592674255,-0.187735885381699,0.669628143310547,-0.118089385330677,0.217098027467728,-0.587962448596954,-0.413072854280472,-0.727816104888916,-0.41153272986412,-0.533304870128632,-0.802133023738861,0.0256471578031778,-0.538847208023071,-0.765961706638336,-0.665952146053314,-0.66799259185791,0.181484580039978,0.581299960613251,-0.568964660167694,-0.432122707366943,-0.140701174736023,0.528731822967529,-0.616566896438599,-0.304994583129883,0.108274258673191,0.0511404499411583,0.711519837379456,0.66753476858139,0.208263501524925,-0.0472606420516968,-0.48432782292366,-0.414206385612488,-0.276390880346298,-0.335546046495438,-0.15357917547226,0.0841186866164207,-0.438732296228409,0.41111558675766,0.559560775756836,0.688220083713531,-0.0395653322339058,-0.516345381736755,0.66047990322113,-0.284720331430435,0.431374847888947,-0.240622654557228,-0.629917323589325,-0.0797648578882217,-0.412971556186676,-0.589375853538513,-0.534355580806732,0.361315488815308,-0.61374706029892,-0.56525993347168,-0.491734951734543,-0.564462661743164,0.0681689158082008,-0.497508525848389,-0.109557241201401,-0.216849684715271,0.167045906186104,0.0122208362445235,-0.380045652389526,0.345602363348007,-0.343473821878433,-0.489454478025436,-0.581479251384735,-0.220403760671616,-0.654008269309998,-0.66746711730957,-0.690735161304474,-0.385187327861786,-0.785478532314301,-0.525248825550079,-0.725143194198608,-0.68144679069519,-0.535359025001526,-0.324248790740967,-0.563290596008301,-0.0710644796490669,-0.403451323509216,-0.491910696029663,-0.778973340988159,-0.887556135654449,-0.467413306236267,-0.709845304489136,-0.561813533306122,0.646945416927338,-0.514241814613342,-0.558801352977753,-0.597008109092712,-0.260339707136154,0.544006168842316,0.704408526420593,0.379046261310577,0.660691916942596,0.539198994636536,0.491705149412155,0.514726459980011,0.5538090467453,0.63242506980896,0.314763754606247,0.0538194291293621,0.47784349322319,0.756801009178162,0.789275527000427,0.447466820478439,0.346321821212769,0.403417676687241,0.469493448734283,0.652463495731354,0.419218242168427,0.518028855323792,0.602661311626434,0.287697851657867,0.514174580574036,0.631281614303589,0.745412051677704,0.338700085878372,0.147949576377869,0.134302601218224,0.634519994258881,-0.0825462862849236,0.464572459459305,0.56470513343811,0.537561595439911,0.535662889480591,0.403149217367172,0.428523331880569,0.562532007694244,0.233321979641914,0.298821240663528,0.636742055416107,0.260751515626907,0.818360328674316,0.142825052142143,-0.0595099590718746,0.3885777592659,0.813194036483765,-0.278070449829102,-0.13682048022747,-0.0162542164325714,0.65057760477066,-0.2705237865448,0.778694629669189,-0.374473065137863,0.710640072822571,0.759380042552948,-0.0178812798112631,0.701201736927032,-0.0967830568552017,0.691613256931305,-0.00498397275805473,0.506044983863831,0.485074490308762,0.667938232421875,0.442118346691132,0.270345449447632,0.0182531252503395,0.173434853553772,0.312102794647217,-0.271952837705612,-0.472227394580841,-0.176726579666138,-0.438135951757431,0.758097171783447,-0.390813082456589,-0.468423247337341,-0.361934393644333,-0.563740730285645,0.0245815142989159,-0.251051753759384,-0.10000641644001,-0.521136939525604,-0.438809305429459,-0.662630081176758,-0.394885927438736,-0.518838465213776,-0.477838635444641,0.0933974236249924,-0.532252848148346,-0.402147859334946,-0.658058285713196,-0.138259127736092,0.357024610042572,0.0620963573455811,1,-0.727477431297302,-0.88251781463623,-0.612310886383057,0.0370496101677418
0.0297430958598852,0.0488136559724808,0.0477822236716747,0.0776247382164001,-0.411931693553925,-0.333899617195129,-0.596753358840942,0.178695738315582,-0.537444710731506,0.0592212788760662,-0.550838768482208,-0.596812546253204,0.0134283052757382,0.467029094696045,-0.312104880809784,-0.615467667579651,-0.593915164470673,0.0510273166000843,0.0058757746592164,-0.560248374938965,-0.630544424057007,0.180851057171822,0.17616480588913,-0.520242810249329,-0.30291810631752,-0.0374729074537754,-0.682027518749237,-0.374735832214355,-0.350942462682724,-0.607826769351959,0.607093036174774,0.330413073301315,-0.259807080030441,0.579759061336517,0.48508819937706,0.550401091575623,0.502786338329315,0.541509747505188,0.577702701091766,0.317845076322556,0.0883249714970589,0.307821214199066,0.0629658401012421,0.663186609745026,-0.491497129201889,0.545286238193512,0.558926641941071,0.535375773906708,0.435315161943436,0.420032441616058,0.297477155923843,0.642858803272247,0.517156481742859,0.552516520023346,0.676807165145874,-0.481127470731735,-0.467838853597641,-0.519686579704285,-0.634796619415283,0.0760814771056175,0.452652335166931,-0.42406439781189,-0.668685257434845,-0.172628194093704,-0.71884560585022,-0.097943976521492,-0.306034624576569,0.291751325130463,0.139112964272499,-0.110147155821323,0.354496568441391,-0.611544907093048,-0.143139630556107,0.19756692647934,0.314558446407318,0.63970410823822,-0.704520404338837,-0.517651557922363,0.265083312988281,-0.175774917006493,-0.485019713640213,-0.668127655982971,0.0309004988521338,-0.383894234895706,-0.485221415758133,-0.671452403068542,-0.564447462558746,-0.183977708220482,-0.427079051733017,-0.564391314983368,-0.0694612413644791,-0.243548378348351,-0.313944905996323,0.39179864525795,0.00769994594156742,-0.536651432514191,0.0771379843354225,-0.344157159328461,-0.608655095100403,-0.637231826782227,-0.385550945997238,-0.108640789985657,-0.676756262779236,-0.247224405407906,-0.395361483097076,0.0768714174628258,0.549961268901825,0.0819835811853409,0.624033033847809,-0.0751904845237732,-0.143998116254807,-0.682288348674774,-0.0371656641364098,0.406203776597977,-0.12635400891304,0.323194086551666,-0.648487031459808,-0.046683456748724,-0.327399790287018,-0.131463408470154,-0.66424286365509,-0.514113903045654,-0.286280512809753,-0.745502889156342,0.0685016140341759,-0.173404335975647,0.525126874446869,-0.383846670389175,0.385033011436462,0.143518477678299,0.34977850317955,-0.254163682460785,0.568536818027496,0.037711638957262,0.184581458568573,0.108033917844296,0.425041437149048,-0.240241765975952,0.0588227733969688,-0.539708495140076,0.0974502712488174,-0.150608897209167,0.26042976975441,0.50993287563324,-0.0585234835743904,0.564812302589417,0.082083985209465,-0.874582588672638,-0.136314898729324,0.701144516468048,0.00681971339508891,0.099602960050106,0.0184583850204945,-0.197183817625046,0.049994420260191,-0.27843701839447,-0.258325457572937,0.0669493302702904,-0.203273922204971,0.0351971425116062,-0.0780356451869011,-0.126984789967537,0.245081797242165,0.00402383180335164,-0.266139686107635,-0.390844523906708,-0.401325047016144,0.0923756957054138,-0.27590000629425,0.0256256479769945,-0.340768665075302,-0.0898771658539772,-0.22035177052021,-0.110452428460121,0.36419489979744,-0.796159684658051,-0.111685380339622,-0.76207047700882,-0.027164513245225,-0.321670114994049,0.36154568195343,-0.347274869680405,0.438458472490311,-0.271382361650467,-0.310666412115097,-0.384052187204361,-0.362133413553238,-0.619963228702545,0.0252229478210211,-0.236957281827927,0.172211334109306,0.106800027191639,-0.592488884925842,0.206608772277832,-0.444712847471237,0.0570717044174671,-0.3953517973423,-0.553891897201538,-0.401426464319229,0.183700829744339,-0.209837898612022,0.0756510272622108,-0.402151733636856,-0.0833727419376373,-0.742149949073792,-0.042024701833725,-0.67473179101944,-0.592943251132965,0.392917454242706,-0.666286408901215,-0.0856059715151787,-0.520120739936829,0.212651953101158,-0.822117149829865,-0.476658999919891,-0.451420366764069,-0.400227546691895,-0.242110028862953,0.3306705057621,0.173543080687523,-0.700321555137634,0.627662181854248,0.554089963436127,-0.443384081125259,0.389397859573364,-0.372066020965576,0.783421337604523,0.824891626834869,0.496634602546692,0.842463433742523,0.232191473245621,0.56701397895813,0.39945724606514,0.83325868844986,0.682748138904572,0.62999016046524,0.694331526756287,0.732861399650574,0.843802630901337,0.24080827832222,0.819615721702576,0.421341001987457,0.524255752563477,-0.219906598329544,0.124648153781891,0.439077973365784,-0.727477431297302,1,0.700114250183105,0.620518207550049,0.140824183821678
-0.202430576086044,0.221081331372261,-0.217005625367165,-0.114551976323128,0.0279074069112539,0.0709421634674072,-0.345078259706497,0.289985299110413,-0.258585214614868,0.356948912143707,-0.184849932789803,-0.14844685792923,0.289527148008347,0.497886121273041,0.162773460149765,-0.195421919226646,-0.0437968112528324,0.419448643922806,0.147367373108864,-0.373925745487213,-0.175161823630333,0.567078173160553,0.667416453361511,-0.361590385437012,-0.0892048850655556,-0.148833438754082,-0.262866854667664,-0.200016036629677,0.00156680855434388,-0.249395281076431,0.371428251266479,0.341410279273987,0.265335917472839,0.326628983020782,0.343156337738037,0.54993212223053,0.519824326038361,0.527056515216827,0.277940839529037,0.256188988685608,0.437195360660553,0.424997001886368,0.173150554299355,0.353729635477066,-0.0163772366940975,0.548946022987366,0.327454805374146,0.402867168188095,0.351560652256012,0.434925049543381,0.139239147305489,0.186877325177193,0.3852918446064,0.333952575922012,0.365379214286804,-0.21891625225544,0.00629932479932904,-0.196661293506622,-0.121993869543076,0.0261324513703585,0.3834627866745,0.28532412648201,-0.497669547796249,0.12156093865633,-0.222966492176056,0.371948719024658,0.327153950929642,0.397785872220993,0.0497978962957859,0.382986694574356,0.52195155620575,-0.0408024601638317,0.322408467531204,0.578237652778625,0.395105868577957,0.382649451494217,-0.0923972725868225,-0.432760179042816,0.439606696367264,0.334723860025406,-0.119980737566948,-0.346763968467712,0.290033727884293,0.209242254495621,-0.224075004458427,-0.203317642211914,-0.410345464944839,-0.590345144271851,-0.182072877883911,-0.0300260093063116,0.476845026016235,0.235529944300652,0.20473612844944,0.179250583052635,-0.0145967165008187,-0.261148750782013,0.155532121658325,-0.236577421426773,-0.410242736339569,-0.486489742994308,-0.238859221339226,0.504392385482788,-0.4228855073452,0.316133350133896,-0.769094705581665,-0.0374525934457779,0.42909637093544,-0.0793112963438034,0.314826190471649,0.377849251031876,0.346496164798737,-0.359351009130478,0.476482272148132,0.277869313955307,0.324189990758896,0.148054033517838,0.0175379775464535,0.270983219146729,0.117840513586998,0.0854680463671684,-0.181321412324905,0.0400479584932327,0.337028205394745,-0.239730477333069,-0.134387463331223,0.363652139902115,0.310536235570908,-0.0423036850988865,0.326808393001556,0.439082682132721,0.49919056892395,0.258646339178085,0.44458857178688,0.360815316438675,0.490117758512497,0.432386934757233,0.16232393682003,0.167481482028961,0.204328507184982,-0.0467220954596996,-0.0271224845200777,0.262250065803528,0.627636611461639,0.661113798618317,0.640586256980896,0.477000623941422,0.258331656455994,-0.694495499134064,0.305247783660889,0.421654850244522,0.412998080253601,-0.00201074918732047,-0.520877480506897,-0.43322479724884,-0.202816128730774,-0.700687229633331,-0.265775918960571,-0.156613022089005,-0.28265106678009,-0.220253050327301,-0.380735576152802,-0.0393278561532497,0.185786321759224,-0.188025891780853,-0.448552548885345,-0.496569275856018,-0.183501318097115,-0.149242296814919,-0.144351616501808,-0.42578336596489,-0.518362164497375,-0.204752624034882,-0.467207968235016,-0.231762930750847,-0.276672273874283,-0.43371656537056,-0.410004109144211,-0.526108026504517,-0.131255760788918,-0.314384341239929,0.173268899321556,-0.37630495429039,0.38262951374054,-0.344687342643738,-0.427725911140442,-0.260410517454147,-0.154655262827873,-0.191491469740868,-0.0790800526738167,-0.393840551376343,0.14496998488903,0.0508920289576054,-0.48992446064949,-0.144548282027245,-0.527598023414612,0.0619951859116554,-0.141148701310158,-0.649457454681396,-0.690386891365051,-0.19131937623024,-0.184821605682373,-0.28980553150177,-0.509562373161316,-0.195649012923241,-0.705341100692749,0.0268015284091234,-0.603206932544708,-0.576629638671875,0.249970227479935,-0.654739499092102,0.206608980894089,-0.509236991405487,-0.326685309410095,-0.44539475440979,-0.498864442110062,-0.470671832561493,-0.56664901971817,-0.0781510695815086,0.0877838879823685,-0.144401982426643,-0.484943836927414,0.345603376626968,0.0999745056033134,0.142416328191757,0.369468480348587,-0.412455201148987,0.55397641658783,0.615724682807922,0.63978773355484,0.775382518768311,0.316140532493591,0.525561809539795,0.393139064311981,0.681969046592712,0.633210301399231,0.849522233009338,0.614660203456879,0.770503461360931,0.516273200511932,0.184983432292938,0.72894412279129,0.656381666660309,0.573590040206909,0.412741959095001,-0.17119312286377,0.146205812692642,-0.88251781463623,0.700114250183105,1,0.509579420089722,0.218515247106552
-0.210122317075729,0.626827299594879,-0.297973215579987,0.375473976135254,-0.773173630237579,-0.51153165102005,-0.843223690986633,0.211263328790665,-0.750713348388672,0.564583957195282,-0.768407106399536,-0.443512588739395,0.409374892711639,0.409348696470261,0.192866787314415,-0.725842893123627,-0.462931334972382,0.355057805776596,0.382420241832733,-0.881812036037445,-0.691318273544312,0.172469288110733,0.519479513168335,-0.824462473392487,-0.0529913939535618,-0.500378370285034,-0.534591853618622,-0.664933800697327,-0.118279978632927,-0.588889598846436,0.862595856189728,0.470441877841949,-0.234684497117996,0.549101173877716,0.366417795419693,0.737984299659729,0.786536335945129,0.737889111042023,0.820213675498962,0.562238752841949,0.525806963443756,0.594330132007599,-0.292334496974945,0.598750293254852,0.0292712543159723,0.815230309963226,0.683102130889893,0.758138239383698,0.71911746263504,0.653770327568054,0.644385576248169,0.435419708490372,0.697778880596161,0.766604721546173,0.791575074195862,-0.596294581890106,-0.411872744560242,-0.614946961402893,-0.526317000389099,0.252560257911682,0.636003434658051,-0.156133025884628,-0.679626643657684,-0.291715860366821,-0.48118856549263,0.190732851624489,0.114415414631367,0.600092768669128,0.477319866418839,0.325326055288315,0.595072388648987,-0.445181459188461,0.279553323984146,0.354716002941132,0.667503237724304,0.789976894855499,-0.393290609121323,-0.873348295688629,0.447919338941574,0.334429025650024,-0.0288676228374243,-0.695351779460907,0.32124200463295,-0.0704074427485466,-0.410302966833115,-0.30175855755806,-0.777648627758026,-0.237047016620636,-0.712834775447845,-0.264915972948074,0.284758359193802,0.0151315787807107,-0.235215753316879,0.852251827716827,0.634583652019501,-0.437551856040955,0.00998903717845678,-0.600228250026703,-0.143760219216347,-0.732060372829437,-0.246080666780472,0.212671548128128,-0.53801017999649,0.261156380176544,-0.238424152135849,0.538337111473083,0.743045568466187,0.658246338367462,0.746214151382446,0.277246117591858,0.194745719432831,-0.725568890571594,0.183946147561073,0.6407071352005,0.352139741182327,0.342271476984024,-0.368165671825409,0.292602807283401,-0.214109033346176,0.399459809064865,-0.411069244146347,-0.52416855096817,-0.0435396879911423,-0.705637454986572,0.271237790584564,0.204948708415031,0.659214437007904,-0.22093191742897,0.647045373916626,0.257196307182312,0.379613548517227,0.00729451002553105,0.600026786327362,0.260258167982101,0.578005790710449,0.364596605300903,0.71333235502243,-0.269966810941696,0.485446602106094,-0.492212474346161,0.249379113316536,-0.0489546172320843,0.551145911216736,0.668081760406494,0.0436293557286263,0.68752110004425,0.605871856212616,-0.360400527715683,0.314508438110352,0.783626139163971,-0.0270665120333433,0.23726412653923,-0.257944643497467,-0.338813602924347,-0.221198469400406,-0.295442044734955,-0.559265196323395,-0.401731997728348,-0.482495695352554,-0.335382580757141,-0.255125969648361,-0.252845406532288,0.0585246905684471,-0.510080873966217,-0.557497978210449,-0.606939196586609,-0.600220620632172,-0.205715924501419,-0.37959286570549,-0.200664520263672,-0.33497628569603,-0.454385966062546,-0.174387857317924,-0.45860031247139,0.205500021576881,-0.748031437397003,-0.410059541463852,-0.8834068775177,-0.399764150381088,-0.0438968054950237,-0.204102367162704,-0.531693637371063,-0.102312594652176,-0.185904681682587,-0.314312219619751,-0.669626772403717,-0.333520352840424,-0.496685028076172,-0.448049336671829,-0.33338275551796,-0.342474460601807,-0.398645728826523,-0.316906243562698,-0.0750414878129959,-0.473540723323822,-0.377333492040634,-0.0766334757208824,-0.328831166028976,-0.531785011291504,0.297067940235138,-0.394764572381973,-0.373817890882492,-0.861942112445831,0.165915876626968,-0.30671563744545,-0.129596188664436,-0.530388116836548,-0.539836406707764,0.104880899190903,-0.23022748529911,-0.410820305347443,-0.813716053962708,0.34989321231842,-0.730389058589935,-0.755050361156464,-0.0850019827485085,-0.343311339616776,-0.722933292388916,0.626651465892792,0.575105488300323,-0.629082441329956,0.429838061332703,0.702992916107178,0.0229983404278755,0.411357492208481,-0.299269497394562,0.577500879764557,0.661702692508698,0.190559163689613,0.510054290294647,-0.115622624754906,0.311242252588272,0.0880333781242371,0.610461175441742,0.502363324165344,0.692290008068085,0.205020174384117,0.435523748397827,0.53508472442627,-0.16345477104187,0.504897058010101,0.0763412266969681,0.844707846641541,-0.290497958660126,-0.289978951215744,-0.11961368471384,-0.612310886383057,0.620518207550049,0.509579420089722,1,-0.0206639934331179
0.716126203536987,-0.629621386528015,0.674402713775635,-0.643602430820465,0.025408448651433,0.0837789326906204,0.217557549476624,0.0894512087106705,0.358575105667114,-0.427012860774994,0.198199450969696,-0.0504587776958942,-0.531703293323517,-0.333641797304153,-0.040738683193922,0.153997614979744,-0.0883656814694405,0.260341137647629,-0.58257931470871,0.227884575724602,0.433881938457489,-0.293307930231094,-0.291903913021088,0.309984028339386,0.420629560947418,0.594352900981903,0.204875200986862,0.451743632555008,0.135473251342773,0.4875807762146,-0.42278727889061,-0.568869888782501,-0.160083428025246,-0.264615297317505,-0.362652450799942,-0.464494585990906,-0.501937448978424,-0.552076458930969,-0.46210765838623,-0.688205420970917,-0.48185521364212,-0.609348475933075,0.264925509691238,-0.512295484542847,-0.336725234985352,-0.485277324914932,-0.509324491024017,-0.468016445636749,-0.585972428321838,-0.564912557601929,-0.62088942527771,0.0398201234638691,-0.590107917785645,-0.43567556142807,-0.492501378059387,-0.401928424835205,-0.375837862491608,-0.104281850159168,0.195869356393814,-0.797791242599487,-0.693060457706451,-0.279208064079285,-0.0945615395903587,-0.419347196817398,-0.402455359697342,-0.397026717662811,-0.282365322113037,-0.559845864772797,-0.591105937957764,-0.394260823726654,-0.484370976686478,-0.199855789542198,-0.420260488986969,-0.227071017026901,-0.521284818649292,-0.501426637172699,-0.030342623591423,0.365052819252014,-0.644128382205963,-0.399866789579391,-0.292086988687515,0.106848329305649,-0.551945805549622,-0.116009540855885,0.246666073799133,-0.210773751139641,0.0201825443655252,0.171044796705246,-0.110810473561287,-0.252441465854645,0.0948433503508568,-0.449177354574203,-0.423525810241699,-0.11013550311327,-0.365976691246033,-0.260500311851501,-0.0270019918680191,0.514677584171295,0.460578382015228,0.180341377854347,-0.143412962555885,-0.164294227957726,0.518585026264191,-0.239868998527527,-0.23142746090889,-0.686747848987579,-0.534529983997345,-0.121481075882912,-0.393247038125992,-0.451793253421783,-0.314474612474442,0.0556773953139782,-0.483001053333282,-0.655877411365509,-0.246420741081238,-0.632670879364014,-0.245219141244888,-0.650187015533447,-0.199737578630447,-0.268557280302048,-0.18086701631546,-0.345276564359665,-0.184326171875,0.0920089185237885,-0.533862829208374,-0.327914476394653,-0.529648423194885,-0.208060935139656,-0.633334934711456,-0.513200640678406,-0.398371994495392,-0.472863674163818,-0.517386794090271,-0.0702824965119362,-0.464526772499084,-0.574623644351959,-0.515204131603241,-0.208303958177567,-0.561986863613129,-0.313645094633102,-0.194312036037445,-0.332242339849472,-0.424324035644531,-0.150041863322258,0.00334752281196415,-0.52715528011322,-0.449138760566711,0.0720372796058655,-0.548112034797668,-0.438071876764297,-0.247084841132164,-0.948569893836975,0.242160573601723,0.471765279769897,0.810592830181122,0.285271197557449,-0.0633279830217361,0.55943238735199,-0.275404155254364,0.353040516376495,0.660816252231598,-0.238012671470642,-0.230833411216736,0.493709564208984,0.302194714546204,0.508659899234772,-0.0787629261612892,0.777817368507385,0.876659274101257,0.649206697940826,0.531873404979706,0.776225507259369,0.58452445268631,0.272014021873474,0.353747516870499,-0.144855216145515,0.66261750459671,0.297243416309357,0.750597834587097,0.250924378633499,0.546845495700836,-0.0144935203716159,0.436322748661041,0.731783151626587,0.637918293476105,0.204053163528442,0.687553882598877,-0.301528811454773,0.687657296657562,0.803199350833893,0.440878450870514,0.438650816679001,0.480494111776352,-0.0206446684896946,0.419184625148773,0.718063592910767,-0.864238023757935,-0.851157069206238,0.0239882785826921,-0.622605800628662,-0.462192445993423,-0.0907826870679855,0.0437410362064838,-0.561215698719025,-0.300072997808456,-0.40224152803421,-0.296350866556168,0.117288678884506,0.435592353343964,0.29946431517601,-0.0494590811431408,-0.137622222304344,-0.434783548116684,-0.146974921226501,0.0553069300949574,0.401661366224289,-0.0524520240724087,0.139836996793747,0.100733742117882,0.392808884382248,-0.602126598358154,0.776903510093689,-0.2945476770401,-0.419440865516663,-0.476725906133652,0.349038392305374,0.596871614456177,0.472107172012329,0.715423703193665,0.503410816192627,0.920213341712952,0.81270706653595,0.796175420284271,0.449850618839264,0.613226592540741,0.412278890609741,0.518119513988495,0.533759534358978,0.554450869560242,0.85540783405304,0.554563462734222,0.0449916943907738,0.220153525471687,0.368700951337814,0.738992929458618,0.197436079382896,0.0370496101677418,0.140824183821678,0.218515247106552,-0.0206639934331179,1
